Time (s),W,X,Y,Z
0.021372318,0.0004309882,0.1369638,0.9790722,-0.1388746
0.053932190,0.0004037691,0.1369161,0.9790825,-0.1388492
0.088996887,0.0003772968,0.1369072,0.9790851,-0.1388391
0.121557236,0.0004133987,0.1369993,0.9790688,-0.1388641
0.154117107,0.0004571608,0.1370253,0.9790567,-0.1389221
0.189177513,0.0004640123,0.1370548,0.9790475,-0.1389591
0.221737385,0.0004710404,0.1371664,0.9790407,-0.1388962
0.254297733,0.0004553413,0.1372128,0.9790464,-0.1388107
0.289362431,0.0004516674,0.1372545,0.9790577,-0.13869
0.321921825,0.0004008838,0.1371615,0.9790758,-0.1386536
0.354481697,0.000392961,0.1371746,0.979072,-0.1386683
0.387038231,0.0004190717,0.1371639,0.9790657,-0.1387226
0.422102928,0.0004371039,0.1369947,0.9790766,-0.1388126
0.454662800,0.0004144349,0.1367656,0.9790999,-0.1388738
0.487222195,0.0004181921,0.1365873,0.9791263,-0.1388637
0.522287369,0.0003752504,0.1365571,0.9791415,-0.138786
0.554847241,0.0003517609,0.1365409,0.97916,-0.1386719
0.587403298,0.0003531408,0.1365099,0.9791614,-0.1386921
0.622467518,0.0003401593,0.1365338,0.9791591,-0.1386848
0.655028343,0.0003323944,0.136509,0.9791714,-0.1386227
0.687587738,0.0003448793,0.1365538,0.9791712,-0.1385802
0.722652435,0.0003173017,0.1366862,0.9791461,-0.1386275
0.755212307,0.0003187593,0.1367238,0.9791315,-0.1386931
0.787768841,0.0003255815,0.1367413,0.9791181,-0.1387699
0.822833061,0.0003694126,0.1367558,0.9790987,-0.1388926
0.855392933,0.0004148711,0.1368237,0.9790853,-0.1389195
0.887953281,0.0004042129,0.1367396,0.9791023,-0.1388829
0.920513153,0.0003777728,0.1365351,0.9791497,-0.13875
0.955577850,0.0003337719,0.1365248,0.9791703,-0.1386144
0.988133430,0.0002935242,0.1364801,0.9791809,-0.1385839
1.020694256,0.0002918327,0.1364735,0.979179,-0.1386036
1.055758476,0.0003423903,0.1366734,0.9791343,-0.1387229
1.088318348,0.000349581,0.1367159,0.9791067,-0.1388761
1.120878220,0.0003808599,0.1367036,0.9790928,-0.1389855
1.155943394,0.0004111081,0.1367103,0.9790882,-0.1390109
1.188498974,0.0004162437,0.1367325,0.9790927,-0.1389576
1.221058846,0.0004105317,0.1367246,0.9791068,-0.1388668
1.253618717,0.0004073732,0.1366814,0.9791116,-0.1388749
1.288683891,0.0003470932,0.1366296,0.9791104,-0.1389344
1.321243763,0.000360448,0.1365916,0.9791223,-0.1388883
1.353803635,0.0003891354,0.1365426,0.9791358,-0.1388401
1.388864040,0.0003771817,0.1364639,0.9791479,-0.1388321
1.421424389,0.0003537501,0.1363433,0.9791567,-0.138889
1.453984261,0.0003577866,0.136216,0.9791619,-0.1389782
1.489048481,0.0003940375,0.1362254,0.979143,-0.139102
1.521608353,0.0003991336,0.1363025,0.9791206,-0.139183
1.554169178,0.0003948182,0.136312,0.9791228,-0.1391587
1.589229584,0.0003751878,0.1362009,0.9791536,-0.139051
1.621789456,0.0003541929,0.1360432,0.9791898,-0.1389498
1.654348850,0.0003240126,0.1359616,0.9792102,-0.1388863
1.689414024,0.0002789576,0.1358175,0.9792339,-0.1388607
1.721973896,0.0002644186,0.1356688,0.9792451,-0.1389268
1.754533768,0.0002981695,0.1356303,0.9792423,-0.1389836
1.787090301,0.0003022308,0.1354621,0.979257,-0.1390444
1.822154522,0.0002658897,0.1352482,0.9792852,-0.1390543
1.854714394,0.0002244948,0.1350319,0.9793212,-0.1390111
1.887274265,0.0001839884,0.1347997,0.9793668,-0.1389151
1.922339439,0.0001474982,0.1346076,0.9794093,-0.1388011
1.954899311,0.0001558786,0.1345455,0.9794201,-0.138785
1.987455368,0.0001646162,0.1346194,0.9793997,-0.1388575
2.022519588,0.0001822902,0.1348049,0.9793694,-0.1388915
2.055079937,0.0002311597,0.1350467,0.979338,-0.1388776
2.087639809,0.0002251107,0.1349679,0.9793507,-0.1388649
2.122704506,0.0001781902,0.1348432,0.9793687,-0.1388589
2.155264378,0.0001738828,0.1347712,0.9793792,-0.1388553
2.187820435,0.0001667819,0.1346732,0.9793857,-0.138904
2.220380306,0.0001876565,0.1346435,0.9793828,-0.1389545
2.255445004,0.0001733357,0.1346867,0.9793697,-0.1390036
2.288004875,0.0002597933,0.1348042,0.9793612,-0.1389494
2.320565224,0.0005951477,0.1348106,0.9793732,-0.138859
2.355629444,0.0007567796,0.134511,0.9794158,-0.1388471
2.388185501,0.0006932808,0.1344593,0.9794438,-0.1386997
2.420745850,0.0004666902,0.1345756,0.9794636,-0.1384479
2.455810547,0.0003746467,0.1349098,0.9794059,-0.1385314
2.488370419,0.0005235565,0.1351165,0.979315,-0.1389709
2.520930290,0.0006996284,0.1352844,0.9792308,-0.1394008
2.555994988,0.0007106386,0.1353884,0.9792023,-0.1394995
2.588551045,0.0006116196,0.1353437,0.9792719,-0.1390536
2.621110916,0.0005397917,0.1354649,0.9793546,-0.1383514
2.653670788,0.0004252387,0.1357557,0.9794047,-0.1377114
2.688735962,0.0002778457,0.135943,0.9794485,-0.1372149
2.721295357,0.000236466,0.1361366,0.9794458,-0.1370417
2.753855228,0.000272359,0.1363149,0.9794139,-0.1370921
2.788915634,0.0003733461,0.1364218,0.9793618,-0.1373574
2.821476459,0.0005210617,0.1364077,0.979303,-0.1377895
2.854036331,0.0006384327,0.1363263,0.9792281,-0.1384001
2.889100552,0.0007449805,0.1361827,0.9791777,-0.1388975
2.921660900,0.000760001,0.1361378,0.9791687,-0.1390043
2.954220772,0.0006732198,0.1361078,0.9792079,-0.1387579
2.989285469,0.0004390111,0.1360751,0.9792885,-0.1382216
3.021841049,0.000196203,0.1361161,0.9793562,-0.1377009
3.054401875,-2.793844E-05,0.1362498,0.9794139,-0.1371569
3.086961269,-0.0002955284,0.1364135,0.9794719,-0.1365784
3.122025967,-0.000623428,0.1364691,0.9795542,-0.1359304
3.154585838,-0.0008283355,0.1365156,0.9796058,-0.1355101
3.187146187,-0.00103718,0.136561,0.9795896,-0.1355796
3.222206593,-0.0006848457,0.13699,0.9795789,-0.1352265
3.254766464,-0.0008066156,0.1372345,0.9796141,-0.1347211
3.287326813,-0.001678084,0.1372599,0.9798076,-0.1332731
3.322391510,-0.002853032,0.1374447,0.980095,-0.1309283
3.354951382,-0.0034893,0.1378917,0.9802788,-0.1290536
3.387511253,-0.003585402,0.138441,0.9803129,-0.1282006
3.422572136,-0.00338088,0.1386346,0.980296,-0.1281271
3.455132008,-0.002985662,0.1385209,0.9801992,-0.1289978
3.487691879,-0.002527882,0.1384805,0.9800118,-0.130466
3.520251751,-0.002517546,0.1385405,0.9798347,-0.1317273
3.555316925,-0.0028601,0.1385714,0.9797849,-0.1320572
3.587876797,-0.003314443,0.1383487,0.9797856,-0.1322747
3.620432377,-0.003988694,0.1382813,0.9798886,-0.1315609
3.655497551,-0.00498963,0.1385751,0.980117,-0.1295007
3.688057423,-0.006030038,0.1388771,0.9803637,-0.1272458
3.720617294,-0.006928248,0.1393854,0.9805866,-0.1249046
3.755681515,-0.007744982,0.1400236,0.9808129,-0.1223407
3.788242340,-0.008322925,0.1410251,0.9809851,-0.1197441
3.820797920,-0.009081863,0.1418734,0.9812166,-0.1167531
3.855862617,-0.009554968,0.1418455,0.9813087,-0.1159728
3.888422966,-0.009615825,0.1415927,0.9811596,-0.1175273
3.920982838,-0.00983527,0.141688,0.9811485,-0.117486
3.953542709,-0.0101644,0.1422851,0.9812433,-0.1159348
3.988603115,-0.01013171,0.142717,0.9812751,-0.1151348
4.021163464,-0.009798812,0.1422576,0.9812119,-0.1162653
4.053723335,-0.009358336,0.1417376,0.9810473,-0.118308
4.088787556,-0.008282148,0.1414737,0.980783,-0.1208678
4.121347427,-0.007751517,0.1415612,0.9806362,-0.1219864
4.153907776,-0.007840434,0.141801,0.9806615,-0.1214978
4.188972473,-0.008022591,0.141914,0.980751,-0.1206281
4.221528053,-0.008356059,0.1415871,0.9808745,-0.119984
4.254088879,-0.00882243,0.1414174,0.9809921,-0.1191861
4.289153099,-0.00928671,0.1415912,0.9811206,-0.1178797
4.321712971,-0.009687767,0.1417199,0.9812647,-0.1164858
4.354273319,-0.01033425,0.1419279,0.9814342,-0.114736
4.389338017,-0.01067301,0.142202,0.9815302,-0.1135376
4.421893597,-0.01049537,0.1424534,0.9815127,-0.1133907
4.454453468,-0.01022101,0.1426317,0.9814066,-0.1141081
4.487014294,-0.01009642,0.1427643,0.9812859,-0.1149875
4.522078514,-0.01017757,0.1428522,0.9812451,-0.1152197
4.554638386,-0.01047306,0.1429801,0.9813111,-0.1144693
4.587198258,-0.01110376,0.143131,0.9814476,-0.1130417
4.622259140,-0.01223547,0.143248,0.981678,-0.1107533
4.654819012,-0.01431201,0.1434191,0.9820276,-0.1071241
4.687378883,-0.01745707,0.143846,0.9825647,-0.1009843
4.722444057,-0.02254936,0.1447061,0.9833219,-0.09087004
4.755003929,-0.02778082,0.1455655,0.9840325,-0.07966572
4.787563801,-0.03171642,0.1465221,0.9845945,-0.06875001
4.822624207,-0.03451484,0.1478045,0.9849964,-0.05807107
4.855184555,-0.03672075,0.1490277,0.9851874,-0.04975886
4.887744427,-0.03838707,0.1503516,0.9852046,-0.04382273
4.920304298,-0.03864447,0.1512578,0.985144,-0.04179389
4.955369472,-0.03811015,0.1519481,0.9850627,-0.04169731
4.987929344,-0.03788252,0.1525669,0.9849736,-0.04174785
5.020484924,-0.03787464,0.153232,0.9848981,-0.04109839
5.055549622,-0.0380027,0.1536795,0.9848652,-0.04008057
5.088109970,-0.03873345,0.1541038,0.9848461,-0.03817819
5.120669842,-0.04039356,0.1547093,0.9848037,-0.03496762
5.155734062,-0.04312329,0.1555444,0.9846991,-0.0306897
5.188294888,-0.04615805,0.1563814,0.9846011,-0.0245466
5.220850468,-0.04989458,0.1574335,0.9844294,-0.01586111
5.255915165,-0.05571416,0.158498,0.9840616,-0.004955443
5.288475037,-0.06192933,0.1585556,0.9836635,0.007663744
5.321035385,-0.06778029,0.1564822,0.9833815,0.02253371
5.353595257,-0.07233111,0.152027,0.9834512,0.03327536
5.388659477,-0.07519203,0.1462087,0.9841605,0.03201396
5.421216011,-0.07873629,0.1401949,0.9850491,0.0212596
5.453775883,-0.08546098,0.1336042,0.9856207,0.005076956
5.488840103,-0.09329505,0.1242716,0.9859444,-0.01984788
5.521399975,-0.104529,0.1149086,0.9850271,-0.04710594
5.553960800,-0.1214584,0.1045262,0.9826774,-0.07276593
5.589025021,-0.1417955,0.09028912,0.9791623,-0.09803424
5.621581078,-0.1611964,0.07643098,0.9750218,-0.1188867
5.654141426,-0.1771862,0.0678833,0.9704131,-0.1375605
5.689205646,-0.1992233,0.05886592,0.9643179,-0.1535038
5.721765518,-0.2227301,0.06889871,0.9579555,-0.156822
5.754325390,-0.2256279,0.07909989,0.9606689,-0.1287559
5.786885738,-0.2135249,0.07791349,0.9670501,-0.09888529
5.821946621,-0.19944,0.07895766,0.9710492,-0.08763807
5.854506016,-0.1875175,0.08189552,0.9732248,-0.08712877
5.887066841,-0.1829936,0.08383438,0.9740272,-0.08592942
5.922131062,-0.1860667,0.08405557,0.9739978,-0.07918219
5.954690933,-0.1917608,0.08629187,0.9733555,-0.07062778
5.987251282,-0.1970563,0.09067205,0.9724885,-0.0619778
6.022312164,-0.2014491,0.09648818,0.9714636,-0.05472062
6.054871559,-0.2028628,0.1008379,0.9708695,-0.05213914
6.087431431,-0.2019202,0.1036895,0.970745,-0.05252233
6.122496605,-0.2006271,0.1059993,0.9707019,-0.05365136
6.155056477,-0.2001044,0.1088845,0.9704646,-0.05411493
6.187616348,-0.2000485,0.1122188,0.9701127,-0.05381904
6.220172882,-0.2008787,0.1155877,0.9696038,-0.052757
6.255237103,-0.202601,0.1192837,0.9689053,-0.05073887
6.287796974,-0.2049598,0.1226253,0.968163,-0.04735802
6.320356846,-0.208191,0.1261269,0.967258,-0.04228654
6.355422020,-0.2122119,0.1304312,0.9661078,-0.03488878
6.387981892,-0.2167828,0.1350119,0.9647335,-0.0263416
6.420537472,-0.2233174,0.1405558,0.9626918,-0.01501901
6.455602646,-0.2327283,0.1476812,0.9595079,-0.0001028333
6.488162518,-0.2428803,0.1555356,0.9556181,0.01547545
6.520722389,-0.2540604,0.1640827,0.9508617,0.03193571
6.588347435,-0.2762601,0.180561,0.940303,0.05946514
6.620903015,-0.2864227,0.1868409,0.935437,0.06810179
6.653462887,-0.2955548,0.192169,0.931106,0.07339983
6.688528061,-0.3039383,0.1986445,0.926927,0.07480553
6.721087933,-0.3091252,0.2054857,0.9239354,0.07202893
6.753647804,-0.3115255,0.2118018,0.9221492,0.06603308
6.788712978,-0.3092028,0.2182406,0.9222559,0.05325774
6.821268558,-0.3025686,0.2229855,0.9242604,0.03316695
6.853828430,-0.2934258,0.2258541,0.9270597,0.00889911
6.888893127,-0.2838799,0.227585,0.9295608,-0.01271824
6.921453476,-0.2776673,0.228701,0.9308719,-0.02649379
6.954013348,-0.2731051,0.229876,0.9317048,-0.03353389
6.989077568,-0.2710896,0.2319666,0.9317738,-0.03357375
7.021634102,-0.2723143,0.2342949,0.9310895,-0.02550848
7.054193974,-0.2761969,0.237376,0.9294611,-0.009886759
7.089258671,-0.2856804,0.2412829,0.9254926,0.01613642
7.121819019,-0.2997216,0.2455754,0.9187185,0.04943318
7.154378891,-0.317228,0.2508625,0.9081002,0.09173762
7.186938763,-0.336267,0.2560548,0.893638,0.1392808
7.221999168,-0.356904,0.2588012,0.8753373,0.1898782
7.254559517,-0.3740512,0.2604822,0.8579871,0.2296095
7.287119389,-0.3850275,0.2629521,0.8454878,0.253748
7.322183609,-0.3898523,0.2662657,0.8397342,0.2619004
7.354744434,-0.3885134,0.2694145,0.8412718,0.2556613
7.387304306,-0.3845936,0.2721946,0.8453555,0.2449483
7.422364712,-0.380426,0.2738539,0.849908,0.2335896
7.454925060,-0.3771187,0.2748235,0.8531442,0.22589
7.487484932,-0.3751471,0.2752522,0.8547452,0.2225741
7.522549152,-0.3744722,0.2755088,0.8547924,0.2232107
7.555109978,-0.3751655,0.2761138,0.85335,0.2267892
7.587669373,-0.3766811,0.2769618,0.851037,0.2318778
7.620225430,-0.3784911,0.2783194,0.8483198,0.2372004
7.655289650,-0.3798173,0.280223,0.8458469,0.2416293
7.687850475,-0.3809322,0.2820123,0.8439226,0.2445039
7.720410347,-0.3819145,0.2837908,0.8423395,0.2463654
7.755474567,-0.3831362,0.2856582,0.8406999,0.247906
7.788034916,-0.3846943,0.2873267,0.8388199,0.2499251
7.820590973,-0.3867412,0.2890474,0.8364758,0.2526241
7.855655193,-0.3891252,0.2912296,0.8337038,0.2556023
7.888216019,-0.391715,0.2925545,0.8306399,0.2600699
7.920775890,-0.394516,0.2935611,0.8272582,0.2654251
7.955840111,-0.3969689,0.2945146,0.8242247,0.2701076
7.988400459,-0.3980008,0.2955089,0.8228827,0.2715909
8.020956516,-0.3976785,0.2967248,0.8231263,0.2699943
8.053516388,-0.3963519,0.2979995,0.8246527,0.2658517
8.088580608,-0.3938986,0.2994529,0.8268161,0.2611025
8.121140957,-0.3919096,0.3006776,0.8282877,0.2580058
8.153700829,-0.3908552,0.3013059,0.8292396,0.2558053
8.188765526,-0.3910165,0.3011762,0.8293526,0.2553445
8.221322060,-0.3919771,0.3007525,0.8290929,0.2552145
8.253881931,-0.3924783,0.3009497,0.8291262,0.2541012
8.288946152,-0.3922121,0.3025224,0.829522,0.2513384
8.321506500,-0.3918599,0.3047788,0.8298,0.2482241
8.354066372,-0.3919665,0.3075907,0.8289604,0.2473913
8.389131069,-0.3939333,0.3106335,0.8256161,0.2516131
8.421687603,-0.3980224,0.3128003,0.8199989,0.2606984
8.454247475,-0.4038993,0.3142719,0.8128439,0.2720498
8.486806870,-0.4101101,0.3152952,0.8056046,0.282891
8.521871567,-0.4156667,0.3161979,0.7993667,0.2913429
8.554431915,-0.4190888,0.3171389,0.7964245,0.2934674
8.586991787,-0.4206845,0.3180487,0.7961889,0.2908273
8.622052193,-0.4215992,0.3185497,0.7968082,0.2872362
8.654613018,-0.4222939,0.3187028,0.7970735,0.2853032
8.687172413,-0.4228113,0.3193319,0.7967525,0.2847298
8.722237110,-0.4229251,0.320529,0.7959369,0.2854955
8.754797459,-0.4230682,0.3217792,0.7946265,0.2875203
8.787357330,-0.4236736,0.3226974,0.7927597,0.2907349
8.822417736,-0.4247251,0.3235236,0.7904826,0.2944588
8.854978085,-0.4259993,0.3239858,0.7884606,0.2975154
8.887537956,-0.4274155,0.3242033,0.7868094,0.2996111
8.920097828,-0.428296,0.3244044,0.7860841,0.30004
8.955163002,-0.4286045,0.3246028,0.7866998,0.2977618
8.987722874,-0.4288659,0.3252898,0.7875493,0.2943712
9.020278454,-0.4307703,0.3271188,0.7866588,0.291935
9.055343628,-0.4349595,0.3239024,0.7869303,0.2885582
9.087903500,-0.4330854,0.3201001,0.7935959,0.2771395
9.120463371,-0.4203101,0.3219464,0.8072302,0.2543555
9.155528069,-0.4014393,0.3074827,0.8320684,0.2204328
9.188088417,-0.38873,0.2885361,0.8542083,0.1805322
9.220643997,-0.3793703,0.2662223,0.8715415,0.1491536
9.255708695,-0.3742305,0.2426982,0.8846618,0.1226791
9.288269043,-0.3682494,0.2258349,0.8939928,0.1039016
9.320828915,-0.3656811,0.2152537,0.898547,0.09583374
9.353388786,-0.3728057,0.2134776,0.8946567,0.1079828
9.388453961,-0.3874198,0.2168809,0.8826957,0.1426336
9.421009541,-0.4045374,0.2215073,0.8677452,0.1758688
9.453569412,-0.4119068,0.2320172,0.8598264,0.1839208
9.488634586,-0.3868016,0.2522732,0.8720394,0.151386
9.521194458,-0.3753065,0.2586077,0.8772675,0.1389117
9.553754330,-0.3800952,0.2570108,0.8751516,0.1421632
9.588819504,-0.3848003,0.2629505,0.8723747,0.1355572
9.621375084,-0.3908484,0.270696,0.8678967,0.1316969
9.653934956,-0.3981963,0.2776254,0.8620075,0.1339197
9.689000130,-0.4042364,0.2833569,0.8574476,0.1330906
9.721560001,-0.4052807,0.2879402,0.8562071,0.1279656
9.754119873,-0.4048859,0.2912223,0.8560129,0.1229893
9.789185047,-0.4058747,0.2948855,0.8543354,0.1226658
9.821740627,-0.409131,0.2988992,0.8511075,0.1245583
9.854300499,-0.413496,0.3037001,0.8468813,0.1273073
9.886860371,-0.4162879,0.3095615,0.8431144,0.129081
9.921925545,-0.4189591,0.3154519,0.8391445,0.132013
9.954485416,-0.421979,0.3208131,0.834713,0.1374576
9.987045288,-0.4244999,0.3258196,0.8305999,0.1427339
10.022106171,-0.4244141,0.3314945,0.8281685,0.1440443
10.054666042,-0.4235783,0.3360357,0.8266971,0.144434
10.087225914,-0.422164,0.3380846,0.8266242,0.1442108
10.122291088,-0.4206976,0.3390959,0.8272592,0.1424694
10.154850960,-0.4201761,0.3392445,0.8276008,0.1416678
10.187410831,-0.4198353,0.3389359,0.8279682,0.1412696
10.222471714,-0.4187435,0.3389951,0.8286294,0.1404895
10.255031586,-0.4176689,0.3391812,0.8291655,0.1400751
10.287591457,-0.4166758,0.3395538,0.8294792,0.1402723
10.320151806,-0.4151794,0.3397512,0.8301451,0.1402923
10.355216503,-0.4144802,0.3396679,0.8305579,0.1401181
10.387776375,-0.4141812,0.3398485,0.8305442,0.1406442
10.420332432,-0.4135966,0.3398453,0.8306366,0.1418221
10.455397129,-0.4121251,0.3396429,0.8312357,0.1430755
10.487957001,-0.4103306,0.3392142,0.8323281,0.1428991
10.520517349,-0.4076289,0.3387781,0.8342451,0.1404667
10.555582047,-0.4039325,0.3382384,0.8370275,0.135816
10.588141441,-0.4005318,0.3373834,0.8396559,0.1317278
10.620697975,-0.3978831,0.3366834,0.8416554,0.1287521
10.655762672,-0.3959437,0.3362888,0.8430784,0.1264311
10.688322544,-0.3945421,0.3367284,0.8438169,0.1247051
10.720882893,-0.3931818,0.33765,0.8442545,0.1235424
10.753442764,-0.3922033,0.3384033,0.844507,0.1228628
10.788506985,-0.3917105,0.3391979,0.8444222,0.122827
10.821063518,-0.3914344,0.3403515,0.8440539,0.1230471
10.853623390,-0.391776,0.3417374,0.84321,0.1239024
10.888688087,-0.3922822,0.3436256,0.8420074,0.125249
10.921248436,-0.3929311,0.3451308,0.8408127,0.1270884
10.953808308,-0.3938095,0.3465884,0.8395512,0.1287322
10.988872528,-0.3944719,0.3483597,0.8382586,0.1303363
11.021429062,-0.3946214,0.3500769,0.8373152,0.1313426
11.053988934,-0.3946917,0.3518364,0.8364989,0.1316316
11.089053631,-0.3946886,0.3538604,0.8355942,0.1319609
11.121613503,-0.3944986,0.3556477,0.8348576,0.1323853
11.154173851,-0.3942032,0.3576875,0.8340657,0.1327613
11.186733723,-0.3939383,0.3602668,0.8330548,0.13292
11.221794128,-0.3935049,0.3634392,0.8319976,0.1321875
11.254354477,-0.3927902,0.3666773,0.8311946,0.1304102
11.286914349,-0.3911448,0.3704978,0.8308125,0.126947
11.321978569,-0.3893446,0.3746378,0.8305211,0.122146
11.354539394,-0.3875145,0.3783367,0.8303255,0.1178177
11.387099266,-0.3857196,0.3813709,0.8302462,0.1144361
11.422159672,-0.3838662,0.3843892,0.8301696,0.1110757
11.454720020,-0.3813296,0.387182,0.8305329,0.1073335
11.487279892,-0.3785373,0.3897913,0.83102,0.1039508
11.522344113,-0.3758499,0.3927117,0.8312123,0.1011345
11.554904938,-0.3747184,0.3947231,0.8308298,0.1006442
11.587464810,-0.3741671,0.3967131,0.8300302,0.1014656
11.620020867,-0.3739285,0.3993885,0.8286887,0.1028054
11.655085564,-0.3739482,0.4028803,0.8266324,0.1056249
11.687645435,-0.3745526,0.4075466,0.8235726,0.1094163
11.720205307,-0.3770676,0.4134867,0.8188232,0.1140399
11.755270481,-0.381097,0.4215481,0.8117787,0.1212654
11.787829876,-0.3861904,0.4293508,0.8036233,0.1316518
11.820386410,-0.3924425,0.4373716,0.7933761,0.1479086
11.855451107,-0.4017124,0.4434435,0.7789545,0.1784451
11.888010979,-0.4122784,0.4463243,0.7608135,0.2204805
11.920570850,-0.4242596,0.4450269,0.7366791,0.2754747
11.955636024,-0.4374107,0.4400192,0.7046444,0.3393508
11.988195419,-0.4497598,0.4357334,0.6677873,0.398171
12.020751953,-0.4599979,0.4240193,0.6250775,0.4631579
12.053311825,-0.4661779,0.4097107,0.5760685,0.5287607
12.088376522,-0.4663374,0.3948281,0.523473,0.5909685
12.120936871,-0.4591292,0.3847373,0.4864061,0.6334149
12.153496742,-0.4483282,0.3771409,0.4536108,0.6690528
12.188560963,-0.4372058,0.3695922,0.4153804,0.7045137
12.221117020,-0.4255767,0.3644013,0.3759438,0.7357922
12.253677368,-0.4190385,0.3526137,0.3255494,0.7685803
12.288742065,-0.4180378,0.3259897,0.2518769,0.8075647
12.321302414,-0.4181444,0.2933441,0.1605098,0.8425963
12.353862286,-0.4123398,0.2551918,0.05505785,0.8708898
12.388926506,-0.3935207,0.2078738,-0.05918099,0.8916585
12.421482563,-0.3656184,0.1618835,-0.1497221,0.902401
12.454042912,-0.3295299,0.1175354,-0.2258354,0.9073155
12.489107609,-0.3100468,0.06591228,-0.2494573,0.913195
12.521667957,-0.2998788,0.02170483,-0.1527641,0.9396235
12.554227829,-0.3161037,0.0715818,-0.1966418,0.9235336
12.586787701,-0.3429347,0.1043632,-0.2011186,0.9097708
12.621848583,-0.3009299,0.1501611,-0.1447459,0.9287426
12.654408455,-0.3113952,0.07674203,-0.2322195,0.9164308
12.686968326,-0.28401,-0.009771282,-0.2895296,0.9121636
12.722033501,-0.2801579,-0.06422241,-0.3232414,0.8997387
12.754593372,-0.2972562,-0.08311224,-0.3088349,0.8977637
12.787153244,-0.29763,-0.09117094,-0.2999831,0.8998567
12.822214127,-0.2938458,-0.1008431,-0.2927114,0.9024594
12.854773998,-0.3006244,-0.1115188,-0.2756183,0.9043511
12.887333870,-0.2946278,-0.1317162,-0.2951987,0.8974022
12.922399044,-0.2783988,-0.1512418,-0.3349603,0.8854655
12.954958916,-0.2744982,-0.1649897,-0.3546641,0.8765102
12.987518311,-0.2725062,-0.182436,-0.3592513,0.8717934
13.020074844,-0.2722965,-0.20059,-0.3668712,0.8646684
13.055139542,-0.2709866,-0.2172468,-0.3769653,0.8566767
13.087699413,-0.2711014,-0.232652,-0.3873974,0.8478962
13.120259762,-0.2710322,-0.2531683,-0.3993933,0.836397
13.155324459,-0.2725711,-0.2749704,-0.4079177,0.8248194
13.187883854,-0.2716577,-0.2924302,-0.4144495,0.81581
13.220440388,-0.2631606,-0.306158,-0.423451,0.8089072
13.255505085,-0.2450948,-0.3184042,-0.4373785,0.8024183
13.288064957,-0.2257665,-0.3278236,-0.4519487,0.7961981
13.320625305,-0.2045196,-0.3362862,-0.4706427,0.7875318
13.355689526,-0.1817197,-0.3419732,-0.4895906,0.7790771
13.388249397,-0.1658091,-0.3435855,-0.5036348,0.7729399
13.420805931,-0.1529371,-0.3422773,-0.515746,0.7681733
13.453365803,-0.142315,-0.3389231,-0.5268986,0.7641224
13.488430500,-0.1339875,-0.3339027,-0.534054,0.7628698
13.520990849,-0.1293221,-0.3276834,-0.536655,0.7645447
13.553550720,-0.1266639,-0.3196744,-0.5363683,0.7685709
13.588614941,-0.125391,-0.3096,-0.5329192,0.7752738
13.621171475,-0.1251232,-0.2996563,-0.5267075,0.7834266
13.653731346,-0.1251554,-0.2893871,-0.5184783,0.7927163
13.688796043,-0.1245952,-0.2780145,-0.5095652,0.8025926
13.721356392,-0.1230484,-0.2675028,-0.5027323,0.810672
13.753916264,-0.1201916,-0.2573515,-0.4973047,0.817704
13.788980484,-0.116139,-0.2473687,-0.4934976,0.8236554
13.821537018,-0.111857,-0.2390534,-0.4909849,0.8281926
13.854096889,-0.1068414,-0.2317324,-0.4899022,0.8315699
13.886657238,-0.1008214,-0.2253544,-0.4903683,0.8337968
13.921721935,-0.09385803,-0.2195597,-0.491572,0.8354453
13.954281807,-0.08692569,-0.2148638,-0.4931327,0.8364958
13.986842155,-0.07936374,-0.2106535,-0.4959652,0.8366438
14.021902561,-0.07092315,-0.2064967,-0.5001308,0.8359581
14.054462433,-0.06295238,-0.2028252,-0.5044309,0.8349108
14.087022781,-0.05505756,-0.1992721,-0.5085169,0.8338451
14.122087479,-0.0468183,-0.195252,-0.5123765,0.8329362
14.154647350,-0.03947667,-0.1911519,-0.5157874,0.832162
14.187207699,-0.03235249,-0.1868058,-0.5189701,0.8314774
14.222268105,-0.02489984,-0.1818134,-0.5223023,0.8307538
14.254827976,-0.01831863,-0.1766877,-0.525161,0.8302286
14.287388325,-0.0120043,-0.1712209,-0.5273232,0.8301188
14.319948196,-0.005976766,-0.1656541,-0.5284266,0.8306119
14.355012894,0.0007258782,-0.1596405,-0.528992,0.8314503
14.387573242,0.006995243,-0.154132,-0.5292345,0.8323058
14.420128822,0.01314557,-0.1487986,-0.5294013,0.8330955
14.455193520,0.01966626,-0.1431917,-0.5293477,0.8339834
14.487753868,0.02579368,-0.1380122,-0.5291294,0.8348275
14.520313740,0.03244019,-0.1328203,-0.5296452,0.8351108
14.555377960,0.03941382,-0.1273194,-0.530722,0.8349839
14.587938786,0.04554744,-0.1222394,-0.5316003,0.8348723
14.620494366,0.05200164,-0.1173088,-0.5326836,0.8345121
14.655559540,0.05927393,-0.1118821,-0.5343167,0.833728
14.688119411,0.06600077,-0.1070802,-0.5357181,0.8329535
14.720679283,0.07318458,-0.1024674,-0.5373541,0.831879
14.753239632,0.08073019,-0.09799582,-0.5393344,0.8304369
14.788304329,0.08923454,-0.09317587,-0.5425823,0.8280022
14.820859909,0.09702419,-0.08909293,-0.5465076,0.8249884
14.853420258,0.1046315,-0.08507075,-0.5505145,0.821813
14.888484955,0.112972,-0.08052479,-0.5550268,0.8181235
14.921044826,0.1207772,-0.07625707,-0.5588246,0.8148255
14.953605175,0.1290476,-0.07179543,-0.5619282,0.811823
14.988669872,0.137942,-0.06708632,-0.5650399,0.808597
15.021225452,0.1457081,-0.0627694,-0.5675651,0.8058081
15.053785801,0.1528111,-0.05808083,-0.5699916,0.8031269
15.088850498,0.1595788,-0.05298386,-0.5711824,0.801315
15.121410370,0.1592768,-0.05265293,-0.5696729,0.8024705
15.153970718,0.1606464,-0.05053661,-0.5678263,0.8036416
15.189035416,0.1651745,-0.04525761,-0.5662274,0.8041663
15.221591473,0.1691599,-0.04008843,-0.5648873,0.8045545
15.254151344,0.1702672,-0.03720244,-0.5633699,0.805523
15.286711216,0.1688272,-0.03614573,-0.5613333,0.807294
15.321776390,0.1667516,-0.03514104,-0.5599857,0.8087043
15.354336262,0.1681279,-0.03265897,-0.5588155,0.8093327
15.386896134,0.1725488,-0.02885067,-0.5578595,0.8092065
15.421957016,0.1727659,-0.02876984,-0.5593091,0.8081616
15.454516888,0.1736728,-0.02895489,-0.5625592,0.8057011
15.487076759,0.1749646,-0.0292311,-0.5672097,0.8021432
15.522141934,0.1767165,-0.02917702,-0.5722547,0.7981681
15.554701805,0.1813016,-0.02653291,-0.5759219,0.7945863
15.587262154,0.1866361,-0.02293004,-0.5772323,0.7925099
15.622322560,0.1862554,-0.02264875,-0.5764892,0.793148
15.654882431,0.1891864,-0.01968942,-0.5746005,0.7939036
15.687443256,0.1927399,-0.01632784,-0.5721331,0.7949064
15.720002651,0.1918385,-0.01611329,-0.5698475,0.7967684
15.755067348,0.1910632,-0.01580204,-0.568232,0.7981135
15.787627697,0.1915102,-0.01506049,-0.5674111,0.7986047
15.820183754,0.1969874,-0.01133875,-0.5672279,0.7974632
15.855247974,0.1988426,-0.01033908,-0.5677814,0.796622
15.887808323,0.2000952,-0.009592256,-0.5688571,0.7955496
15.920368195,0.205455,-0.006068832,-0.5703507,0.7931451
15.955432892,0.2073349,-0.004953137,-0.5722741,0.791276
15.987993240,0.2074565,-0.004844871,-0.5740111,0.7899855
16.020549297,0.2074627,-0.004592355,-0.5754109,0.7889666
16.055613518,0.2072998,-0.004401945,-0.5760772,0.788524
16.088173866,0.2071774,-0.004244356,-0.5761321,0.7885169
16.120733738,0.206951,-0.004084686,-0.5758367,0.7887931
16.153294563,0.2104936,-0.001013392,-0.57502,0.7884613
16.188358784,0.2139924,0.002162634,-0.573774,0.7884247
16.220914841,0.2137619,0.002380256,-0.5724799,0.7894267
16.253475189,0.2136527,0.002500755,-0.5714414,0.7902082
16.288539410,0.2154342,0.003956619,-0.5708469,0.7901481
16.321099281,0.2202446,0.007852626,-0.5707462,0.7888645
16.353659630,0.2208071,0.008702028,-0.5709894,0.7885222
16.388724327,0.2205996,0.008844373,-0.5710998,0.7884988
16.421279907,0.2203863,0.00887595,-0.5712635,0.7884395
16.453840733,0.2244562,0.01190924,-0.5714233,0.7871345
16.488904953,0.2296975,0.01589031,-0.57196,0.7851599
16.521465778,0.2343865,0.01948048,-0.5723551,0.7834035
16.554025173,0.2345669,0.01969456,-0.5726743,0.7831107
16.586585045,0.2345249,0.01947167,-0.5729684,0.7829136
16.621646404,0.2346998,0.01939583,-0.5736699,0.7823493
16.654206276,0.2346699,0.01942506,-0.5743169,0.7818826
16.686766148,0.2343637,0.01957539,-0.5747346,0.7816638
16.721830845,0.2340546,0.01977164,-0.5749429,0.7815983
16.754390716,0.2338343,0.01990065,-0.5748758,0.7817103
16.786950588,0.2337274,0.02012009,-0.5748281,0.7817718
16.822011948,0.2337777,0.02033032,-0.5750173,0.781612
16.854571819,0.2384146,0.02402684,-0.5752767,0.7799138
16.887132168,0.2429973,0.02801473,-0.5752638,0.7783744
16.922196388,0.2473091,0.03201195,-0.5746952,0.7772815
16.954756260,0.2469559,0.03203286,-0.5736055,0.7781973
16.987317085,0.2490795,0.03372322,-0.5724165,0.7783246
17.019872665,0.2534513,0.03666209,-0.5713425,0.7775691
17.054937363,0.2584915,0.0397802,-0.5710543,0.7759667
17.087497711,0.2607527,0.04112337,-0.5715911,0.774744
17.120057583,0.2608858,0.04104592,-0.572599,0.7739586
17.155121803,0.2608222,0.04086243,-0.5735072,0.7733169
17.187682629,0.2606172,0.04061284,-0.5739416,0.773077
17.220238209,0.260637,0.040589,-0.5741339,0.7729287
17.255303383,0.2650228,0.04392279,-0.573909,0.7714207
17.287863255,0.2663216,0.04519131,-0.5740182,0.7708185
17.320423126,0.2659729,0.04508299,-0.5743383,0.770707
17.355488300,0.2656664,0.04485687,-0.5746928,0.7705615
17.388047695,0.2685646,0.04713228,-0.5748951,0.769269
17.420607567,0.27288,0.05063553,-0.574863,0.7675498
17.453168392,0.2769666,0.054268,-0.5743411,0.7662274
17.488232613,0.2783463,0.05582142,-0.5731117,0.7665364
17.520792484,0.2780944,0.05590874,-0.5716768,0.767692
17.553352833,0.2778589,0.05594697,-0.5702764,0.7688153
17.588417530,0.2805961,0.05826647,-0.5687817,0.7687561
17.620977879,0.2846369,0.06136066,-0.5678431,0.7677231
17.653537750,0.2887331,0.06449001,-0.5677215,0.7660249
17.688601971,0.2931396,0.06778178,-0.5683098,0.7636272
17.721162796,0.2971355,0.07087021,-0.5692819,0.7610741
17.753722668,0.3008342,0.07389427,-0.5702951,0.7585708
17.788786888,0.3044919,0.07728381,-0.5711412,0.7561331
17.821347237,0.3066459,0.07953997,-0.5716773,0.7546221
17.853907108,0.3062715,0.07994921,-0.5720277,0.7544652
17.888971806,0.3087743,0.08280176,-0.5718116,0.7533004
17.921532154,0.3115392,0.08624911,-0.5714154,0.7520748
17.954092026,0.3136355,0.08986861,-0.5711342,0.7509927
17.986652374,0.312421,0.09139438,-0.5709601,0.7514469
18.021717072,0.3116062,0.09335792,-0.5706772,0.7517586
18.054276943,0.3141119,0.09683407,-0.5702711,0.7505835
18.086837292,0.3166488,0.09957457,-0.5701025,0.7492859
18.121901512,0.3175718,0.1016786,-0.570837,0.7480524
18.154461384,0.3162627,0.1025606,-0.573029,0.7468097
18.187022209,0.3151407,0.1036026,-0.5759301,0.7449061
18.222086430,0.3151949,0.1054849,-0.5789864,0.7422449
18.254646778,0.3169695,0.1096352,-0.5819705,0.7385449
18.287206650,0.3156605,0.1126749,-0.5874284,0.7343151
18.322271347,0.3145147,0.1166236,-0.5943058,0.7286342
18.354831696,0.3142,0.1200471,-0.5996771,0.7237969
18.387391567,0.3143803,0.1227001,-0.6038793,0.7197689
18.419951439,0.3157093,0.1255719,-0.6085916,0.714705
18.455016613,0.3170929,0.1294651,-0.6136993,0.7090077
18.487576485,0.3180719,0.1322752,-0.6170487,0.7051327
18.520136833,0.3197674,0.1337345,-0.619806,0.7016639
18.555201054,0.3225083,0.1345227,-0.6219541,0.6983502
18.587760925,0.3257115,0.1358452,-0.623876,0.6948844
18.620321274,0.3280121,0.1381482,-0.6257134,0.6916889
18.655385971,0.3297345,0.1408324,-0.6259676,0.6900969
18.687945843,0.3324051,0.1448539,-0.6249915,0.6888668
18.720506191,0.3355407,0.1507988,-0.6231494,0.6877388
18.755570888,0.3397958,0.1585419,-0.6197336,0.6869943
18.788130760,0.3432393,0.1658278,-0.6155276,0.6873438
18.820691109,0.3459976,0.1728718,-0.6102356,0.6889421
18.853250980,0.3485017,0.181197,-0.6034558,0.6915078
18.888316154,0.3513419,0.1906493,-0.5946811,0.6951213
18.920875549,0.3543202,0.1978006,-0.5851098,0.6997188
18.953435421,0.3571739,0.2042317,-0.5746686,0.7050531
18.988500595,0.3602161,0.2098515,-0.5620232,0.7120143
19.021060467,0.3624403,0.2135877,-0.5499295,0.7191819
19.053620815,0.3643426,0.2158112,-0.5384463,0.7262115
19.088685513,0.3660277,0.2166178,-0.5276335,0.7330285
19.121245384,0.3673885,0.2157471,-0.5179215,0.7395025
19.153805733,0.3685896,0.2145971,-0.509404,0.7451342
19.188870430,0.3699652,0.213126,-0.5020331,0.7498623
19.221429825,0.3710187,0.2110864,-0.4975606,0.7528937
19.253990650,0.3719459,0.2086922,-0.4950205,0.7547757
19.286550522,0.3728876,0.2069059,-0.4947864,0.7549563
19.321614742,0.3738618,0.2060843,-0.4974286,0.7529603
19.354175091,0.3748062,0.20623,-0.5028043,0.7488692
19.386734963,0.375652,0.2068588,-0.5079526,0.7447865
19.421800137,0.3766934,0.206007,-0.510221,0.7429438
19.454360008,0.3768935,0.2045195,-0.5100498,0.7433707
19.486919880,0.3767338,0.2023949,-0.5069853,0.7461244
19.521985054,0.3760825,0.1990653,-0.500267,0.7518613
19.554544926,0.3747843,0.1948732,-0.4915133,0.7593441
19.587105274,0.3733351,0.1898271,-0.4806912,0.7682124
19.622169495,0.3713679,0.1833155,-0.4686129,0.7781458
19.654729366,0.3696131,0.1777414,-0.4595133,0.785665
19.687290192,0.3678766,0.1751121,-0.4554339,0.7894366
19.719850063,0.3682828,0.1756321,-0.4548735,0.7894548
19.754914284,0.3691366,0.1769744,-0.4576934,0.7871231
19.787474632,0.3703605,0.1793548,-0.4616964,0.7836639
19.820034504,0.3711426,0.1832314,-0.4654589,0.7801635
19.855099678,0.3712293,0.1869182,-0.4669531,0.7783527
19.887659550,0.3711138,0.189337,-0.4647051,0.779168
19.920219421,0.3708887,0.1913485,-0.4590102,0.7821538
19.955284595,0.3693395,0.1930328,-0.4507016,0.787288
19.987844467,0.3664904,0.1932054,-0.4409377,0.7940769
20.020404339,0.364125,0.1918288,-0.429312,0.8018313
20.055469036,0.3621634,0.1911293,-0.4157111,0.8100119
20.088028908,0.3593748,0.1916035,-0.4050203,0.8165317
20.120589733,0.3561891,0.1919519,-0.397911,0.8213272
20.155653954,0.3545471,0.1933339,-0.3933205,0.8239204
20.188213825,0.3543858,0.1957039,-0.3905697,0.8247385
20.220774174,0.3545686,0.1981821,-0.3889745,0.8248221
20.253334045,0.354881,0.1996695,-0.3884114,0.8245943
20.288398743,0.3547356,0.2002229,-0.3883375,0.8245575
20.320959091,0.3547342,0.1997881,-0.3883566,0.8246547
20.353518963,0.3549943,0.199632,-0.3887314,0.8244038
20.388584137,0.3551338,0.1997441,-0.389324,0.8240368
20.421144009,0.3554187,0.2001041,-0.3900382,0.8234888
20.453703404,0.355102,0.200806,-0.3911085,0.8229467
20.488768578,0.3544889,0.2017716,-0.3912954,0.822886
20.521328449,0.3539326,0.2029141,-0.3915015,0.8227465
20.553888321,0.3535325,0.2037882,-0.3917724,0.8225735
20.588953495,0.3536287,0.2043876,-0.3927047,0.8219388
20.621513367,0.3539205,0.2058531,-0.3930697,0.8212726
20.654073715,0.3537861,0.2088361,-0.3930684,0.8205779
20.686633587,0.3534535,0.2106134,-0.3933728,0.8201209
20.721698284,0.3535531,0.2117076,-0.3948188,0.8191006
20.754258633,0.3539878,0.2117626,-0.3990018,0.8168687
20.786818504,0.3563645,0.2111989,-0.3992525,0.8158583
20.821882725,0.3588088,0.2103472,-0.3981525,0.8155444
20.854443073,0.3603846,0.2086431,-0.3947558,0.8169373
20.887002945,0.3618901,0.2071693,-0.3884459,0.819667
20.922068119,0.3640382,0.2043001,-0.3781837,0.8242223
20.954627991,0.3662095,0.201351,-0.3675275,0.828794
20.987187862,0.3678556,0.1995316,-0.3586838,0.832372
21.022253037,0.3695683,0.199022,-0.3503028,0.8352994
21.054812908,0.3709113,0.2043891,-0.3435839,0.8361984
21.087373257,0.3709471,0.2165085,-0.3359619,0.8362294
21.119933128,0.3675869,0.2274721,-0.3266343,0.8384951
21.154997349,0.365158,0.2302324,-0.3107012,0.8448344
21.187558174,0.3602125,0.2277541,-0.2908815,0.854629
21.220118046,0.3561328,0.218849,-0.2676064,0.8661922
21.255183220,0.3500614,0.2074756,-0.2367343,0.8803383
21.287742615,0.3433253,0.1976802,-0.2093351,0.892108
21.320302486,0.3402988,0.1877246,-0.1821673,0.9013317
21.355367661,0.3353136,0.1764425,-0.158267,0.9099517
21.387927532,0.3299721,0.1696587,-0.1458162,0.9152593
21.420487404,0.3260058,0.1619088,-0.1269761,0.9208748
21.455552578,0.3217609,0.1534075,-0.09953431,0.9271767
21.488112450,0.3185292,0.1467369,-0.08241364,0.9310441
21.520672798,0.3172827,0.1417535,-0.06758832,0.933433
21.553232670,0.3178555,0.139469,-0.05156966,0.9346039
21.588296890,0.319432,0.1382206,-0.03497792,0.9350201
21.620857716,0.3217985,0.1383999,-0.0241662,0.9345238
21.653417587,0.3260558,0.1405332,-0.01523297,0.9329168
21.688482284,0.3324583,0.1425433,-0.009399422,0.9304258
21.721042156,0.3411956,0.1438243,-0.006696258,0.927083
21.753602028,0.3500613,0.1452726,-0.004481974,0.9235586
21.788667202,0.3580312,0.1477147,-0.003383563,0.9201142
21.821227074,0.3643301,0.150867,-0.002307938,0.9171288
21.853786945,0.3674235,0.1532647,0.004501583,0.9154875
21.888852119,0.3678192,0.1514158,0.02358636,0.9153435
21.921411991,0.3698888,0.1458519,0.04437189,0.9146411
21.953972340,0.3752923,0.138326,0.06068394,0.9126701
21.986532211,0.3850051,0.1334382,0.07323321,0.9084218
22.021596432,0.3996604,0.1305474,0.08483251,0.9014766
22.054157257,0.4138346,0.1308433,0.08962181,0.8945483
22.086716652,0.4302545,0.1288844,0.09012332,0.8870037
22.121781826,0.4458489,0.1169249,0.09398916,0.8805345
22.154341698,0.4603611,0.1047674,0.09643298,0.874311
22.186901569,0.4731113,0.1009069,0.08649114,0.8689824
22.221966744,0.4803658,0.09718716,0.06959252,0.8669418
22.254526615,0.4826808,0.0909161,0.04994303,0.8676906
22.287086964,0.4777812,0.07468445,0.03297329,0.8727472
22.322151661,0.4701263,0.04869513,0.03308439,0.8787167
22.354711533,0.4626265,0.02637173,0.04721276,0.8829948
22.387271881,0.4547096,0.01259204,0.06534452,0.8862497
22.419831753,0.449346,0.005199383,0.07155883,0.8885766
22.454895973,0.4497074,0.00289996,0.07175196,0.8883886
22.487456799,0.4512305,0.002023836,0.0842375,0.8865206
22.520016194,0.4481829,0.004534806,0.09652427,0.8868045
22.555081368,0.4504901,0.01389663,0.1022976,0.884889
22.587641239,0.4519683,0.01571645,0.1064429,0.8836148
22.620201111,0.4549864,0.023831,0.102033,0.8824037
22.655266285,0.4585,0.0332498,0.09260108,0.88132
22.687826157,0.4618475,0.03970388,0.08261301,0.8802973
22.720386505,0.4634182,0.03947918,0.08184057,0.8795538
22.755451202,0.4632811,0.03445119,0.08855483,0.8791867
22.788011074,0.4639902,0.03066774,0.09321406,0.878471
22.820571423,0.4663219,0.02762155,0.09529388,0.8771132
22.855635643,0.4688825,0.02623636,0.09423522,0.8759043
22.888196468,0.4691896,0.02318445,0.0926575,0.8759943
22.920755863,0.4675474,0.01987214,0.09518827,0.8766821
22.953315735,0.4665094,0.0163847,0.1005974,0.8767031
22.988380909,0.464473,0.01269284,0.1061435,0.8771915
23.020940781,0.4622582,0.007507585,0.1107769,0.8778481
23.053501129,0.4597703,0.001494102,0.1144491,0.8787139
23.088565826,0.4541719,-0.006500877,0.1217233,0.8806229
23.121125698,0.4457739,-0.01641017,0.130988,0.8834513
23.153686047,0.4363717,-0.02746083,0.140835,0.8863514
23.188750744,0.4270622,-0.03675206,0.1495121,0.8891237
23.221311092,0.4216951,-0.04021007,0.1533515,0.8908801
23.253870964,0.4188341,-0.04003361,0.1560312,0.8917719
23.288935185,0.4174746,-0.04182212,0.1630885,0.8910643
23.321496010,0.4199772,-0.04815326,0.1767767,0.8869488
23.354055405,0.4238254,-0.05483582,0.1853718,0.8829666
23.386616230,0.429578,-0.05853218,0.1871922,0.8795587
23.421680451,0.4374259,-0.06184248,0.1898566,0.8748807
23.454240322,0.4433608,-0.06700096,0.1917004,0.8711031
23.486800671,0.4532121,-0.06529867,0.2016658,0.8638828
23.521865368,0.4639676,-0.04128375,0.1780275,0.8648489
23.554425717,0.4709947,-0.01964067,0.152377,0.8667106
23.586985588,0.4715129,-0.008828121,0.1459387,0.8677138
23.622050285,0.4674794,0.002773621,0.1421718,0.8705574
23.654610634,0.4645094,0.01437259,0.1404247,0.8723148
23.687170505,0.4641231,0.02635198,0.1338525,0.8732735
23.722235680,0.465046,0.0378111,0.1264669,0.8734623
23.754795074,0.4650534,0.04756016,0.1210325,0.8737518
23.787354946,0.464785,0.05845758,0.1130465,0.8743029
23.819915771,0.4648386,0.06826594,0.1060757,0.8744372
23.854979992,0.4645063,0.07565807,0.1000988,0.8747101
23.887539864,0.4646869,0.07956453,0.09801714,0.8745033
23.920100212,0.4663275,0.08372071,0.09718464,0.8733341
23.955164909,0.4702138,0.09002665,0.09414604,0.8709526
23.987725258,0.4752723,0.09650943,0.0882213,0.8681284
24.020285130,0.4814418,0.1022023,0.08051418,0.86482
24.055349350,0.4879155,0.1078337,0.07176016,0.8612714
24.087910175,0.4923431,0.1107813,0.0671109,0.8587488
24.120470047,0.4955678,0.1120158,0.06624029,0.8567993
24.155535221,0.4978693,0.1129574,0.06719084,0.855266
24.188094616,0.4984439,0.1148544,0.06432775,0.8548987
24.220655441,0.4978885,0.114254,0.06109717,0.8555395
24.253215313,0.4952094,0.1095943,0.06355153,0.857523
24.288279533,0.4911516,0.1027127,0.0719671,0.8600398
24.320839882,0.4887318,0.0980138,0.07909697,0.8613396
24.353399754,0.4877349,0.09565513,0.08018258,0.8620691
24.388464928,0.4862354,0.09353092,0.07796714,0.8633516
24.421024799,0.4830592,0.09177928,0.07766985,0.8653471
24.453584671,0.478803,0.08941866,0.08046104,0.8677014
24.488649845,0.4759933,0.08637517,0.08345515,0.8692713
24.521209717,0.4759423,0.08626488,0.08073284,0.8695673
24.553770065,0.4744673,0.08539961,0.0856038,0.8699927
24.588834286,0.4727574,0.08387373,0.08934753,0.8706953
24.621394158,0.4725894,0.08136693,0.08780347,0.8711814
24.653954983,0.4717421,0.07841309,0.08713812,0.8719779
24.686514378,0.4689508,0.07511069,0.09185008,0.8732896
24.721579552,0.4666951,0.07093311,0.09721588,0.874266
24.754139423,0.466471,0.06674455,0.09663669,0.8747795
24.786699295,0.4664053,0.0618694,0.09548138,0.8752996
24.821764469,0.4656183,0.05400371,0.09764795,0.8759999
24.854324341,0.4651902,0.04329854,0.1034327,0.8761578
24.886884689,0.4656619,0.03076988,0.1101515,0.8756177
24.921949387,0.4676846,0.01458356,0.1167454,0.8741034
24.954509258,0.469983,-0.003270774,0.1202762,0.8725059
24.987069607,0.4704127,-0.0242359,0.1228969,0.8715782
25.022133827,0.4696766,-0.05271839,0.1223751,0.8707908
25.054694653,0.4680703,-0.08021232,0.1193111,0.869982
25.087254524,0.4674199,-0.1044857,0.1130974,0.8685839
25.119813919,0.4695224,-0.1254732,0.1020946,0.8660309
25.154879093,0.4698645,-0.1490386,0.08743349,0.8637117
25.187438965,0.4642695,-0.1740344,0.08233893,0.8625624
25.219999313,0.4544444,-0.2000304,0.08796063,0.8616024
25.255064011,0.43934,-0.227645,0.1044482,0.8607416
25.287623882,0.4248748,-0.2494267,0.1298318,0.8585098
25.320184231,0.4135278,-0.2626251,0.1408193,0.8583825
25.355248928,0.4107859,-0.2686131,0.129555,0.8596192
25.387809277,0.4152902,-0.2697307,0.1156023,0.8590944
25.420369148,0.4176863,-0.2678565,0.1100445,0.8592491
25.455433369,0.4066211,-0.2658146,0.1214143,0.863648
25.487994194,0.3911011,-0.2729473,0.1771153,0.8589514
25.520553589,0.3762267,-0.2787869,0.2290029,0.8514203
25.555618763,0.3668191,-0.2654453,0.2462991,0.8549544
25.588178635,0.3665306,-0.2549017,0.2497168,0.8572921
25.620739460,0.3649218,-0.2603773,0.2453705,0.8575878
25.653298855,0.3590578,-0.2793403,0.2473211,0.8535259
25.688363552,0.3469173,-0.2984185,0.2597278,0.848389
25.720923901,0.3353972,-0.3110125,0.2686887,0.8457032
25.753483772,0.3292919,-0.3227672,0.272021,0.8426271
25.788548946,0.3223355,-0.3366818,0.2738455,0.8392745
25.821108818,0.3156523,-0.3483838,0.2781171,0.8356261
25.853668690,0.308362,-0.3567487,0.2819856,0.8335197
25.888733864,0.305084,-0.3720878,0.2775241,0.8295074
25.921293735,0.3069414,-0.3943034,0.2680253,0.8216459
25.953854084,0.3155389,-0.416734,0.2554923,0.8112456
25.988918304,0.3338397,-0.4432575,0.2224419,0.799513
26.021478176,0.3484019,-0.4735596,0.1711986,0.7884644
26.054038525,0.3558838,-0.5009608,0.1192293,0.7776871
26.086598396,0.3554073,-0.5221137,0.07745039,0.7692282
26.121663570,0.353251,-0.5383638,0.03474285,0.7621017
26.154223442,0.3513502,-0.5460455,0.003546654,0.7582892
26.186783791,0.3444253,-0.5511754,-0.00933251,0.7577054
26.221848488,0.3374981,-0.5501226,-0.005460538,0.7616153
26.254408360,0.3379793,-0.5379157,0.008825343,0.7700433
26.286968708,0.3489525,-0.5256826,0.01221828,0.7735427
26.322033405,0.3545278,-0.5220892,0.002326156,0.7735342
26.354593754,0.3501142,-0.5230211,-0.006706936,0.7748881
26.387153626,0.3414193,-0.5239802,-0.01455934,0.778006
26.422217846,0.3356286,-0.5222421,-0.02089962,0.7815418
26.454778671,0.3340264,-0.5164965,-0.02416986,0.7859396
26.487338066,0.3330445,-0.5089593,-0.02709493,0.7911608
26.519898892,0.3317198,-0.5015535,-0.02904788,0.7963604
26.554963112,0.332377,-0.4948054,-0.03073871,0.8002349
26.587523461,0.3332828,-0.4906447,-0.03473977,0.8022539
26.620083332,0.3327739,-0.4883939,-0.04025137,0.8035799
26.655148029,0.3334968,-0.4856856,-0.0462637,0.8045973
26.720268249,0.3393911,-0.4769336,-0.0530407,0.8069464
26.755333424,0.3420953,-0.4726251,-0.05272688,0.8083587
26.787893295,0.3442881,-0.4689271,-0.05186996,0.8096359
26.820453167,0.3446643,-0.467114,-0.05092847,0.8105831
26.855518341,0.3453027,-0.4652994,-0.05233713,0.8112651
26.888077736,0.3467018,-0.4618687,-0.0535709,0.8125473
26.920638561,0.3483927,-0.4578495,-0.05367904,0.8140901
26.953198433,0.3501303,-0.4544178,-0.05421392,0.8152311
26.988263607,0.3493035,-0.4544669,-0.05419394,0.8155597
27.020823002,0.3471635,-0.4579489,-0.05367125,0.8145597
27.053382874,0.3459872,-0.4628601,-0.05175428,0.8124055
27.088448048,0.3449356,-0.4679822,-0.0490668,0.8100817
27.121007919,0.3418469,-0.4724868,-0.04573278,0.8089705
27.153568268,0.3376425,-0.4772749,-0.038767,0.8082889
27.188632965,0.3330454,-0.4842099,-0.03114846,0.8063988
27.221192837,0.3310238,-0.4915785,-0.02580176,0.8029544
27.253753185,0.3314881,-0.4983524,-0.02363959,0.7986422
27.288817406,0.3329248,-0.5044906,-0.02075975,0.7942588
27.321378231,0.3340517,-0.5088556,-0.01449191,0.7911341
27.353938103,0.3356165,-0.5121621,-0.005068406,0.7884501
27.386498451,0.3373632,-0.5150131,0.005696237,0.785839
27.421562672,0.3404311,-0.5170567,0.02155235,0.7828935
27.454122543,0.3435822,-0.5210847,0.033722,0.7784038
27.486683369,0.3438361,-0.5271214,0.03985237,0.7739245
27.521747589,0.3317682,-0.5367421,0.05184035,0.7718667
27.554307938,0.304565,-0.5477113,0.07845327,0.773127
27.586867809,0.2701558,-0.5554215,0.1183204,0.775339
27.621932984,0.2253719,-0.5589963,0.1472013,0.7821062
27.654492855,0.1706506,-0.5786341,0.146363,0.7818351
27.687052727,0.1022245,-0.6079631,0.1603261,0.7686703
27.722117901,0.0140295,-0.6317677,0.204764,0.7452327
27.754677772,-0.06439618,-0.6414809,0.2439009,0.7221464
27.787238121,-0.1171202,-0.6451324,0.2580898,0.7071806
27.819797993,-0.1487556,-0.6474516,0.2608472,0.6980433
27.854862213,-0.1749113,-0.6514348,0.2629794,0.6873922
27.887423038,-0.1949392,-0.6534671,0.2756859,0.6749848
27.919982910,-0.2056817,-0.6651008,0.2938635,0.6523863
27.955047607,-0.2013228,-0.6940978,0.3110248,0.6144822
27.987607479,-0.1938304,-0.7040477,0.321393,0.6000674
28.020168304,-0.2079749,-0.6999401,0.3407797,0.5893447
28.055232525,-0.2225025,-0.6969701,0.3467374,0.5840601
28.087792397,-0.2273481,-0.6990734,0.3462352,0.5799639
28.120352745,-0.2311153,-0.7019475,0.3445239,0.576009
28.155417442,-0.2483273,-0.698421,0.3509482,0.5692142
28.187977791,-0.2780552,-0.6877258,0.3689923,0.5569478
28.220537663,-0.3197137,-0.665467,0.3902582,0.5470492
28.255602837,-0.3521641,-0.6461782,0.4005544,0.5427873
28.288162708,-0.3623312,-0.6410775,0.398944,0.5433297
28.320722580,-0.3599544,-0.6439096,0.3945963,0.5447335
28.353282929,-0.3567806,-0.6483781,0.3924024,0.5431037
28.388347149,-0.3571351,-0.6527925,0.3931562,0.5370032
28.420907974,-0.3588782,-0.6559404,0.3960851,0.5298046
28.453467846,-0.3604934,-0.6565949,0.4001631,0.5248094
28.488532543,-0.3599156,-0.6562151,0.4030634,0.5234597
28.521092415,-0.3580153,-0.6553867,0.4035559,0.5254176
28.553652287,-0.3567502,-0.6538025,0.403772,0.528079
28.588717461,-0.3580052,-0.6515996,0.4055487,0.5285909
28.621277332,-0.3639926,-0.6490347,0.4099854,0.5242164
28.653837681,-0.3741427,-0.6463041,0.4165661,0.5151781
28.688902378,-0.3887406,-0.6426361,0.4248153,0.5020551
28.721462727,-0.4034828,-0.638989,0.432732,0.4881245
28.754022598,-0.4175108,-0.6353038,0.4411258,0.4734021
28.786582470,-0.4307221,-0.630766,0.4498998,0.4591631
28.821647644,-0.4428633,-0.625982,0.4575805,0.4463927
28.854207516,-0.451186,-0.6216593,0.4633572,0.4380625
28.886767864,-0.4541993,-0.6181505,0.4680296,0.4349356
28.921832085,-0.4515783,-0.6158075,0.4720858,0.4366014
28.954392910,-0.4468674,-0.6137165,0.4756344,0.4405237
28.986952782,-0.4426111,-0.6112575,0.4792026,0.4443561
29.022017002,-0.4412435,-0.6079084,0.4839598,0.4451542
29.054577351,-0.4440563,-0.6033986,0.4896174,0.4422969
29.087137222,-0.4495408,-0.5975291,0.4958638,0.4377428
29.122202396,-0.4555918,-0.5911778,0.5022786,0.4327689
29.154762268,-0.4607719,-0.5860462,0.5079713,0.4275882
29.187322617,-0.4663086,-0.5813245,0.5133594,0.4215543
29.219882488,-0.4721157,-0.5762669,0.5187306,0.4154145
29.254947186,-0.4776186,-0.5703035,0.5247234,0.4097895
29.287507534,-0.4812287,-0.5652186,0.5298201,0.4060361
29.320067406,-0.4837441,-0.5607344,0.5341501,0.4035837
29.355132580,-0.4868636,-0.5558075,0.5389857,0.4002049
29.387692452,-0.4900726,-0.550602,0.5434467,0.3974412
29.420252800,-0.4920595,-0.5456371,0.5476508,0.3960606
29.455317021,-0.4928654,-0.5415065,0.5512786,0.3956945
29.487876892,-0.493549,-0.5384568,0.5541624,0.394975
29.555501938,-0.5016565,-0.530156,0.5614902,0.3855281
29.588062287,-0.5064347,-0.5278033,0.5641744,0.3785267
29.620622158,-0.5120917,-0.5261215,0.5663593,0.3698961
29.653182506,-0.5181203,-0.5233167,0.568899,0.3614866
29.688247204,-0.5230752,-0.5186547,0.5732377,0.3541409
29.720807552,-0.5261404,-0.5146831,0.5774376,0.3485268
29.753367424,-0.5301607,-0.5099578,0.5815265,0.3425307
29.788432121,-0.5357932,-0.5027714,0.586506,0.3358345
29.820992470,-0.5401123,-0.4961311,0.5909398,0.3309841
29.853552341,-0.5436255,-0.4901235,0.595091,0.3267179
29.888617516,-0.5473133,-0.4830365,0.6005161,0.3211416
29.921177387,-0.5496955,-0.4762818,0.6061916,0.3164649
29.953737736,-0.5508581,-0.4694316,0.6121969,0.3131003
29.988801956,-0.5512807,-0.4628388,0.6182336,0.3102979
30.021361828,-0.5511295,-0.457206,0.6235781,0.3082157
30.053922176,-0.5511681,-0.4513511,0.6286905,0.3063852
30.086482048,-0.5512732,-0.4447064,0.6337563,0.3054745
30.121547222,-0.5506458,-0.4377658,0.6391881,0.305314
30.154107094,-0.5499626,-0.4337007,0.6433328,0.3036369
30.186667442,-0.55135,-0.4318017,0.6462546,0.297562
30.221732140,-0.5553085,-0.4265994,0.6504036,0.2885278
30.254292488,-0.5589664,-0.4223473,0.6545435,0.2781724
30.286852360,-0.5634738,-0.4182893,0.6590886,0.2641236
30.321917057,-0.5688466,-0.4125507,0.6646572,0.2471314
30.354477406,-0.5725802,-0.4072034,0.6696313,0.2335785
30.387037277,-0.5745872,-0.4032097,0.6738368,0.2232557
30.422102451,-0.5761666,-0.3991119,0.6776196,0.2149443
30.454662323,-0.5767836,-0.3948251,0.6813279,0.209413
30.487222672,-0.5755348,-0.3921743,0.6851037,0.205474
30.519782543,-0.574782,-0.3899741,0.6884785,0.2004271
30.554846764,-0.5754756,-0.3863139,0.6922773,0.1922739
30.587407112,-0.577361,-0.3817096,0.6955793,0.1837095
30.619966984,-0.5797272,-0.3767802,0.6988485,0.1737573
30.655032158,-0.5815662,-0.3709393,0.7030333,0.162962
30.687592029,-0.5818456,-0.3626746,0.7084869,0.1568339
30.720152378,-0.5816922,-0.352698,0.7128502,0.1603455
30.755217075,-0.5759183,-0.3470411,0.7172327,0.173452
30.787777424,-0.5641145,-0.3434411,0.7251996,0.1858391
30.820337295,-0.5468702,-0.3403127,0.7365214,0.1982024
30.855401993,-0.5366719,-0.3282764,0.7449897,0.2140935
30.887962341,-0.5345138,-0.3083856,0.7526397,0.2221587
30.920522213,-0.5364006,-0.2833868,0.7591311,0.2287222
30.955587387,-0.5416305,-0.253394,0.7633304,0.2374495
30.988147259,-0.5475259,-0.2258335,0.7653296,0.2451793
31.020707607,-0.5553854,-0.2019288,0.7646102,0.2505412
31.053267479,-0.5634363,-0.1838054,0.7643171,0.2473908
31.088332653,-0.5687834,-0.1772797,0.7686126,0.2256539
31.120892048,-0.5640878,-0.185876,0.7789901,0.192502
31.153451920,-0.5582415,-0.1897869,0.7875179,0.1696773
31.188517094,-0.5585629,-0.1876755,0.7878901,0.16924
31.221076965,-0.5590438,-0.1879095,0.7849338,0.1807385
31.253637314,-0.5598595,-0.1853638,0.7810904,0.1967817
31.288702011,-0.5591183,-0.182731,0.777975,0.2130225
31.321262360,-0.5579991,-0.181473,0.7761899,0.2232971
31.353822231,-0.5574408,-0.1802992,0.7745586,0.2311682
31.388887405,-0.5561416,-0.1802084,0.7732296,0.2386949
31.421447277,-0.5550196,-0.1816856,0.7718838,0.2444723
31.454007149,-0.5544121,-0.1825631,0.7706231,0.2491295
31.486567497,-0.5547722,-0.1805795,0.7692272,0.2540394
31.521632195,-0.5564329,-0.1740426,0.7663651,0.2634459
31.554192543,-0.5551351,-0.1699805,0.7639716,0.2755116
31.586752415,-0.5524492,-0.1660078,0.762269,0.2877755
31.621817589,-0.5487776,-0.1615043,0.7614213,0.299374
31.686937809,-0.5337932,-0.1455562,0.7680281,0.3172363
31.722002029,-0.5142735,-0.140623,0.7767965,0.3300951
31.754562855,-0.4918607,-0.1384425,0.7865474,0.3418736
31.787122250,-0.4740422,-0.1278221,0.7960482,0.3491139
31.822186947,-0.456478,-0.1098399,0.807258,0.3528814
31.854747295,-0.4354398,-0.09421544,0.8186759,0.3576493
31.887307167,-0.4127197,-0.07898071,0.8277053,0.3673636
31.919867516,-0.3918287,-0.06035668,0.8352087,0.3766716
31.954932213,-0.3715492,-0.03407633,0.8440308,0.3808276
31.987492561,-0.3517163,-0.006219397,0.8524721,0.3823293
32.020052433,-0.3318883,0.02237228,0.8583863,0.3861997
32.055117607,-0.313791,0.0543166,0.8616226,0.3909206
32.087677479,-0.2991009,0.08529403,0.8632743,0.3932539
32.120237350,-0.2867953,0.1159978,0.863555,0.3939458
32.155302525,-0.2773004,0.1459169,0.8644548,0.3887908
32.187861919,-0.2726862,0.173768,0.8675919,0.3733079
32.220422745,-0.2689593,0.2031337,0.8720228,0.3501448
32.255486965,-0.2656364,0.2349253,0.8751833,0.3239275
32.288047791,-0.2647262,0.2622239,0.8756801,0.3016133
32.320607185,-0.265339,0.2863996,0.8754941,0.2787622
32.353168011,-0.2672631,0.3070946,0.8756182,0.2533452
32.388232231,-0.2716302,0.324286,0.8763554,0.2228999
32.420792580,-0.2791083,0.334848,0.8767563,0.1946829
32.453352451,-0.29164,0.3433604,0.8750644,0.1671516
32.488417149,-0.3069549,0.3519375,0.8709598,0.1413346
32.520977497,-0.323075,0.3582588,0.8656902,0.1203382
32.553537369,-0.3393546,0.366782,0.8582945,0.1013293
32.588602543,-0.3559817,0.369253,0.8525757,0.08168058
32.621162415,-0.3707271,0.3657067,0.8496156,0.06000762
32.653722763,-0.3829397,0.3573507,0.8492569,0.03237324
32.688787460,-0.391465,0.3389173,0.8535076,-0.006534781
32.721347809,-0.3614793,0.3101313,0.8766906,-0.0345343
32.753907680,-0.3326709,0.2864029,0.8958598,-0.03696265
32.786468029,-0.3370464,0.2695581,0.898457,-0.05604403
32.821532726,-0.3300004,0.2473873,0.9063089,-0.07163176
32.854092121,-0.3180282,0.2359134,0.9117823,-0.09210648
32.886652946,-0.306569,0.2282899,0.9146189,-0.1183177
32.921717167,-0.2927462,0.2222069,0.9168786,-0.1445161
32.954277515,-0.2738223,0.2098101,0.9223475,-0.1640238
32.986837387,-0.244487,0.1966425,0.9295928,-0.1845066
33.021902561,-0.205915,0.1841407,0.9340376,-0.2188437
33.054462433,-0.1768474,0.1763793,0.9286391,-0.2680904
33.087022781,-0.1542017,0.169301,0.9205067,-0.3112138
33.122087479,-0.1341038,0.1622178,0.9144446,-0.3407644
33.154647827,-0.1223255,0.1568818,0.9118571,-0.3543569
33.187207699,-0.1136074,0.1532516,0.9097757,-0.3640647
33.222272873,-0.105663,0.1492815,0.9073811,-0.3739488
33.254832745,-0.09838233,0.1456019,0.9067138,-0.3789706
33.287392616,-0.0923894,0.1432773,0.9078801,-0.3785727
33.319952965,-0.09069344,0.1425662,0.9122757,-0.3685517
33.355017662,-0.08931947,0.1451802,0.9204323,-0.3469535
33.387578011,-0.08926107,0.1537407,0.9295564,-0.3177241
33.420137882,-0.09297176,0.1644364,0.9398637,-0.2785694
33.455203056,-0.09520268,0.1720425,0.9500144,-0.235453
33.487762451,-0.08658979,0.1719102,0.9584696,-0.2022692
33.520323277,-0.08188247,0.1738707,0.963154,-0.1789589
33.555387497,-0.08002599,0.1797395,0.9631955,-0.1736998
33.587948322,-0.0718335,0.1810439,0.9611204,-0.186918
33.620507717,-0.05725269,0.180522,0.9587961,-0.2036461
33.653068542,-0.04522863,0.1800673,0.955402,-0.2221819
33.688132763,-0.03611058,0.1789331,0.9523907,-0.2371884
33.720692635,-0.02904597,0.1775529,0.9506865,-0.245874
33.753252983,-0.02167022,0.1758387,0.9490846,-0.2539238
33.788317680,-0.01224932,0.1742586,0.9456193,-0.2681711
33.820878029,-0.003165209,0.1734416,0.9409435,-0.2848879
33.853437901,0.004812156,0.172799,0.9361013,-0.3007649
33.888503075,0.01129443,0.1719543,0.931801,-0.3141317
33.921062946,0.01550128,0.1711438,0.9291793,-0.3220606
33.953623295,0.01878764,0.1705183,0.9273492,-0.3274471
33.988687992,0.02139874,0.1701606,0.9260038,-0.3312585
34.021248341,0.02232439,0.1700562,0.9257883,-0.3318529
34.053808212,0.02192,0.170023,0.9266015,-0.3296197
34.088873386,0.02028094,0.1699821,0.9283437,-0.3248085
34.121433258,0.01838069,0.1699766,0.9302154,-0.3195262
34.153993607,0.01701226,0.1700614,0.9316729,-0.3152824
34.186553478,0.01629082,0.170119,0.9324918,-0.3128589
34.221617699,0.01642945,0.1700471,0.9327765,-0.3120413
34.254178047,0.01775765,0.1696635,0.9325117,-0.3129672
34.286737919,0.01970878,0.1691402,0.9319462,-0.314813
34.321803093,0.02287634,0.1684605,0.9310806,-0.3175129
34.354362965,0.02630459,0.1678153,0.9295699,-0.3219839
34.386923313,0.02998542,0.1669198,0.927654,-0.327604
34.421988011,0.03494671,0.1654676,0.9250801,-0.3350427
34.454548359,0.04058471,0.163829,0.9215088,-0.3449086
34.487108231,0.04689082,0.1621607,0.9173285,-0.3558669
34.522173405,0.05372826,0.1603609,0.9121458,-0.3688027
34.554733276,0.05942836,0.1588098,0.9069402,-0.3812281
34.587293625,0.06428213,0.1573115,0.9018073,-0.3930549
34.619853497,0.06828869,0.1559146,0.8973352,-0.403044
34.654918671,0.07143971,0.1547144,0.8937669,-0.410814
34.687478542,0.0735591,0.1540041,0.8917325,-0.4151059
34.720038891,0.07499488,0.1536396,0.8905849,-0.4174407
34.755103588,0.07601398,0.1534011,0.8897685,-0.4190818
34.787662983,0.0761229,0.153389,0.889596,-0.4194325
34.820223808,0.07520181,0.1536478,0.8904203,-0.4177516
34.855288029,0.07310628,0.1543281,0.8923278,-0.4137839
34.887848377,0.07127187,0.1550597,0.8945592,-0.4089847
34.920408249,0.07007451,0.1557716,0.8966151,-0.4043934
34.955473423,0.06945715,0.1563687,0.8983997,-0.4002876
34.988033295,0.06831783,0.1568095,0.9001753,-0.3963021
35.020593643,0.06629788,0.1572363,0.9022266,-0.391786
35.053153515,0.06430455,0.157822,0.9037318,-0.3883988
35.088218689,0.06347749,0.1583873,0.9045128,-0.3864819
35.120778561,0.0629385,0.158906,0.9053547,-0.3843802
35.153338909,0.0631569,0.1591495,0.906054,-0.3825921
35.188403606,0.06589753,0.1593356,0.904201,-0.3864167
35.220963955,0.06999476,0.1587964,0.9002214,-0.395112
35.253523827,0.07214467,0.1574022,0.8979588,-0.4003967
35.288589001,0.06970542,0.150734,0.8978216,-0.4036885
35.321148872,0.06769384,0.1445399,0.8972881,-0.4074646
35.353708744,0.06602886,0.1381551,0.8965837,-0.4114833
35.388773918,0.06369524,0.1314637,0.8963763,-0.4144848
35.421333313,0.06061975,0.1250378,0.8969986,-0.4155862
35.453894138,0.05689586,0.1187087,0.8982103,-0.4153515
35.486454010,0.05329089,0.1125491,0.8993892,-0.4149936
35.521519184,0.04984267,0.1057605,0.900169,-0.4155166
35.554078579,0.0469239,0.09922236,0.9004347,-0.416891
35.586639404,0.04421869,0.09243684,0.9004334,-0.418745
35.621703625,0.04146276,0.08509034,0.9003521,-0.4207546
35.654263973,0.0388841,0.07826203,0.9002374,-0.4225678
35.686823845,0.03625618,0.07142878,0.900074,-0.4243557
35.721889019,0.03330468,0.06399439,0.8999043,-0.4261404
35.754448891,0.03028957,0.05711135,0.8999058,-0.4273383
35.787009239,0.02698633,0.05022004,0.9001771,-0.4278536
35.822073936,0.02333827,0.04279004,0.9006749,-0.4278277
35.854634285,0.02005902,0.03591426,0.9011123,-0.4277055
35.887194157,0.01691945,0.02908186,0.9014136,-0.4277258
35.919754505,0.01374446,0.02216358,0.9015651,-0.4279343
35.954819202,0.01025081,0.01462917,0.9016442,-0.4281894
35.987379551,0.006876744,0.007472123,0.9016981,-0.4283283
36.019939423,0.003594563,0.0003086869,0.9017333,-0.4283594
36.055004120,0.0001358244,-0.007416965,0.9016577,-0.4284694
36.087564468,-0.003212147,-0.01456923,0.9015496,-0.4285013
36.120124340,-0.006565899,-0.02178111,0.9014554,-0.4283554
36.155189514,-0.01010036,-0.02955888,0.9012401,-0.4282735
36.187748909,-0.0134007,-0.03676094,0.9009005,-0.42834
36.220309734,-0.01670816,-0.04389022,0.9004693,-0.428459
36.255373955,-0.02029826,-0.05165751,0.8999475,-0.4285341
36.287934780,-0.02362404,-0.05894571,0.8993681,-0.4286396
36.320494175,-0.02697112,-0.06621835,0.8987675,-0.4286403
36.355559349,-0.03064905,-0.07405054,0.8982208,-0.4282575
36.388119221,-0.03402298,-0.08134294,0.8978025,-0.4275562
36.420679569,-0.03735871,-0.0886495,0.8973147,-0.4268485
36.453239441,-0.0407726,-0.09590485,0.8967225,-0.4262115
36.488304615,-0.0444482,-0.1037096,0.8960466,-0.4254371
36.520864487,-0.04786084,-0.1109473,0.8951511,-0.4251262
36.553424835,-0.05136225,-0.1181054,0.894101,-0.4249992
36.588489533,-0.05517377,-0.1257223,0.8928205,-0.4250283
36.621049881,-0.05861392,-0.1327756,0.8916662,-0.4248459
36.653609753,-0.06189504,-0.1399361,0.8905385,-0.4244477
36.688674927,-0.06533956,-0.1476882,0.8895118,-0.4234565
36.753795147,-0.0713688,-0.1622578,0.8880007,-0.4203112
36.788859844,-0.07461135,-0.17019,0.8868864,-0.4189613
36.821420193,-0.07768093,-0.1774905,0.8855887,-0.4181185
36.853980064,-0.08086087,-0.1847174,0.8839915,-0.4177651
36.886540413,-0.08413791,-0.1918339,0.8821472,-0.4178093
36.921605110,-0.08776911,-0.1993148,0.8799503,-0.4181932
36.954164505,-0.09120333,-0.206075,0.8779097,-0.4184702
36.986725330,-0.09460313,-0.2127839,0.8760639,-0.418226
37.021789551,-0.09812983,-0.2200223,0.8743934,-0.4171626
37.054350376,-0.1012785,-0.2267492,0.8730149,-0.4156924
37.086909771,-0.1043523,-0.2335062,0.8716509,-0.4140506
37.121974945,-0.1076617,-0.2407932,0.8700457,-0.4124025
37.154534817,-0.1105818,-0.2475382,0.8685297,-0.4108289
37.187095165,-0.1134643,-0.2541036,0.8668969,-0.409481
37.222159863,-0.1167806,-0.2613632,0.8647908,-0.4084314
37.254720211,-0.1203115,-0.2676285,0.8627613,-0.4076407
37.287280083,-0.1233685,-0.2735532,0.8608216,-0.406894
37.319840431,-0.1257222,-0.2798509,0.8588353,-0.4060873
37.354905129,-0.1280781,-0.2868432,0.8561695,-0.4061017
37.387465477,-0.1305741,-0.2935759,0.8534434,-0.4062336
37.420025349,-0.1334507,-0.3003023,0.8509783,-0.4055527
37.455090523,-0.1367482,-0.3074748,0.8485587,-0.4041473
37.487650395,-0.1402261,-0.3135827,0.8465369,-0.4024992
37.520210743,-0.1436534,-0.3191613,0.8446343,-0.4008996
37.555275440,-0.1469393,-0.325156,0.8420591,-0.400308
37.587835789,-0.1497866,-0.3307115,0.8391323,-0.4008472
37.620395661,-0.1524862,-0.3364441,0.8362307,-0.4011226
37.655460834,-0.1551003,-0.3429314,0.8335463,-0.4002126
37.688020706,-0.157513,-0.3490538,0.8314425,-0.3983492
37.720581055,-0.1599635,-0.3550902,0.82982,-0.3954099
37.753140926,-0.1623866,-0.361044,0.8283073,-0.3921894
37.788206100,-0.165144,-0.3674005,0.8259689,-0.3900607
37.820765972,-0.1680562,-0.3727791,0.8232507,-0.3894598
37.853326321,-0.1709959,-0.3778453,0.8203392,-0.3894415
37.888390541,-0.173933,-0.3831175,0.817197,-0.389596
37.920951366,-0.1765266,-0.3879037,0.8143407,-0.3896745
37.953510761,-0.1790223,-0.3927974,0.811606,-0.3893384
37.988575935,-0.1814064,-0.3982497,0.8089873,-0.3881447
38.021135807,-0.183435,-0.4036618,0.8064907,-0.3867937
38.053696632,-0.1856405,-0.4089161,0.8038098,-0.3858013
38.088760853,-0.1882246,-0.4143183,0.8009686,-0.3846931
38.121321201,-0.1905503,-0.4191457,0.798709,-0.3830131
38.153881073,-0.1927456,-0.4238723,0.7964065,-0.3815048
38.186441422,-0.1949907,-0.428388,0.79379,-0.3807721
38.221506119,-0.1974578,-0.433233,0.7907696,-0.3803034
38.254066467,-0.1996817,-0.4378012,0.7880116,-0.379635
38.286626339,-0.2017993,-0.4423175,0.7854059,-0.3786787
38.321691036,-0.2040025,-0.4470122,0.7829331,-0.3771029
38.354251385,-0.2059175,-0.4513906,0.7806321,-0.3756136
38.386811256,-0.2078207,-0.4557073,0.7781633,-0.3744742
38.421876431,-0.2099079,-0.460407,0.7754738,-0.3731383
38.454436302,-0.2118321,-0.4648485,0.7731082,-0.3714492
38.486996651,-0.2136903,-0.4691234,0.770907,-0.3695807
38.522060871,-0.2157273,-0.4736643,0.7685531,-0.3675018
38.554621697,-0.2177559,-0.477742,0.7663459,-0.365632
38.587181568,-0.219706,-0.4817458,0.7639875,-0.3641441
38.619741917,-0.22169,-0.485546,0.7614493,-0.3632098
38.654806137,-0.2237914,-0.4896955,0.7585496,-0.3624169
38.687366962,-0.2255031,-0.4930892,0.7561547,-0.3617585
38.719926357,-0.2270605,-0.4964122,0.7539252,-0.3608921
38.754991531,-0.2286696,-0.5005059,0.751555,-0.3591613
38.787551403,-0.2298059,-0.5042664,0.7498208,-0.3567928
38.820112228,-0.2307131,-0.5080174,0.7483196,-0.3540272
38.855176449,-0.2319624,-0.5123133,0.7462145,-0.3514541
38.887736797,-0.233411,-0.5156965,0.7439938,-0.3502534
38.920296669,-0.2352371,-0.51859,0.7413903,-0.3502798
38.955361843,-0.2374804,-0.5213621,0.7384122,-0.3509412
38.987921715,-0.2395432,-0.5241245,0.7358317,-0.3508445
39.020482063,-0.2412256,-0.5271546,0.7336839,-0.3496484
39.055546761,-0.2427401,-0.5307158,0.7316331,-0.3475032
39.088107109,-0.2440403,-0.5338158,0.7298489,-0.3455914
39.120666981,-0.2452908,-0.5367552,0.728214,-0.3435962
39.153227329,-0.2464487,-0.5394999,0.7269913,-0.3410486
39.188292027,-0.2468482,-0.5432546,0.7261959,-0.3364633
39.220852375,-0.2461449,-0.5474298,0.7265478,-0.329377
39.253412247,-0.2444273,-0.5530224,0.7278805,-0.3181811
39.288477421,-0.2425992,-0.5590053,0.7296634,-0.3047584
39.321037293,-0.2412175,-0.5635659,0.7316554,-0.2924305
39.353597641,-0.2398977,-0.5678456,0.734247,-0.2784052
39.388661862,-0.2399639,-0.5732203,0.7362558,-0.2615166
39.421222687,-0.2430373,-0.577138,0.7376388,-0.2456853
39.453782559,-0.2487392,-0.5799701,0.7373642,-0.2338487
39.488847256,-0.25973,-0.58183,0.7354777,-0.2229671
39.521407128,-0.2728063,-0.5832354,0.7325684,-0.2130361
39.553967953,-0.2881696,-0.5839374,0.7284717,-0.2047734
39.586527825,-0.3010343,-0.5849612,0.7238036,-0.1998366
39.621592522,-0.3091849,-0.5890994,0.7186469,-0.1937547
39.654152393,-0.3140854,-0.5920789,0.7152573,-0.189282
39.686713219,-0.3244093,-0.5881481,0.7143287,-0.1876236
39.721777439,-0.3393368,-0.5772731,0.7184994,-0.1788646
39.754337788,-0.3268508,-0.5842478,0.7221888,-0.1639942
39.786897659,-0.3078549,-0.594702,0.7258853,-0.1458533
39.821962833,-0.2926301,-0.5984819,0.7330807,-0.1241269
39.854522705,-0.2779454,-0.5941665,0.745037,-0.106113
39.887083054,-0.2629777,-0.5900785,0.756099,-0.08713347
39.922147751,-0.2527952,-0.5846348,0.7654469,-0.07082017
39.954708099,-0.2486441,-0.5779693,0.7726064,-0.06192435
39.987267971,-0.2472469,-0.5707313,0.7790405,-0.05346404
40.019828320,-0.2465122,-0.5626854,0.7853926,-0.04901901
40.054893017,-0.2455032,-0.5547796,0.7913152,-0.04894453
40.087453365,-0.2435501,-0.5489269,0.7959977,-0.0487653
40.120013237,-0.2403606,-0.5431187,0.8011117,-0.04578843
40.155078411,-0.2365389,-0.5367627,0.8068453,-0.03954082
40.187638283,-0.2320964,-0.5309632,0.8123201,-0.03119459
40.220198631,-0.2279435,-0.5252745,0.8175043,-0.02103802
40.255262852,-0.2243528,-0.5189402,0.8227198,-0.01125312
40.287823677,-0.2218601,-0.512606,0.8274201,-0.004104006
40.320383549,-0.2201179,-0.5059776,0.8319617,0.001471582
40.355448723,-0.2189801,-0.4984544,0.8367713,0.005690427
40.388008118,-0.2178415,-0.4909697,0.8414569,0.008474656
40.420568943,-0.216112,-0.4825815,0.846715,0.01058706
40.453128815,-0.2142317,-0.4730086,0.8525705,0.01090427
40.488193512,-0.2120681,-0.4624837,0.8588106,0.01441705
40.520753384,-0.2100059,-0.4527115,0.864345,0.02203005
40.553314209,-0.2086379,-0.4414639,0.8701407,0.03259939
40.588378430,-0.2087077,-0.4280571,0.8761134,0.04755223
40.620938778,-0.2099129,-0.4161625,0.8805474,0.06331877
40.653498650,-0.2127137,-0.4039947,0.8845997,0.0751809
40.688563824,-0.220339,-0.3904442,0.8885516,0.07815273
40.721123695,-0.2294041,-0.3779169,0.8919641,0.07470115
40.753684044,-0.2362782,-0.3772839,0.8911065,0.06622835
40.788748741,-0.246147,-0.3843932,0.8864955,0.04905801
40.821309090,-0.2593215,-0.3917763,0.8805375,0.02334733
40.853868961,-0.2745466,-0.4010368,0.8720104,-0.004379686
40.886429310,-0.2898933,-0.4062889,0.8641136,-0.02874927
40.921494007,-0.3064614,-0.4047781,0.8580627,-0.0509137
40.954054356,-0.3162812,-0.4007587,0.8557772,-0.06026372
40.986614704,-0.3189477,-0.3959524,0.8574499,-0.05386464
41.021679401,-0.3141819,-0.3898914,0.8628796,-0.0366188
41.054239750,-0.3058877,-0.3866807,0.8676292,-0.02753541
41.086799622,-0.296889,-0.3870905,0.8705312,-0.02864749
41.121864796,-0.2909772,-0.3862634,0.8725025,-0.03872946
41.154424667,-0.2902816,-0.3804901,0.8748921,-0.04642794
41.186985016,-0.2916393,-0.3747591,0.8767828,-0.04880289
41.222049713,-0.2938964,-0.367399,0.8792561,-0.04668216
41.254610062,-0.2961392,-0.3564771,0.8831865,-0.04283633
41.287169933,-0.2985718,-0.3453418,0.8869767,-0.03864929
41.319730282,-0.3009097,-0.3344666,0.8904786,-0.03550885
41.354794979,-0.3033904,-0.3228602,0.8939952,-0.03340539
41.387355328,-0.3051549,-0.3127547,0.8970596,-0.031251
41.419915199,-0.3067625,-0.3032233,0.8998272,-0.02984998
41.454980373,-0.3084009,-0.2941025,0.902225,-0.03178462
41.487539768,-0.3103512,-0.2860073,0.9038976,-0.03845395
41.520100594,-0.3123341,-0.2774007,0.9052922,-0.05069584
41.555164814,-0.3111529,-0.2695681,0.9068732,-0.06874343
41.587725639,-0.3054024,-0.2637992,0.9086142,-0.09048294
41.620285034,-0.297293,-0.2578059,0.9089039,-0.1251972
41.655350208,-0.2867861,-0.2514689,0.9056021,-0.1761523
41.687910080,-0.2742046,-0.2485013,0.8974872,-0.2328158
41.720470428,-0.2592292,-0.2439372,0.8865867,-0.2896318
41.753030300,-0.2453515,-0.2413356,0.8779656,-0.3276642
41.788095474,-0.2339679,-0.2414023,0.8766747,-0.3391947
41.820655346,-0.2262589,-0.2413771,0.8829461,-0.3279905
41.853215694,-0.224065,-0.2387396,0.8927932,-0.3038851
41.888280392,-0.2267497,-0.2324763,0.9053576,-0.2673846
41.920840740,-0.2308161,-0.2254483,0.9175385,-0.2250503
41.953400612,-0.2364292,-0.2181764,0.9279703,-0.1788827
41.988465786,-0.2441925,-0.2103672,0.9356067,-0.1318468
42.021025658,-0.252949,-0.2024128,0.9397733,-0.09219359
42.053586006,-0.2616818,-0.1935809,0.9421182,-0.05558853
42.088650703,-0.2683821,-0.1828531,0.9437413,-0.02271167
42.121211052,-0.2720646,-0.1679326,0.9457209,0.004369551
42.153770924,-0.2744777,-0.1542858,0.9468297,0.0316058
42.188836098,-0.2760451,-0.1409417,0.9469574,0.06191717
42.221395969,-0.2760825,-0.1296679,0.9463976,0.08901566
42.253956318,-0.2749701,-0.1203363,0.9453863,0.1130628
42.286516666,-0.273708,-0.111488,0.9444879,0.1312433
42.321581364,-0.2732508,-0.1018704,0.9444327,0.1401103
42.354141235,-0.2733982,-0.09416249,0.9453857,0.1387819
42.386701584,-0.2730158,-0.08721532,0.9472007,0.131508
42.421766758,-0.2722704,-0.08023823,0.949342,0.1216882
42.454326630,-0.2718636,-0.07488129,0.9510257,0.1125201
42.486886978,-0.2709748,-0.07038222,0.9526134,0.1037998
42.521951199,-0.269244,-0.06529279,0.9543179,0.09565428
42.554512024,-0.2675597,-0.06025913,0.9556598,0.09012527
42.587071896,-0.2667458,-0.05553457,0.956461,0.08702198
42.622136593,-0.266647,-0.05026352,0.9569247,0.08541549
42.654696464,-0.2669596,-0.04509371,0.9572586,0.08356221
42.687257290,-0.2670791,-0.03920336,0.9576529,0.08161146
42.719816685,-0.2667756,-0.03293176,0.958027,0.08098321
42.754881859,-0.266137,-0.02568593,0.9582905,0.08257216
42.787441730,-0.2661091,-0.01974976,0.9582611,0.08461168
42.820002556,-0.265755,-0.01455083,0.9583099,0.08621044
42.855066776,-0.2658797,-0.00893378,0.958411,0.08546518
42.887627125,-0.264967,-0.004140668,0.9590422,0.08149286
42.920186996,-0.2638937,0.0004316637,0.9597668,0.07638973
42.955252171,-0.2634967,0.005901763,0.9600642,0.07375016
42.987812042,-0.2637176,0.01148049,0.9599383,0.07394074
43.020372391,-0.2645423,0.0170518,0.9594061,0.0767731
43.055437088,-0.2644317,0.02302017,0.9590582,0.07988096
43.087997437,-0.264852,0.02857114,0.9585631,0.08259245
43.120557308,-0.2658366,0.0332916,0.9578568,0.08579465
43.153117657,-0.2665036,0.03704647,0.9571959,0.08948228
43.188182354,-0.2668623,0.04217274,0.9565416,0.09306952
43.220742703,-0.2672054,0.04674395,0.9560875,0.09455504
43.253303051,-0.2674537,0.05036834,0.9559353,0.0935257
43.288367748,-0.2665004,0.05458339,0.9565086,0.08784636
43.320928097,-0.2652684,0.05889737,0.9572887,0.07993571
43.353487969,-0.2629443,0.06296065,0.958383,0.0708932
43.388553143,-0.2596492,0.06694917,0.9598344,0.0586984
43.421113014,-0.2573447,0.06905765,0.9609512,0.04695904
43.453673363,-0.2559892,0.0723362,0.9612617,0.04290222
43.488738060,-0.2584712,0.08086296,0.9596288,0.04892683
43.521298409,-0.2658968,0.08985997,0.9560975,0.06106871
43.553858280,-0.2797983,0.09549557,0.950124,0.08053303
43.586418629,-0.3003262,0.09816456,0.9412201,0.1044039
43.654043674,-0.3120941,0.08668296,0.938859,0.1012651
43.686603546,-0.3114717,0.06860477,0.9434584,0.06922928
43.721668720,-0.3105998,0.04866556,0.9471583,0.02604108
43.754228115,-0.3094132,0.02658348,0.948772,-0.004013257
43.786788940,-0.3087337,0.004273185,0.9490891,-0.02286873
43.821853161,-0.3069223,-0.009639857,0.9492223,-0.03620172
43.854413509,-0.3074742,-0.01411136,0.9488745,-0.03905718
43.886973381,-0.3154771,-0.005339774,0.9467864,-0.02586088
43.922038555,-0.3237181,0.01388771,0.9442664,0.001594973
43.954599380,-0.3252892,0.0224412,0.943502,0.01072002
43.987158775,-0.3201367,0.02899492,0.9451426,0.00222622
44.019719601,-0.3147042,0.03013398,0.9468091,-0.01528044
44.054783821,-0.3132673,0.02725634,0.9468332,-0.03543083
44.087344170,-0.3139147,0.0244656,0.945875,-0.05298287
44.119904041,-0.3116566,0.02406266,0.9450805,-0.07577258
44.154969215,-0.3049463,0.02356244,0.9442194,-0.1073772
44.187529087,-0.2953734,0.02255897,0.9432868,-0.1381419
44.220089436,-0.2834992,0.01792707,0.9419988,-0.1690348
44.255154133,-0.2719158,0.01152809,0.9403109,-0.1958878
44.287714481,-0.2632264,0.006393243,0.939508,-0.2112429
44.320274353,-0.2558671,-0.0008150981,0.9392999,-0.2210759
44.355339527,-0.2485421,-0.009204359,0.9398673,-0.2267582
44.387899399,-0.246222,-0.01421073,0.9413348,-0.2229104
44.420459747,-0.2496025,-0.01716978,0.9431373,-0.211006
44.453019619,-0.2551595,-0.01856836,0.9454721,-0.1930263
44.488084793,-0.2618663,-0.02052812,0.9479311,-0.1704674
44.520644665,-0.2682523,-0.02164759,0.9496731,-0.1494013
44.553205013,-0.273878,-0.01834736,0.9507711,-0.1315911
44.588270188,-0.2795923,-0.01257289,0.9515393,-0.1134489
44.620830059,-0.2825392,-0.006534832,0.9523434,-0.09898802
44.653390407,-0.2830515,0.0004355294,0.9533124,-0.0877771
44.688455105,-0.2827474,0.006867343,0.9540487,-0.0801588
44.721015453,-0.2818092,0.009528237,0.954457,-0.07830873
44.753575325,-0.2806912,0.01215205,0.9546989,-0.07900958
44.788640499,-0.2799088,0.01713144,0.9548241,-0.07934868
44.821200371,-0.2815638,0.02188882,0.9545379,-0.07568255
44.853760719,-0.2866203,0.02714271,0.9534569,-0.06826201
44.888824940,-0.2942314,0.04430503,0.9509493,-0.06154667
44.921385765,-0.3008446,0.07266422,0.94802,-0.04580511
44.953945160,-0.3069669,0.09221668,0.945371,-0.01298495
44.986505985,-0.3133032,0.1093089,0.9412397,0.02425294
45.021570206,-0.3191508,0.1184991,0.9372922,0.04702947
45.054131031,-0.3205262,0.1118006,0.9374992,0.04986539
45.086691380,-0.3114718,0.09317061,0.9432102,0.03587165
45.121755600,-0.2943983,0.09004363,0.9495664,0.01315982
45.154316425,-0.2857597,0.09124054,0.9521589,0.00613544
45.186875820,-0.2882497,0.08727265,0.9516634,0.01612714
45.221940994,-0.2947586,0.08417233,0.9493842,0.03646492
45.254500866,-0.300509,0.08618271,0.9468474,0.0487291
45.287061691,-0.3033399,0.0946407,0.9449446,0.0523005
45.322125912,-0.3045154,0.1056122,0.9430336,0.05857966
45.354686260,-0.306575,0.1126741,0.9408726,0.06857599
45.387246132,-0.309348,0.1176227,0.9386195,0.07803679
45.419806481,-0.312461,0.1210365,0.9365368,0.08511663
45.454871178,-0.315475,0.1258956,0.9343613,0.09067798
45.487431526,-0.3185859,0.1317102,0.9321496,0.09423515
45.519991398,-0.3210704,0.1375051,0.930212,0.0966411
45.555056572,-0.3239582,0.143285,0.9280053,0.09977041
45.587616921,-0.3267837,0.1478514,0.9260041,0.1024524
45.620176792,-0.3291706,0.1528337,0.9241098,0.1045822
45.655241966,-0.3312664,0.1581518,0.9222285,0.1066443
45.687801838,-0.3323789,0.1643034,0.920867,0.1056427
45.720362186,-0.3331987,0.1699722,0.9197283,0.103998
45.755426884,-0.333719,0.1753711,0.9189064,0.1005759
45.787987232,-0.3335336,0.1797535,0.9186372,0.09579935
45.820547104,-0.3332952,0.1836235,0.9185696,0.08974691
45.853107452,-0.3329493,0.1876668,0.9183086,0.08522324
45.888172150,-0.3344122,0.191709,0.9172009,0.08238
45.920732498,-0.3357164,0.1962285,0.9160793,0.07883582
45.953292370,-0.3362959,0.2021426,0.9149573,0.07432419
45.988357544,-0.3381186,0.2092982,0.9129305,0.07110282
46.020917892,-0.3404785,0.2148112,0.9108109,0.07058047
46.053477764,-0.3443232,0.2191963,0.9082298,0.0717007
46.088542938,-0.3465091,0.2225359,0.9067618,0.0694252
46.121102810,-0.3444434,0.2246636,0.9075598,0.06203141
46.153663158,-0.3407873,0.2277567,0.908649,0.05454927
46.188727856,-0.3390013,0.2318705,0.9087051,0.04687348
46.221288204,-0.3385848,0.2373909,0.9077501,0.04029136
46.253848076,-0.340201,0.2441191,0.9054706,0.03768077
46.286408424,-0.3436087,0.2524883,0.9017645,0.04038989
46.321472645,-0.3482221,0.2629032,0.8965488,0.04950918
46.354033470,-0.3542412,0.2705148,0.8910056,0.06380983
46.386593342,-0.3606271,0.274145,0.8861219,0.07879259
46.421658516,-0.3656604,0.2763726,0.8822437,0.09046748
46.454218865,-0.3680923,0.2779364,0.8803159,0.09450402
46.486778736,-0.3684177,0.2818387,0.8790288,0.09365515
46.521843910,-0.3683043,0.2877345,0.8774125,0.09130035
46.554403305,-0.3688353,0.2924161,0.8758448,0.08931334
46.586964131,-0.3699967,0.2976331,0.8737849,0.08743333
46.622028351,-0.3744979,0.3039244,0.8693526,0.09074647
46.654589176,-0.3811723,0.3064053,0.8646649,0.09902458
46.687148571,-0.39034,0.3075769,0.8591006,0.1077263
46.719709396,-0.4008195,0.3081093,0.8534322,0.1126658
46.754773617,-0.4107006,0.308343,0.8482435,0.1155868
46.787333965,-0.4186428,0.3059454,0.8444534,0.1210858
46.819893837,-0.4237907,0.3017857,0.8420259,0.1301795
46.854959011,-0.4226091,0.3001819,0.8415042,0.1406796
46.887519836,-0.418837,0.3030783,0.8398529,0.1548997
46.920079231,-0.4145754,0.3082823,0.8357788,0.176609
46.955144405,-0.4166405,0.3146732,0.8211915,0.2228538
46.987704277,-0.4206217,0.320721,0.8022065,0.2707544
47.020264626,-0.4215975,0.3302481,0.7805392,0.3171404
47.055329323,-0.421299,0.3491232,0.7528284,0.3612438
47.087889671,-0.4198864,0.3672779,0.7245502,0.4005707
47.120449543,-0.4220396,0.3789229,0.6896257,0.4464794
47.153009892,-0.4294252,0.3853692,0.6457113,0.4967586
47.188074589,-0.4433795,0.3911435,0.5862535,0.5507776
47.220634937,-0.4602551,0.404682,0.5137053,0.5976053
47.253195286,-0.4611501,0.4292652,0.4283236,0.6451655
47.288259983,-0.4435872,0.4361332,0.3546422,0.695611
47.320820332,-0.4401633,0.4087454,0.2511326,0.7567979
47.353380203,-0.4495539,0.342143,0.0838325,0.8188031
47.388445377,-0.4398132,0.2433994,-0.1086688,0.8556513
47.421005249,-0.3916131,0.1464356,-0.2100933,0.8818639
47.453565598,-0.3274721,-0.005832778,-0.3460977,0.877252
47.488630295,-0.3405661,0.04009557,-0.4246831,0.83587
47.521190643,-0.3887054,0.09099486,-0.4072638,0.8193851
47.553750515,-0.320252,0.1361323,-0.3780334,0.8559346
47.588815689,-0.3942241,0.06290227,-0.4643619,0.7884327
47.621375561,-0.3284025,0.01552074,-0.5740796,0.7476435
47.653935909,-0.2910956,-0.04203459,-0.6489959,0.699234
47.686496258,-0.2416944,-0.08778267,-0.6770837,0.6870686
47.721560955,-0.2037249,-0.110017,-0.6716805,0.7013311
47.754121304,-0.195611,-0.1303715,-0.6666178,0.7049738
47.786681175,-0.1919442,-0.1525604,-0.6631366,0.7048123
47.821746349,-0.1904511,-0.1740918,-0.6622766,0.7010263
47.854306221,-0.1942779,-0.1908887,-0.6657529,0.692256
47.886866569,-0.2000284,-0.2086752,-0.6671854,0.6840574
47.921930790,-0.201068,-0.2313261,-0.6527218,0.6903924
47.954491615,-0.1845118,-0.2674752,-0.6471515,0.6871935
47.987051487,-0.1565113,-0.2914691,-0.6726347,0.6593483
48.022116184,-0.1457244,-0.2970375,-0.6844711,0.6470395
48.054677010,-0.1369076,-0.3058176,-0.6926351,0.6360945
48.087236881,-0.1237788,-0.3162775,-0.7059321,0.6188173
48.119797230,-0.1080253,-0.3238549,-0.7192229,0.6023245
48.154861450,-0.08745513,-0.3287077,-0.7331474,0.5860249
48.187422276,-0.06616087,-0.3320773,-0.7492146,0.5662618
48.219982147,-0.05279388,-0.3324759,-0.76353,0.5480165
48.255046845,-0.05069178,-0.3307151,-0.7707337,0.5391244
48.287606716,-0.04974758,-0.3304498,-0.7737426,0.5350497
48.320167542,-0.05076516,-0.3305356,-0.7729324,0.5360712
48.355231762,-0.05332376,-0.3304375,-0.7707049,0.539082
48.387792111,-0.0560032,-0.3299162,-0.7689782,0.5415896
48.420352936,-0.05806294,-0.3289398,-0.7678066,0.5436251
48.455417156,-0.05978361,-0.3271929,-0.7668954,0.5457745
48.487977505,-0.06234777,-0.3253176,-0.7659832,0.5478857
48.520537377,-0.06700461,-0.3227876,-0.7643055,0.5511655
48.553098202,-0.07224745,-0.3199337,-0.762592,0.5545305
48.588162422,-0.07880817,-0.316932,-0.7601144,0.5587461
48.620722771,-0.0855618,-0.3138273,-0.7574778,0.563069
48.653282642,-0.09179568,-0.3102305,-0.7547185,0.5677661
48.688347816,-0.0962305,-0.3064295,-0.7535493,0.5706416
48.720907688,-0.09895353,-0.3032049,-0.7540095,0.5712901
48.753468037,-0.1007846,-0.2992452,-0.7548782,0.5719104
48.788533211,-0.09996492,-0.2933008,-0.7566147,0.5728382
48.821093082,-0.09779858,-0.2880207,-0.7600374,0.5713583
48.853653431,-0.09580208,-0.2833228,-0.7634205,0.5695323
48.888718128,-0.09426503,-0.2776604,-0.7668636,0.5679496
48.921278477,-0.09370278,-0.2729878,-0.7692811,0.5670376
48.953838348,-0.09315117,-0.2689236,-0.7711084,0.5665884
48.986398697,-0.09349441,-0.2656414,-0.7725695,0.5660896
49.021463394,-0.09466589,-0.262231,-0.7734115,0.5663351
49.054023743,-0.09644215,-0.2590865,-0.773758,0.5670092
49.086584091,-0.09892757,-0.2553043,-0.7738155,0.5682168
49.121648788,-0.1030109,-0.2506829,-0.7736745,0.5697388
49.154209137,-0.1084149,-0.2463198,-0.7725207,0.5721995
49.186769009,-0.1146743,-0.2424131,-0.7709321,0.5747843
49.221834183,-0.1217026,-0.2390566,-0.7687349,0.5776806
49.254394054,-0.1286174,-0.2361352,-0.7665623,0.5802651
49.286954403,-0.1358736,-0.2321346,-0.7642914,0.5832137
49.322019100,-0.142042,-0.2249858,-0.7628388,0.5864385
49.354579449,-0.1460422,-0.2164271,-0.7639381,0.5872455
49.387139320,-0.1510458,-0.2090464,-0.7653037,0.5868753
49.419699669,-0.1576975,-0.2022943,-0.7637833,0.5894668
49.454764843,-0.1655652,-0.1954712,-0.7582858,0.5966653
49.487324715,-0.1714433,-0.1913239,-0.7530416,0.602958
49.519885063,-0.1761789,-0.1898447,-0.7477745,0.6085894
49.554949761,-0.1801177,-0.1887167,-0.7406156,0.6164899
49.587510109,-0.1825978,-0.1872665,-0.7338286,0.6242695
49.620069981,-0.1836955,-0.1852547,-0.7296243,0.6294543
49.655135155,-0.184805,-0.1841478,-0.7277845,0.6315807
49.687695026,-0.1854306,-0.1836436,-0.7267103,0.63278
49.720255375,-0.1851018,-0.1825566,-0.726464,0.6334732
49.755319595,-0.1848193,-0.181059,-0.7274426,0.632862
49.787880421,-0.1855585,-0.1799817,-0.7282389,0.6320368
49.820440769,-0.1864511,-0.1793866,-0.7282798,0.631896
49.853000641,-0.1872871,-0.1787962,-0.7277965,0.6323729
49.888065815,-0.1885578,-0.1779313,-0.7269191,0.6332478
49.920625687,-0.1897891,-0.1769598,-0.7260082,0.6341965
49.953186035,-0.1904877,-0.176012,-0.725254,0.6351131
49.988250256,-0.1910343,-0.1750303,-0.7244729,0.6361109
50.020811081,-0.191616,-0.1741036,-0.7234141,0.637394
50.053370953,-0.1923624,-0.1728018,-0.7223853,0.638689
50.088435650,-0.1933396,-0.1707947,-0.7199122,0.6417189
50.120995522,-0.194919,-0.1682638,-0.7167438,0.6454456
50.153556347,-0.1972061,-0.1652655,-0.713048,0.6496054
50.188621521,-0.2005425,-0.1610559,-0.7075685,0.6556052
50.221180916,-0.2046303,-0.1565231,-0.7019977,0.6614029
50.253741741,-0.2099664,-0.1515983,-0.6959245,0.6672698
50.288805962,-0.2167937,-0.1460237,-0.6886207,0.6738744
50.321366310,-0.2241095,-0.1400782,-0.6818982,0.6795555
50.353926182,-0.2320951,-0.1336773,-0.6747542,0.6852713
50.386487007,-0.239663,-0.1277639,-0.6678594,0.6905285
50.421551228,-0.2467379,-0.1225651,-0.661825,0.6947759
50.454111576,-0.2524057,-0.118591,-0.6573271,0.6976935
50.486672402,-0.2577571,-0.1149556,-0.6535977,0.6998459
50.521736622,-0.2624631,-0.1121561,-0.6501027,0.7018037
50.554296970,-0.265001,-0.1108987,-0.6485463,0.7024895
50.586856842,-0.2668093,-0.1101532,-0.648253,0.7021928
50.621922016,-0.2687999,-0.1087766,-0.6480522,0.7018335
50.654481888,-0.2714137,-0.1067817,-0.647561,0.7015874
50.687042236,-0.275232,-0.104085,-0.6469572,0.7010618
50.722106934,-0.2797137,-0.1016413,-0.6460674,0.7004669
50.754667282,-0.2827376,-0.1006609,-0.6450565,0.7003261
50.787227631,-0.2847055,-0.09967678,-0.6438771,0.7007549
50.819787502,-0.286535,-0.09822637,-0.6425741,0.7014097
50.854852676,-0.2888338,-0.0965478,-0.6405945,0.7025098
50.887412548,-0.2908585,-0.09513866,-0.6391388,0.7031921
50.919972897,-0.2923474,-0.09423734,-0.6381088,0.7036315
50.955037594,-0.2934562,-0.09392437,-0.6373094,0.7039362
50.987597942,-0.2938147,-0.09445754,-0.636986,0.704008
51.020157814,-0.2936726,-0.09550917,-0.6375437,0.7034204
51.055222988,-0.2932728,-0.09634203,-0.6389883,0.7021615
51.087783337,-0.2923214,-0.09717682,-0.6403556,0.701197
51.120343208,-0.2904316,-0.09835899,-0.6423833,0.6999617
51.155408382,-0.2884347,-0.09886293,-0.644575,0.6987004
51.187968254,-0.2877878,-0.09852616,-0.64521,0.6984286
51.220528603,-0.2884619,-0.09802148,-0.6443425,0.6990221
51.253088474,-0.290023,-0.09722309,-0.642785,0.6999211
51.288153648,-0.2921903,-0.09579746,-0.6407877,0.7010466
51.320713520,-0.2931833,-0.09463815,-0.6396694,0.7018104
51.353273869,-0.2921528,-0.0944365,-0.6400068,0.7019596
51.388339043,-0.2887926,-0.09463734,-0.6422753,0.7012509
51.420898914,-0.2843223,-0.09525502,-0.6450105,0.7004831
51.453459263,-0.2790643,-0.096132,-0.6479205,0.6997917
51.488523960,-0.2724338,-0.09727076,-0.652069,0.6983923
51.521084309,-0.2657968,-0.09858273,-0.6568874,0.6962472
51.553644180,-0.2595882,-0.0992078,-0.6612141,0.6944029
51.588709355,-0.2543871,-0.0990167,-0.6636233,0.6940567
51.621269226,-0.2517071,-0.1006612,-0.6639956,0.694441
51.653829575,-0.2509831,-0.1041793,-0.6626113,0.6955057
51.686389923,-0.2501789,-0.1088539,-0.660292,0.6972829
51.721454620,-0.2488114,-0.1146666,-0.6584339,0.6985964
51.754014969,-0.2471033,-0.1207243,-0.6577148,0.6988596
51.786574840,-0.2449793,-0.127896,-0.6586229,0.6974751
51.821640015,-0.2422016,-0.1365699,-0.6620056,0.6935873
51.854199886,-0.2388212,-0.1451678,-0.666064,0.6891133
51.886760235,-0.2343616,-0.1506597,-0.6636317,0.691807
51.921824455,-0.2358222,-0.1565522,-0.6595835,0.6938707
51.954385281,-0.2347294,-0.164265,-0.6622304,0.6899257
51.986945152,-0.2303349,-0.1739296,-0.6655528,0.685829
52.022009850,-0.2253786,-0.1803502,-0.6641302,0.6871951
52.054570675,-0.2222303,-0.1842802,-0.6645148,0.6868058
52.087130547,-0.2170951,-0.1882214,-0.6698395,0.6821914
52.119690895,-0.2072121,-0.1877752,-0.6784369,0.6768713
52.154755116,-0.1970532,-0.1857378,-0.6861339,0.6726956
52.187315941,-0.1887792,-0.1823542,-0.6915399,0.6704547
52.219875813,-0.1796402,-0.1783463,-0.6977338,0.6676205
52.254940510,-0.1693458,-0.1735916,-0.7046535,0.6642884
52.287500382,-0.1605749,-0.1689373,-0.710545,0.6613844
52.320061207,-0.1577122,-0.169027,-0.7146175,0.657652
52.355126381,-0.1548823,-0.1697883,-0.7187251,0.6536402
52.387685776,-0.1515287,-0.1711868,-0.7230262,0.6493036
52.420246601,-0.1468951,-0.1739166,-0.7289038,0.6430411
52.455310822,-0.1392698,-0.1797944,-0.7397888,0.6305697
52.487871647,-0.1301463,-0.1882583,-0.7513276,0.6162429
52.520431042,-0.1196627,-0.1976645,-0.763643,0.6000722
52.552991867,-0.106963,-0.2079747,-0.7754331,0.5836409
52.588057041,-0.09081416,-0.2193322,-0.7859963,0.5678766
52.620616436,-0.07435951,-0.2291103,-0.7945551,0.5543367
52.653177261,-0.05690181,-0.2369333,-0.8030413,0.5407191
52.688241482,-0.03738681,-0.244085,-0.8120022,0.5256471
52.720802307,-0.02046266,-0.2499198,-0.8194173,0.5121567
52.753361702,-0.004689944,-0.2557252,-0.8265821,0.4979681
52.788426876,0.01146511,-0.2617523,-0.8343686,0.4814675
52.820986748,0.02457077,-0.267083,-0.840518,0.4671403
52.853547096,0.03625084,-0.2727917,-0.8451081,0.4546323
52.888612270,0.0471262,-0.2802542,-0.8478875,0.4437917
52.921172142,0.05658041,-0.2879582,-0.8487915,0.4359581
52.953732967,0.06457735,-0.2952462,-0.8490636,0.4293928
52.988797188,0.06357521,-0.2952931,-0.8519428,0.4237704
53.021357536,0.0684296,-0.2987027,-0.8522427,0.4200049
53.053917408,0.07654012,-0.3009419,-0.8551772,0.4109444
53.086477757,0.0868884,-0.2972739,-0.859144,0.4032097
53.121542454,0.1006076,-0.2900258,-0.8665578,0.3891894
53.154102802,0.1177647,-0.28077,-0.8732403,0.3760037
53.186663628,0.1397918,-0.2704769,-0.8757106,0.3702148
53.221727848,0.1667273,-0.2626929,-0.8752865,0.3656441
53.254288197,0.1950629,-0.2622917,-0.8746809,0.3531495
53.286848068,0.2248583,-0.2639826,-0.8732126,0.33746
53.321913242,0.2554211,-0.2639204,-0.8706825,0.3219403
53.354473114,0.2787651,-0.2633552,-0.8673949,0.3117496
53.387033463,0.2960268,-0.2634622,-0.8646071,0.3033777
53.422098160,0.3090908,-0.2649518,-0.8621625,0.2959169
53.454658508,0.3198332,-0.2654936,-0.859587,0.2914748
53.487218857,0.327018,-0.2653466,-0.8580361,0.2881876
53.519778729,0.3311333,-0.2641118,-0.8572547,0.2869453
53.554843903,0.3322209,-0.2633143,-0.856661,0.2881917
53.587403774,0.33262,-0.2644752,-0.8553299,0.2906118
53.619964123,0.3330463,-0.2688746,-0.8535507,0.2913168
53.655028820,0.3329245,-0.2781308,-0.8523636,0.2861968
53.687589168,0.3260875,-0.2819919,-0.8564573,0.2779499
53.720149517,0.3129264,-0.2830347,-0.8614362,0.2766294
53.755214214,0.2963074,-0.28853,-0.8622556,0.2865228
53.787774563,0.2774622,-0.2996276,-0.8607909,0.2981693
53.820334434,0.2560339,-0.3126025,-0.8607422,0.3041002
53.855399609,0.233969,-0.325108,-0.8640595,0.2993195
53.887959480,0.2170904,-0.3373327,-0.8692717,0.2829714
53.920519829,0.2031794,-0.3497002,-0.8756056,0.2576242
53.953079700,0.1872249,-0.355843,-0.8854918,0.2255098
53.988144875,0.17637,-0.3532136,-0.8963007,0.1934081
54.020705223,0.167065,-0.3553573,-0.9005468,0.1773514
54.053265095,0.1602919,-0.3579311,-0.9034651,0.1630039
54.088330269,0.1644508,-0.3586177,-0.9042104,0.1529066
54.120890141,0.1763545,-0.3555588,-0.9018986,0.160261
54.153450489,0.1842439,-0.353468,-0.8989597,0.1720864
54.188515186,0.1936883,-0.350778,-0.8956236,0.184189
54.221075535,0.2031974,-0.3507991,-0.8919086,0.1917747
54.253635883,0.2072408,-0.3527055,-0.8892315,0.1963291
54.288700581,0.2033661,-0.3543366,-0.8889281,0.1988025
54.321260929,0.1962228,-0.3535725,-0.8907877,0.1990174
54.353820801,0.1873292,-0.3516827,-0.8930627,0.2007324
54.386381149,0.1754119,-0.351647,-0.894078,0.2069478
54.421445847,0.1621481,-0.3532123,-0.8936751,0.2166139
54.454006195,0.1541715,-0.3544623,-0.8927719,0.2239945
54.486566067,0.1500099,-0.3542193,-0.8927692,0.2271931
54.521631241,0.1480016,-0.3525847,-0.8943309,0.2248989
54.554191589,0.1476941,-0.3505231,-0.8956826,0.2229361
54.586751461,0.1459807,-0.3481699,-0.8959206,0.2267625
54.621816635,0.1420544,-0.34538,-0.8947972,0.2376945
54.654376507,0.1382952,-0.3425542,-0.8934073,0.2489623
54.686936855,0.1329163,-0.3389129,-0.8926917,0.2592304
54.722001076,0.1226112,-0.335079,-0.8919361,0.2715997
54.754561901,0.1100523,-0.3309497,-0.8905801,0.2861041
54.787122250,0.0969497,-0.3260484,-0.888877,0.3013614
54.819682121,0.08485802,-0.3207874,-0.886726,0.3166058
54.854747295,0.07120246,-0.3170235,-0.8841898,0.3305486
54.887307167,0.05508664,-0.3143086,-0.8812068,0.3439156
54.919867516,0.04266832,-0.3101818,-0.8766258,0.3607236
54.954931736,0.03144495,-0.3060144,-0.8710926,0.378407
54.987492561,0.01946065,-0.3033946,-0.8648354,0.3952979
55.020051956,0.007805913,-0.3006512,-0.8570748,0.4142444
55.055117130,0.002864541,-0.2976248,-0.8488441,0.4330159
55.087677956,0.002751668,-0.2947829,-0.8426257,0.4468837
55.120237827,0.002477684,-0.2914226,-0.8386229,0.4565151
55.155302525,0.004956271,-0.2890078,-0.8349239,0.4647363
55.187862396,0.008796263,-0.2892181,-0.8304893,0.4724305
55.220423222,0.01301573,-0.2926506,-0.8254001,0.4790914
55.252982616,0.01288005,-0.2963792,-0.8209764,0.4843748
55.288047791,0.00904409,-0.3023055,-0.8151545,0.4905919
55.320608616,0.00848012,-0.312205,-0.8077157,0.496668
55.353168488,0.01533524,-0.3240457,-0.8003761,0.5007843
55.388233185,0.01445937,-0.3354172,-0.7961239,0.5001007
55.420793057,-0.001339665,-0.3532487,-0.7862003,0.5037164
55.453353882,-0.0255032,-0.3759309,-0.767894,0.5147737
55.488418102,-0.04884863,-0.3947476,-0.7450365,0.5322935
55.520978451,-0.07309294,-0.40823,-0.7244805,0.5475047
55.553538323,-0.1035446,-0.4216771,-0.6967511,0.5680074
55.588603497,-0.1370044,-0.4378342,-0.6610225,0.590938
55.621163845,-0.1654215,-0.4662208,-0.6371902,0.5881245
55.653723717,-0.1891595,-0.4794168,-0.6086028,0.6005068
55.688788891,-0.199524,-0.4943359,-0.5946264,0.599057
55.721348762,-0.2055272,-0.5076813,-0.5806141,0.5996109
55.753909111,-0.2114447,-0.5125164,-0.5628506,0.6102825
55.786468983,-0.2054512,-0.5148784,-0.5581206,0.6146699
55.821534157,-0.1896035,-0.5196542,-0.5596958,0.6143113
55.854094505,-0.181142,-0.5206063,-0.5531057,0.6219794
55.886654377,-0.1719624,-0.5191294,-0.555147,0.6239977
55.921719551,-0.161788,-0.5177559,-0.5573403,0.6259017
55.954279423,-0.1567736,-0.5170768,-0.5489073,0.6351237
55.986839771,-0.1472636,-0.5223023,-0.5450013,0.6364862
56.021904469,-0.1368415,-0.5285761,-0.5409747,0.6370682
56.054464817,-0.1310553,-0.5333946,-0.5340431,0.6401096
56.087024689,-0.1280345,-0.537323,-0.5275555,0.6428096
56.122089863,-0.1237641,-0.5404717,-0.5225557,0.6450862
56.154650211,-0.1171995,-0.5420154,-0.520373,0.646779
56.187210083,-0.1111086,-0.5428675,-0.5183198,0.6487851
56.219770432,-0.1051024,-0.5435722,-0.5181863,0.6493024
56.254835129,-0.1015235,-0.5439872,-0.5179881,0.6496822
56.287395477,-0.1010034,-0.5438861,-0.5143883,0.6527011
56.319955349,-0.1017143,-0.5435145,-0.5086139,0.6574083
56.355020523,-0.1013423,-0.5429577,-0.5038602,0.6615735
56.387580395,-0.1002477,-0.5431401,-0.4999121,0.6645788
56.420140743,-0.09874129,-0.5439054,-0.4946436,0.6681111
56.455205917,-0.09461787,-0.545672,-0.487761,0.6723142
56.487765789,-0.08693008,-0.5467136,-0.4830045,0.6759303
56.520326138,-0.07756277,-0.5474448,-0.4788125,0.6794516
56.555390835,-0.06733725,-0.547999,-0.472678,0.6843728
56.587951183,-0.05679496,-0.5485557,-0.466639,0.6890114
56.620511055,-0.04427339,-0.5488781,-0.4628357,0.6922308
56.653071403,-0.0332232,-0.5495464,-0.4570009,0.6961845
56.688136578,-0.02327173,-0.5502552,-0.4467888,0.7026273
56.720696449,-0.013852,-0.5505972,-0.4380131,0.7081122
56.753256798,-0.006251957,-0.5520753,-0.4319938,0.7107621
56.788321495,-0.0008985292,-0.5571695,-0.4254955,0.7107338
56.820881844,0.00856055,-0.5652152,-0.4136831,0.7113033
56.853441715,0.01826384,-0.5712231,-0.4024098,0.7127866
56.888506889,0.02345161,-0.5746682,-0.3928226,0.7152094
56.921067238,0.02583519,-0.5779343,-0.3811933,0.7187795
56.953627110,0.02857422,-0.5808004,-0.3713703,0.7215027
56.988692284,0.03245614,-0.5831392,-0.3643275,0.7230412
57.021252155,0.03466314,-0.5851277,-0.3584151,0.7242861
57.053812504,0.03639046,-0.5873782,-0.3523823,0.7253393
57.086372376,0.03866439,-0.5906532,-0.3464056,0.725441
57.121437550,0.04124064,-0.5953014,-0.3404661,0.7243107
57.153997421,0.04293184,-0.5998846,-0.3351648,0.7229021
57.186557770,0.04384852,-0.6043867,-0.3292595,0.7218102
57.221622944,0.0440391,-0.608505,-0.3229912,0.7211704
57.254182816,0.04461843,-0.6129029,-0.316502,0.7202871
57.286743164,0.04549044,-0.6176285,-0.3095163,0.7192309
57.321807385,0.04502868,-0.6228594,-0.3010672,0.7183347
57.354368210,0.04242218,-0.6272556,-0.2917301,0.7185208
57.386928082,0.03808789,-0.6305579,-0.2803691,0.7203935
57.421993256,0.03441915,-0.633866,-0.2665643,0.722911
57.454553604,0.0317395,-0.6372695,-0.2547541,0.7242984
57.487113476,0.02834107,-0.6421361,-0.2442476,0.7237602
57.519673824,0.02379577,-0.6483092,-0.2339492,0.7218202
57.554738045,0.01873359,-0.6541679,-0.2241923,0.7197769
57.587298870,0.01557947,-0.659869,-0.2151569,0.7174019
57.619858742,0.01413531,-0.665739,-0.2078761,0.7141477
57.654923916,0.006223991,-0.6705734,-0.1986536,0.7123602
57.687484264,-0.01004913,-0.6744802,-0.1802216,0.7135288
57.720044136,-0.04021793,-0.6773251,-0.14844,0.7170819
57.755109310,-0.07135089,-0.6814518,-0.1114883,0.7174472
57.787668705,-0.09472824,-0.6940867,-0.06864969,0.7079442
57.820229530,-0.123648,-0.7097403,-0.009952968,0.6910198
57.855293751,-0.1532903,-0.7240577,0.04782413,0.6682686
57.887854576,-0.1801217,-0.7335279,0.1001266,0.6450545
57.920413971,-0.2090365,-0.7390701,0.1560756,0.6183423
57.952974796,-0.2411911,-0.7422327,0.2108843,0.585724
57.988039970,-0.273412,-0.7393165,0.2484195,0.5599754
58.020599365,-0.3151287,-0.7428525,0.2572256,0.5285137
58.053160191,-0.3538668,-0.7304947,0.2846626,0.5067056
58.088224411,-0.3734309,-0.7122973,0.299424,0.5100538
58.120785236,-0.3740456,-0.7065346,0.2759595,0.5304458
58.153344631,-0.359064,-0.707167,0.2393109,0.5570869
58.188409805,-0.3396012,-0.7132273,0.216589,0.5706968
58.220970631,-0.3295594,-0.7178391,0.2054293,0.5749123
58.253530026,-0.334657,-0.7184478,0.1996217,0.5732505
58.288595200,-0.3418549,-0.7158463,0.1990079,0.5724708
58.321155071,-0.3386013,-0.71413,0.1947854,0.5779738
58.353715897,-0.3334775,-0.7111393,0.1843714,0.5879699
58.386275292,-0.3320865,-0.7051935,0.1734289,0.5991417
58.421340466,-0.3321694,-0.6963013,0.1613119,0.6127268
58.453900337,-0.3313124,-0.6886929,0.1509024,0.6243318
58.486460686,-0.3319164,-0.6834999,0.1448416,0.6311164
58.521525860,-0.3325925,-0.6795331,0.1336724,0.6374764
58.554085732,-0.3349853,-0.6765783,0.1254746,0.641023
58.586646557,-0.3378908,-0.6748447,0.1226713,0.6418675
58.621710777,-0.3392361,-0.6744208,0.1174857,0.6425733
58.654271126,-0.3386957,-0.67628,0.1122658,0.6418369
58.686830997,-0.3370976,-0.6791058,0.1085033,0.64034
58.721896172,-0.3363899,-0.6818977,0.1043635,0.6384305
58.754456043,-0.3377965,-0.6838048,0.1004294,0.6362752
58.787016392,-0.3394922,-0.6852506,0.09662855,0.6344032
58.822081566,-0.3394354,-0.6870763,0.09200866,0.6331445
58.854641437,-0.3390863,-0.6884927,0.08643605,0.632578
58.887201786,-0.3377956,-0.6891235,0.08072586,0.6333355
58.919761658,-0.3344547,-0.6890199,0.07579362,0.6358261
58.954826832,-0.3301015,-0.6893601,0.06849553,0.6385543
58.987386703,-0.3271503,-0.6888443,0.06245938,0.6412433
59.019947052,-0.3240146,-0.6882939,0.05788076,0.6438506
59.055012226,-0.320442,-0.6880635,0.0537946,0.6462349
59.087572098,-0.3166408,-0.6878867,0.05034127,0.6485708
59.120132446,-0.313581,-0.6873248,0.04733418,0.6508754
59.155197144,-0.3087273,-0.6863769,0.0456789,0.6543054
59.187757492,-0.3041006,-0.6860853,0.04191725,0.657024
59.220317364,-0.3008394,-0.6855956,0.0388549,0.659221
59.255382538,-0.297279,-0.685734,0.03611137,0.6608463
59.287942410,-0.2950805,-0.6863642,0.03363545,0.6613078
59.320502758,-0.293125,-0.6870196,0.03096145,0.6616275
59.353063107,-0.291042,-0.6880007,0.02790192,0.6616637
59.388127804,-0.2889543,-0.6888487,0.02499321,0.6618125
59.420688152,-0.2860319,-0.6897388,0.02216233,0.6622559
59.453248024,-0.2839587,-0.6902111,0.01803206,0.6627811
59.488313198,-0.2822194,-0.6909929,0.01461172,0.6627934
59.520873070,-0.280324,-0.6922013,0.01228482,0.6623842
59.553433418,-0.2789439,-0.6938293,0.01078543,0.6612886
59.588498593,-0.2782101,-0.695319,0.009960874,0.6600448
59.621058464,-0.2779547,-0.6968228,0.00878801,0.6585816
59.653618812,-0.2788343,-0.6983472,0.007878339,0.6566036
59.688683510,-0.2803641,-0.6998648,0.00845683,0.6543251
59.721243858,-0.2820973,-0.7013226,0.01032462,0.6519884
59.753803730,-0.2838929,-0.7029029,0.01326788,0.649449
59.786364078,-0.2856173,-0.7046098,0.01711742,0.6467477
59.821428776,-0.2861398,-0.7064542,0.02165268,0.6443644
59.853989124,-0.2855648,-0.708192,0.0240687,0.6426238
59.886549473,-0.2854497,-0.70942,0.02604896,0.6412417
59.921614170,-0.2849109,-0.710613,0.02837747,0.6400605
59.954174519,-0.284265,-0.7117391,0.03109583,0.6389694
59.986734390,-0.2841095,-0.7126441,0.03373555,0.6378949
60.021799564,-0.284509,-0.7132411,0.03595313,0.6369277
60.054359436,-0.285569,-0.7138562,0.03716014,0.6356938
60.086919785,-0.2869311,-0.7140815,0.03877755,0.6347299
60.121984005,-0.2842083,-0.7149249,0.03977424,0.6349438
60.154544830,-0.2791405,-0.7160114,0.03910443,0.6360085
60.187105179,-0.2735428,-0.7164608,0.0377938,0.6380106
60.219665051,-0.2678986,-0.7163943,0.03440997,0.6406661
60.254730225,-0.2639093,-0.7156038,0.02988547,0.6434267
60.287290096,-0.2599114,-0.7152538,0.02542194,0.645631
60.319850445,-0.2563982,-0.7149882,0.02142424,0.6474726
60.354914665,-0.253555,-0.7144141,0.01743675,0.6493428
60.387475491,-0.2517224,-0.7138266,0.01329355,0.6507982
60.420035362,-0.2499504,-0.7130024,0.008699637,0.6524604
60.455100060,-0.2466892,-0.7118846,0.003425787,0.6549661
60.487660885,-0.2428174,-0.710917,-0.001360044,0.6574668
60.520220757,-0.2386597,-0.7101647,-0.004694244,0.6597826
60.555285454,-0.2350724,-0.7096249,-0.007075873,0.6616276
60.587845326,-0.2331858,-0.7095181,-0.007805548,0.662401
60.620406151,-0.2318561,-0.7095525,-0.008434105,0.6628232
60.652966022,-0.2311151,-0.709541,-0.009098557,0.6630854
60.688030720,-0.2318832,-0.7097573,-0.008649833,0.6625917
60.720591545,-0.2357751,-0.7098587,-0.00746785,0.6611224
60.753151417,-0.241376,-0.709911,-0.005219502,0.6590634
60.788216114,-0.2464784,-0.7099342,-0.001386921,0.6571664
60.820775986,-0.2494459,-0.7101426,-8.399476E-05,0.6558216
60.853336811,-0.2548431,-0.7104763,-0.0007067744,0.6533802
60.888401031,-0.2658875,-0.7099672,0.001642481,0.6495194
60.920961380,-0.2770466,-0.7089572,0.005582835,0.6459268
60.953521252,-0.2864453,-0.7079464,0.007897327,0.6429045
60.988586426,-0.2915866,-0.7071847,0.008052337,0.6414281
61.021146774,-0.2928017,-0.7069259,0.005211693,0.6411892
61.053706646,-0.2933778,-0.7065652,0.002735435,0.6413388
61.086267471,-0.293252,-0.7061351,0.001951096,0.6418725
61.121331692,-0.2912391,-0.7062622,0.002175741,0.6426479
61.153892040,-0.2876466,-0.706574,0.002445587,0.6439211
61.186451912,-0.2827818,-0.7069429,0.001628055,0.6456712
61.221517086,-0.2787918,-0.7071549,-0.0006589671,0.6471742
61.254076958,-0.2759709,-0.7071237,-0.002146123,0.6484129
61.286637306,-0.2729425,-0.707401,-0.004403553,0.6493802
61.321702480,-0.2682571,-0.707975,-0.007273067,0.65068
61.354262352,-0.2622816,-0.7078067,-0.01084911,0.6532442
61.386822701,-0.2546002,-0.7070282,-0.01552006,0.657021
61.421887398,-0.2460155,-0.7060124,-0.02098266,0.6612188
61.454447746,-0.2391127,-0.7053844,-0.02672157,0.6642076
61.487007618,-0.2339645,-0.7050962,-0.03102485,0.666157
61.522072792,-0.2280614,-0.7046664,-0.03436997,0.6684906
61.554632664,-0.221404,-0.7041045,-0.03944139,0.6710358
61.587193012,-0.2162301,-0.703173,-0.04569018,0.6732995
61.619753361,-0.2128246,-0.7019761,-0.05116804,0.6752367
61.654818058,-0.2097888,-0.7011734,-0.05565302,0.6766647
61.687378406,-0.2064259,-0.7009829,-0.05805077,0.677694
61.719938278,-0.2018015,-0.7011818,-0.06003582,0.6787074
61.755003452,-0.1954862,-0.7011714,-0.06215565,0.6803736
61.787563324,-0.1889946,-0.7005848,-0.06518753,0.6825249
61.820123672,-0.1826372,-0.6994225,-0.06956279,0.6850113
61.855188370,-0.1761755,-0.6977111,-0.07484891,0.6878858
61.887748718,-0.1697917,-0.6961856,-0.07962402,0.6904956
61.920309067,-0.1627835,-0.6949027,-0.08494502,0.6928374
61.955373764,-0.155288,-0.6937237,-0.09096106,0.6949727
61.987934113,-0.1490222,-0.6926906,-0.09673627,0.696593
62.020493984,-0.1432683,-0.6917112,-0.1027195,0.6979155
62.053054333,-0.1389098,-0.6913397,-0.1083193,0.6983182
62.088119030,-0.1346936,-0.6912451,-0.11152,0.6987339
62.120679379,-0.1295568,-0.6914799,-0.1138299,0.6991003
62.153239250,-0.1245719,-0.692165,-0.1174062,0.6987368
62.188304424,-0.1212252,-0.6938977,-0.1212016,0.6969566
62.220864773,-0.1193622,-0.6960058,-0.1231386,0.6948333
62.253424645,-0.1184593,-0.6987903,-0.1243563,0.6919702
62.288489819,-0.1180658,-0.7020639,-0.1259343,0.6884294
62.321049690,-0.1170489,-0.704667,-0.1279778,0.6855607
62.353610039,-0.1157298,-0.7073315,-0.1294077,0.6827666
62.388674259,-0.1139607,-0.710262,-0.1303077,0.6798444
62.421235085,-0.1121869,-0.7130087,-0.130826,0.6771595
62.453794956,-0.1107028,-0.7156097,-0.1311435,0.6745938
62.486355305,-0.1086468,-0.7177274,-0.1314774,0.6726103
62.521420479,-0.1056877,-0.7198495,-0.1321337,0.6706826
62.553980351,-0.1026705,-0.7216644,-0.1321548,0.6691951
62.586540699,-0.1003335,-0.723092,-0.132185,0.6680015
62.621604920,-0.09891816,-0.7241617,-0.1319574,0.6670981
62.654165745,-0.0979202,-0.7249311,-0.1310032,0.6665978
62.686725616,-0.0972313,-0.7248558,-0.1300042,0.6669759
62.721790790,-0.09704281,-0.7243355,-0.1285495,0.66785
62.754350185,-0.09674612,-0.7234403,-0.1269419,0.6691695
62.786911011,-0.09548189,-0.7218457,-0.1257862,0.671288
62.821976185,-0.09439985,-0.7197513,-0.1252922,0.6737777
62.854535580,-0.09251218,-0.7177638,-0.1243963,0.6763209
62.887096405,-0.09122158,-0.7156551,-0.1240816,0.6787841
62.919656277,-0.08941298,-0.7137398,-0.1247286,0.6809194
62.954721451,-0.08602113,-0.7129858,-0.1266099,0.6817986
62.987280846,-0.08294484,-0.7129677,-0.1284304,0.6818582
63.019841671,-0.08055869,-0.7133512,-0.1302939,0.6813895
63.054905891,-0.07769549,-0.7140736,-0.1326383,0.6805123
63.087466240,-0.07443026,-0.7160355,-0.1344542,0.6784565
63.120026112,-0.07185105,-0.7183316,-0.1358159,0.6760317
63.155091286,-0.07069692,-0.7203825,-0.1366122,0.6738071
63.187652111,-0.0703674,-0.7219095,-0.1357447,0.672381
63.220211506,-0.06824059,-0.7222006,-0.1344806,0.6725416
63.255276680,-0.06456851,-0.722626,-0.1325974,0.6728211
63.287836552,-0.06106744,-0.7229014,-0.1301083,0.6733379
63.320396900,-0.05899095,-0.7233809,-0.1264502,0.6737049
63.352956772,-0.05650705,-0.7255518,-0.1219385,0.6724136
63.388021946,-0.05174521,-0.7295949,-0.1166727,0.6693497
63.420581818,-0.04772107,-0.7338594,-0.1140506,0.6654271
63.453142166,-0.04587518,-0.7384316,-0.1114758,0.6609199
63.488206864,-0.04515984,-0.7425535,-0.1065671,0.65715
63.520767212,-0.04310972,-0.7451077,-0.1014262,0.6552073
63.553327561,-0.03889183,-0.746255,-0.09779478,0.6547174
63.588392258,-0.03298741,-0.7457814,-0.09634491,0.6557952
63.620952606,-0.02845433,-0.7444311,-0.09575562,0.6576255
63.653512478,-0.02651512,-0.7431421,-0.09342361,0.6594971
63.688577652,-0.02385146,-0.7416853,-0.09062062,0.6616265
63.721137524,-0.01519919,-0.7390153,-0.09188486,0.6646881
63.753697872,-0.0120592,-0.7347345,-0.09750978,0.6686847
63.786257744,-0.01584176,-0.7296636,-0.1024894,0.6733971
63.821322918,-0.02732174,-0.726011,-0.09865922,0.6775364
63.853883266,-0.0432141,-0.7224351,-0.09118772,0.6815664
63.886443138,-0.06041808,-0.7186641,-0.080887,0.6855338
63.921508312,-0.07416261,-0.7149307,-0.07189775,0.6890808
63.954068184,-0.08166059,-0.7122933,-0.06841293,0.6913156
63.986628532,-0.08560302,-0.7100316,-0.06899989,0.6931046
64.021693230,-0.08672942,-0.7079628,-0.07227775,0.6947449
64.054253578,-0.0828478,-0.7073509,-0.0796637,0.695034
64.086813450,-0.07032563,-0.7184438,-0.08928461,0.6837755
64.121878624,-0.05953005,-0.7317134,-0.09679582,0.6695595
64.154438496,-0.05294886,-0.7313936,-0.1050416,0.6692189
64.186998844,-0.05029304,-0.7304059,-0.1155957,0.6687624
64.222064018,-0.04909781,-0.7302683,-0.1241665,0.6674638
64.254623890,-0.05461963,-0.727456,-0.121239,0.6706364
64.287184239,-0.05356794,-0.724516,-0.1168143,0.6746772
64.319744110,-0.04902131,-0.7227576,-0.1199214,0.6763614
64.354809284,-0.04731951,-0.7206098,-0.1241949,0.6780013
64.387369156,-0.04703406,-0.718832,-0.1259927,0.6795748
64.419929504,-0.04697045,-0.7175931,-0.1266124,0.6807724
64.454993725,-0.04683682,-0.7162808,-0.1283111,0.6818447
64.487554550,-0.04647597,-0.7146025,-0.1305655,0.683201
64.520114899,-0.04631398,-0.7127724,-0.1332828,0.6845976
64.555179119,-0.04608618,-0.7102447,-0.1354643,0.6868084
64.587739945,-0.04582893,-0.707258,-0.1369407,0.6896092
64.620299816,-0.04658419,-0.7042848,-0.1380688,0.692371
64.655364990,-0.0484409,-0.7011549,-0.1405389,0.6949186
64.687924385,-0.05050671,-0.6991044,-0.1439406,0.69614
64.720485210,-0.05218939,-0.6977608,-0.1469863,0.6967273
64.753045082,-0.05294275,-0.6967943,-0.1505259,0.6968821
64.788109779,-0.05252556,-0.6959518,-0.155545,0.6966531
64.820669651,-0.05310843,-0.6947634,-0.1582155,0.6971936
64.853230476,-0.0541328,-0.693126,-0.157997,0.6987923
64.888295650,-0.05371755,-0.6907287,-0.1576778,0.7012658
64.920855045,-0.0521785,-0.68849,-0.157978,0.7035124
64.953415871,-0.0508699,-0.6865194,-0.1581839,0.7054849
64.988480091,-0.05050235,-0.6850713,-0.1577154,0.7070222
65.021040440,-0.05025878,-0.684184,-0.1564676,0.7081751
65.053600311,-0.04941445,-0.6830896,-0.1550726,0.7095964
65.088665485,-0.0481346,-0.6819048,-0.1533995,0.7111858
65.121225357,-0.04666929,-0.6802704,-0.1513413,0.7132866
65.153785706,-0.04485263,-0.6776353,-0.1490684,0.7163832
65.186345577,-0.04285515,-0.6739248,-0.1465653,0.7205103
65.221410751,-0.04025824,-0.6693317,-0.1432289,0.7255946
65.253971100,-0.0373202,-0.6647163,-0.1393137,0.7307385
65.286530972,-0.03421134,-0.6597127,-0.1355216,0.7361184
65.321596146,-0.03166573,-0.6545539,-0.1310303,0.7416301
65.354156017,-0.03091478,-0.6502427,-0.1265722,0.7462144
65.386716366,-0.03120131,-0.6465545,-0.1216772,0.7502107
65.421781063,-0.03209037,-0.6435593,-0.1172146,0.7534521
65.454341412,-0.03380029,-0.642198,-0.1140271,0.7550264
65.486901283,-0.03466257,-0.6420801,-0.1120632,0.7553816
65.521966457,-0.0340214,-0.6426062,-0.1117891,0.7550038
65.554526329,-0.03368726,-0.6431566,-0.1109627,0.7546718
65.587086678,-0.03412893,-0.6430325,-0.1085979,0.7551017
65.619646549,-0.03459285,-0.6417825,-0.1055479,0.7565752
65.654711723,-0.03498623,-0.6395122,-0.101545,0.7590233
65.687272072,-0.03512539,-0.6361999,-0.09647346,0.7624542
65.719831943,-0.03592246,-0.6312172,-0.09005124,0.7673284
65.754897118,-0.03794368,-0.6244559,-0.07940571,0.7739106
65.787456989,-0.04049421,-0.6166131,-0.06662308,0.7812411
65.820017338,-0.04283574,-0.6080924,-0.05162463,0.7888925
65.855082035,-0.04308228,-0.5993709,-0.0332905,0.7965035
65.887642384,-0.04077005,-0.5934023,-0.01634001,0.8016061
65.920202255,-0.03731101,-0.5888376,0.0001320374,0.8052986
65.955267429,-0.03271082,-0.5853029,0.01715592,0.8078886
65.987827301,-0.02592264,-0.5832976,0.03118886,0.8091643
66.020387650,-0.01486592,-0.5815502,0.04081966,0.8102714
66.088012695,0.01767447,-0.5718721,0.04750848,0.8167132
66.120573044,0.04117968,-0.5636757,0.04552212,0.8216625
66.153132916,0.07103047,-0.5569543,0.03781572,0.8245933
66.188198090,0.1035074,-0.5554374,0.02243291,0.8227392
66.220757961,0.1301155,-0.5610859,0.007447846,0.8153679
66.253318310,0.1575499,-0.560413,0.005997669,0.8109914
66.288382530,0.1899212,-0.5342835,-0.004708751,0.8216305
66.320943356,0.1876097,-0.5091088,-0.02166168,0.8377166
66.353503227,0.1548256,-0.5037656,0.006905095,0.847838
66.388567925,0.11999,-0.5089419,0.09854185,0.8446878
66.421128750,0.09403771,-0.5062749,0.1784127,0.8364443
66.453688622,0.07995152,-0.5161102,0.2102603,0.8244127
66.486248970,0.07694279,-0.5401893,0.2139952,0.8081515
66.521313191,0.06338567,-0.5778502,0.2031519,0.7857661
66.553874016,0.03717075,-0.6190884,0.203529,0.7553484
66.586433888,0.002359142,-0.6572813,0.2101292,0.7214216
66.621498585,-0.03918453,-0.6899082,0.2072739,0.6900408
66.654058456,-0.07266294,-0.7162281,0.1880616,0.6655807
66.686619282,-0.1130025,-0.7379103,0.1629785,0.6424829
66.721683502,-0.1644073,-0.7528841,0.1482259,0.6170837
66.754243851,-0.2041084,-0.7604232,0.1434211,0.5967866
66.786803722,-0.228049,-0.7645183,0.135874,0.5845267
66.821868896,-0.2343613,-0.7648585,0.125742,0.5838518
66.854429245,-0.2125336,-0.7653206,0.107447,0.5951442
66.886989117,-0.164548,-0.7883647,0.09906667,0.5815656
66.922054291,-0.1209518,-0.7952616,0.1079123,0.5813022
66.954614162,-0.08181038,-0.8017893,0.1055612,0.5795907
66.987174511,-0.08611557,-0.8015628,0.1122023,0.5780306
67.019734383,-0.1063288,-0.8021397,0.1333018,0.5693192
67.054799557,-0.1123808,-0.8065369,0.1472711,0.5583975
67.087359428,-0.1124992,-0.811961,0.1483504,0.5501664
67.119919777,-0.1191369,-0.8149616,0.1502466,0.5437808
67.154984474,-0.1276587,-0.8168188,0.1523717,0.538443
67.187544823,-0.1310336,-0.8197166,0.1494784,0.5340213
67.220105171,-0.1321374,-0.8221067,0.1442571,0.5315052
67.255169869,-0.1299605,-0.8232001,0.1385697,0.5318627
67.287730217,-0.1229329,-0.8237746,0.1309935,0.5345571
67.320290089,-0.113165,-0.8245468,0.1215374,0.5377479
67.355355263,-0.1008802,-0.8253475,0.1115474,0.5411189
67.387915135,-0.08791492,-0.8260048,0.1033103,0.5440053
67.420475483,-0.07652753,-0.8247699,0.09932868,0.5483244
67.453035355,-0.06750636,-0.8241885,0.0977082,0.5506696
67.488100529,-0.06123825,-0.825074,0.09889751,0.5498634
67.520660401,-0.05889248,-0.8266926,0.1016642,0.5471773
67.553220749,-0.05867389,-0.8292783,0.1063329,0.5423797
67.588285446,-0.05695957,-0.8329439,0.1131198,0.5355293
67.620845795,-0.05644054,-0.8358929,0.1201036,0.5294341
67.653405666,-0.05621276,-0.8360845,0.1248472,0.5280566
67.688470840,-0.05841703,-0.8351785,0.1232561,0.5296224
67.721031189,-0.06192485,-0.8338626,0.1219848,0.5315881
67.753591061,-0.06187942,-0.8318461,0.1213547,0.5348868
67.788656235,-0.05948078,-0.8297403,0.1194181,0.5388507
67.821216106,-0.0569653,-0.8275532,0.118121,0.5427577
67.853776455,-0.05278759,-0.8252057,0.1160649,0.5471798
67.886336327,-0.04871093,-0.823076,0.1136987,0.5512474
67.921401501,-0.04684675,-0.821705,0.1124716,0.5537003
67.953961372,-0.04808031,-0.8214682,0.1125736,0.5539252
67.986521721,-0.05018172,-0.8219475,0.1130419,0.5529317
68.021585941,-0.05309213,-0.8227841,0.1139072,0.5512353
68.054146767,-0.05600823,-0.8237404,0.1148647,0.5493165
68.086707115,-0.05963529,-0.8249733,0.1161514,0.5468082
68.121771336,-0.06418496,-0.8265385,0.1177856,0.5435704
68.154332161,-0.06793052,-0.827837,0.1193309,0.5407951
68.186892033,-0.06976663,-0.8287777,0.1197798,0.5390184
68.221956730,-0.07110911,-0.8294062,0.1196107,0.5379124
68.254516602,-0.07230144,-0.8299856,0.1198405,0.5368076
68.287077427,-0.07266133,-0.8305819,0.1192117,0.5359761
68.319636822,-0.07149946,-0.8307332,0.1182032,0.5361211
68.354701996,-0.069125,-0.8307748,0.1169667,0.536639
68.387261868,-0.06749711,-0.8307945,0.1161128,0.537001
68.419822693,-0.06714316,-0.8307807,0.1157778,0.537139
68.454886913,-0.06723114,-0.8307474,0.1155803,0.5372222
68.487447262,-0.06632432,-0.8306265,0.1150316,0.5376394
68.520007134,-0.06522471,-0.8302886,0.1141896,0.5384746
68.555072308,-0.06492898,-0.8299686,0.113748,0.539097
68.587632179,-0.06576858,-0.8302654,0.1140052,0.5384833
68.620192528,-0.06691806,-0.8309132,0.114579,0.5372193
68.655257702,-0.06774344,-0.8314166,0.1149995,0.5362463
68.687817573,-0.06899633,-0.8316914,0.1155294,0.5355458
68.720377922,-0.0699563,-0.8317465,0.1156861,0.5353022
68.752937794,-0.06962799,-0.8314409,0.1149724,0.535973
68.788002968,-0.06857077,-0.8310151,0.1134605,0.5370907
68.820562839,-0.0678723,-0.8306085,0.1122791,0.5380557
68.853123188,-0.06762762,-0.830255,0.1118277,0.5387257
68.888187885,-0.06672988,-0.829921,0.1112755,0.5394662
68.920748234,-0.06505082,-0.8297306,0.1099895,0.5402273
68.953308105,-0.06386238,-0.8294235,0.1091437,0.5410118
68.988373280,-0.06294834,-0.8292929,0.1087618,0.5413958
69.020933151,-0.06152174,-0.8293857,0.1087474,0.5414206
69.053493500,-0.05996002,-0.82995,0.1083461,0.540811
69.088557720,-0.06104983,-0.8308599,0.109296,0.5390982
69.121118546,-0.06268012,-0.8312463,0.1114334,0.5378764
69.153678894,-0.06084833,-0.8308902,0.1139139,0.5381172
69.186238766,-0.05518513,-0.8317762,0.1163778,0.5368304
69.221303940,-0.04887331,-0.8358633,0.1207791,0.5300793
69.253863812,-0.04542616,-0.8422674,0.1283275,0.5183453
69.286424160,-0.0407313,-0.8503718,0.1380118,0.5027815
69.321488381,-0.0340732,-0.8600678,0.1488725,0.4833085
69.354049206,-0.02696711,-0.8689852,0.1586182,0.4643335
69.386609078,-0.01709256,-0.8780401,0.1664294,0.4446149
69.421674252,-0.004481113,-0.8870226,0.1711354,0.4248663
69.454233646,0.007623537,-0.8941038,0.1739012,0.4085419
69.486794472,0.01614321,-0.9020452,0.1780934,0.3885414
69.521858692,0.02043728,-0.9117192,0.1850322,0.3615814
69.554419041,0.02114138,-0.9196866,0.1918198,0.3369903
69.586979866,0.01790587,-0.9249495,0.1981294,0.3186226
69.619539738,0.01079018,-0.9274713,0.2020537,0.3090022
69.654604912,-0.001527132,-0.9273326,0.202711,0.3091728
69.687164307,-0.01773109,-0.9249258,0.1996942,0.3177228
69.719725132,-0.03720175,-0.9204084,0.1939187,0.3323965
69.754789352,-0.06095872,-0.912751,0.1844336,0.3546566
69.787349701,-0.08471906,-0.9028106,0.1714236,0.3807851
69.819909573,-0.1080602,-0.8918618,0.1554081,0.406671
69.854974747,-0.1265664,-0.8792114,0.1396029,0.4337131
69.887534618,-0.13441,-0.867945,0.1246635,0.4579215
69.920094967,-0.1367547,-0.859322,0.109635,0.4769399
69.955159664,-0.1359562,-0.8551295,0.1015972,0.4863899
69.987720013,-0.1279534,-0.862877,0.1107634,0.4726841
70.020279884,-0.1250635,-0.8681196,0.1171846,0.4621937
70.055345058,-0.1311086,-0.8666137,0.1180289,0.4631285
70.087904930,-0.1342783,-0.8661401,0.1174437,0.4632554
70.120465279,-0.1359739,-0.8660227,0.1163457,0.463257
70.153025627,-0.1375179,-0.8660027,0.1173942,0.4625738
70.188090324,-0.1386036,-0.8653755,0.118751,0.4630767
70.220650673,-0.1382448,-0.8649256,0.1191344,0.4639253
70.253210545,-0.1335016,-0.8657585,0.119053,0.4637819
70.288275719,-0.1267711,-0.867023,0.1181024,0.4635512
70.320835590,-0.1222096,-0.8679837,0.1177092,0.463078
70.353395939,-0.1200427,-0.8684621,0.1178642,0.4627084
70.388460636,-0.1188949,-0.8688132,0.1185437,0.4621717
70.421020985,-0.1173528,-0.869918,0.1196021,0.4602107
70.453580856,-0.1152577,-0.8717504,0.120615,0.4569973
70.488646031,-0.1111534,-0.8738514,0.1216903,0.4537046
70.521205902,-0.1031873,-0.8756952,0.1215897,0.4520552
70.553766251,-0.09295187,-0.8768963,0.1199174,0.452394
70.586326122,-0.08494288,-0.8786938,0.1160045,0.4515004
70.621391297,-0.08510198,-0.8814819,0.110248,0.4474599
70.653951168,-0.09241061,-0.8846487,0.1059393,0.440751
70.686511516,-0.09903685,-0.8873841,0.1023898,0.4346092
70.721575737,-0.09916003,-0.8900849,0.09726755,0.4302125
70.754136562,-0.09587207,-0.8921006,0.09227689,0.4278761
70.786696911,-0.09321932,-0.8930927,0.08926927,0.4270296
70.821761131,-0.0915112,-0.8924457,0.08655319,0.4293049
70.854321957,-0.09049463,-0.8903421,0.08424564,0.4343182
70.886881828,-0.08978731,-0.8869757,0.08166357,0.4417817
70.921946526,-0.0900181,-0.8822207,0.07891861,0.4516447
70.954506397,-0.08968349,-0.8775599,0.07804258,0.4608498
70.987067223,-0.08830729,-0.873576,0.07723542,0.4687528
71.019626617,-0.08965153,-0.8706345,0.07723227,0.4739422
71.054691792,-0.09375755,-0.8701913,0.07946155,0.4735928
71.087251663,-0.0986689,-0.8733135,0.08411707,0.4659829
71.119812489,-0.1045156,-0.8766944,0.08954141,0.4572675
71.154876709,-0.1100457,-0.8783412,0.0926386,0.4521643
71.187437058,-0.112936,-0.879035,0.09347375,0.4499258
71.219996929,-0.114037,-0.8798727,0.09313528,0.4480774
71.255062103,-0.1152732,-0.8805968,0.09332325,0.4462959
71.287621975,-0.116014,-0.8812162,0.09445452,0.4446402
71.320182324,-0.1159763,-0.8824465,0.09588632,0.4418949
71.355247021,-0.115874,-0.8839426,0.09715594,0.4386423
71.387807369,-0.1163984,-0.8850137,0.09793832,0.4361628
71.420367241,-0.1174261,-0.8858402,0.0982746,0.4341293
71.452927590,-0.1190539,-0.8865397,0.09865056,0.432168
71.487992764,-0.1209843,-0.8872567,0.09956364,0.4299453
71.520552635,-0.1221061,-0.8879144,0.1002175,0.428115
71.553112984,-0.1217724,-0.8886074,0.09961976,0.4269097
71.588177681,-0.1217343,-0.8891294,0.09899269,0.4259789
71.620738030,-0.1214926,-0.8891394,0.09884537,0.4260611
71.688363075,-0.1180797,-0.888535,0.09626723,0.4288625
71.720922947,-0.1161223,-0.8880565,0.09525488,0.4306106
71.753483295,-0.1134309,-0.8877714,0.0938103,0.4322299
71.788547993,-0.1111397,-0.8876086,0.09223562,0.4334964
71.821108341,-0.1101769,-0.8875313,0.09149543,0.434057
71.853668213,-0.1103299,-0.8874955,0.09148535,0.4340936
71.886228561,-0.111199,-0.8875277,0.09180252,0.433739
71.921292782,-0.1118552,-0.8877103,0.09192473,0.4331703
71.953853607,-0.1119524,-0.8879868,0.09168062,0.4326298
71.986413479,-0.1115851,-0.8884158,0.09146288,0.4318895
72.021478653,-0.111171,-0.8887945,0.09184777,0.4311346
72.054038048,-0.11066,-0.889001,0.09203015,0.4308014
72.086598873,-0.1100022,-0.8890123,0.09185569,0.4309837
72.121663094,-0.1093784,-0.8889115,0.09156647,0.4314116
72.154223442,-0.1089964,-0.8888487,0.09120991,0.4317132
72.186784267,-0.1090114,-0.8888597,0.09100223,0.4317307
72.221848488,-0.1089649,-0.8888773,0.09090737,0.431726
72.254409313,-0.1085507,-0.8889915,0.09072129,0.4316343
72.286968708,-0.1084976,-0.8892189,0.09082763,0.4311568
72.319529533,-0.1086718,-0.8894966,0.09127121,0.4304458
72.354593754,-0.1085604,-0.8896968,0.09162194,0.4299851
72.387154102,-0.1080711,-0.8898056,0.09167764,0.4298716
72.419713974,-0.1072614,-0.8899445,0.0917083,0.4297802
72.454779148,-0.1061263,-0.8900218,0.09217761,0.4298015
72.487339020,-0.1052985,-0.8901086,0.09332881,0.4295768
72.519899368,-0.1046039,-0.8902589,0.09494162,0.4290816
72.554964066,-0.1053611,-0.8907623,0.09627641,0.4275513
72.587524414,-0.1076533,-0.8911541,0.09800509,0.4257676
72.620084286,-0.1106796,-0.8913086,0.1002818,0.4241347
72.655149460,-0.1139765,-0.8915837,0.1029333,0.422043
72.687709331,-0.1169528,-0.8916769,0.1048855,0.4205484
72.720269680,-0.1201098,-0.8917851,0.1063475,0.4190596
72.755334377,-0.1237956,-0.8919311,0.107416,0.4174003
72.787894726,-0.1262889,-0.8920358,0.1080801,0.4162566
72.820454597,-0.1275329,-0.8922433,0.1085524,0.4153087
72.853014946,-0.128015,-0.8923987,0.1088694,0.4147433
72.888079643,-0.1278294,-0.8926995,0.1084956,0.4142505
72.920639992,-0.1284663,-0.8929066,0.1079524,0.4137491
72.953199863,-0.1295138,-0.8930342,0.1077405,0.4132017
72.988265038,-0.1307583,-0.89325,0.1072852,0.4124613
73.020825386,-0.1316361,-0.8934366,0.1070405,0.4118409
73.053385258,-0.1316808,-0.8937508,0.1070406,0.4111443
73.088450432,-0.1313723,-0.8940883,0.1066846,0.4106012
73.121010304,-0.1307118,-0.8942437,0.1058365,0.4106935
73.153570652,-0.1289302,-0.8943801,0.1041986,0.4113777
73.188634872,-0.1253062,-0.8944108,0.1014873,0.4131051
73.221195698,-0.1207147,-0.8943129,0.09892084,0.4153008
73.253755570,-0.1163018,-0.8940721,0.09679018,0.4175742
73.286315918,-0.1130358,-0.8936108,0.09543981,0.4197637
73.321380138,-0.1113702,-0.8931769,0.09511528,0.4212039
73.353940964,-0.1109975,-0.8930278,0.0954413,0.421544
73.386500359,-0.1108697,-0.8932645,0.09571766,0.4210136
73.421565533,-0.1108303,-0.8936662,0.09602235,0.420101
73.454125404,-0.111217,-0.8940306,0.09635597,0.4191461
73.486686230,-0.1121448,-0.8941726,0.09659195,0.418541
73.521750450,-0.1127234,-0.8941124,0.0964969,0.4185361
73.554310799,-0.1118427,-0.8939896,0.09598169,0.4191526
73.586870670,-0.1107512,-0.8938774,0.09546134,0.4198003
73.621935845,-0.1099567,-0.8937578,0.09513934,0.4203367
73.654495716,-0.1092948,-0.8936748,0.09490144,0.4207391
73.687056065,-0.1084638,-0.8936488,0.09479427,0.4210333
73.719615936,-0.1077203,-0.8937045,0.09462745,0.4211435
73.754681110,-0.1075157,-0.8939037,0.09465512,0.4207669
73.787240982,-0.1087005,-0.8942202,0.09481683,0.4197523
73.819801331,-0.1108798,-0.894558,0.09527536,0.4183564
73.854866028,-0.1131954,-0.8949941,0.09592143,0.4166522
73.887426376,-0.1156571,-0.8954709,0.09627137,0.4148673
73.919986248,-0.1179357,-0.8959086,0.09611332,0.4133148
73.955051422,-0.1194768,-0.8964161,0.09580299,0.4118411
73.987611294,-0.1198854,-0.8969423,0.09541158,0.4106659
74.020171642,-0.1192176,-0.897218,0.09472666,0.4104164
74.055235863,-0.1178744,-0.8973131,0.09349371,0.410879
74.087796688,-0.1165178,-0.8972277,0.09229347,0.4117227
74.120357037,-0.1152849,-0.8970274,0.09167184,0.4126441
74.152916908,-0.115249,-0.8968765,0.09162694,0.412992
74.187982082,-0.1164488,-0.896849,0.09185867,0.4126635
74.220541954,-0.1175061,-0.8968373,0.09202105,0.412353
74.253102303,-0.1171986,-0.8970156,0.09172075,0.4121195
74.288166523,-0.1162981,-0.8972908,0.09102817,0.4119293
74.320727348,-0.1157321,-0.8973089,0.09045553,0.4121751
74.353287220,-0.1151005,-0.8971418,0.08965604,0.4128898
74.388351917,-0.1141722,-0.8968751,0.08869983,0.4139322
74.420911789,-0.1130015,-0.8965718,0.0876789,0.4151261
74.453472614,-0.1113493,-0.8962167,0.08643555,0.4165975
74.488536835,-0.1093479,-0.8958259,0.08516341,0.418227
74.521097183,-0.1074654,-0.8954235,0.08436783,0.4197352
74.553657055,-0.1057334,-0.8949868,0.08395158,0.4211873
74.586217880,-0.103958,-0.8945913,0.08417101,0.422424
74.621282101,-0.1018638,-0.8945044,0.08456562,0.4230392
74.653842449,-0.1000131,-0.8946846,0.08494538,0.4230235
74.686402321,-0.09912876,-0.8949264,0.08562851,0.4225822
74.721467495,-0.09863876,-0.8951839,0.08645374,0.4219831
74.754027367,-0.09777975,-0.8953772,0.08695439,0.42167
74.786587715,-0.09690435,-0.8956367,0.08703993,0.4213032
74.821652412,-0.09615504,-0.8959935,0.08698891,0.420726
74.854212761,-0.09598339,-0.8963373,0.087221,0.4199841
74.886772633,-0.09578875,-0.8966106,0.08763056,0.4193599
74.921837807,-0.09564488,-0.8969266,0.08802184,0.4186341
74.954397678,-0.09584797,-0.8971978,0.08810315,0.417989
74.986958027,-0.09624173,-0.8973048,0.08799309,0.4176919
75.019517899,-0.09681757,-0.8972038,0.08765943,0.4178461
75.054583073,-0.09699291,-0.8969612,0.087025,0.4184583
75.087142944,-0.09560203,-0.8965246,0.08531822,0.4200622
75.119703293,-0.09273802,-0.8963,0.08242746,0.4217573
75.154767513,-0.08857609,-0.8972983,0.0798906,0.421017
75.187328339,-0.08443915,-0.8990957,0.07943586,0.4181086
75.219888210,-0.08259263,-0.9002082,0.07978337,0.4160121
75.254953384,-0.08293287,-0.9004699,0.08064434,0.4152111
75.287512779,-0.0822695,-0.899549,0.07974875,0.4175057
75.320073605,-0.08036596,-0.8978662,0.07557794,0.4222479
75.355137825,-0.08162335,-0.8963757,0.07131898,0.4258986
75.387698174,-0.08793749,-0.8952794,0.0698831,0.4271838
75.420258045,-0.09619892,-0.8954319,0.06912865,0.4252016
75.455323219,-0.1041155,-0.8967144,0.0675595,0.420864
75.487883091,-0.1116227,-0.8992797,0.06685845,0.4135142
75.520443440,-0.1169033,-0.9019851,0.06957341,0.40564
75.553003311,-0.1182219,-0.904419,0.07228849,0.3993143
75.588068485,-0.1183758,-0.906675,0.07426409,0.3937513
75.620628357,-0.1204819,-0.9088715,0.07578113,0.3877132
75.653188705,-0.1261095,-0.9102157,0.07697202,0.3825005
75.688253403,-0.1337974,-0.9109392,0.07868352,0.3777893
75.720813751,-0.1396412,-0.9118698,0.08060169,0.3729945
75.753373623,-0.1453171,-0.9132708,0.08244275,0.3669472
75.788438797,-0.1548145,-0.9139566,0.08420517,0.3609055
75.820998669,-0.1650293,-0.9141526,0.08660628,0.355271
75.853559017,-0.1735485,-0.9148747,0.08828697,0.3488814
75.888623714,-0.1815384,-0.9152943,0.08900446,0.3434907
75.921184063,-0.1900652,-0.9143912,0.08946884,0.3411555
75.953743935,-0.1997113,-0.9128469,0.08820459,0.340108
75.986304283,-0.2101,-0.9116563,0.08604579,0.3375863
76.021368980,-0.2261405,-0.9103481,0.08805812,0.3301519
76.053929329,-0.2455143,-0.9092963,0.0934123,0.3174978
76.086489201,-0.2637632,-0.9091637,0.09718533,0.3017168
76.121554375,-0.2798809,-0.9084882,0.09774984,0.2887708
76.154113770,-0.2935874,-0.9058588,0.09756597,0.283434
76.186674595,-0.303309,-0.9026688,0.09758607,0.2833676
76.221738815,-0.3081186,-0.8998035,0.09676544,0.2875426
76.254299641,-0.3071925,-0.8990216,0.09403766,0.2918522
76.286859989,-0.3060952,-0.8987498,0.09134705,0.2946829
76.321924210,-0.3066525,-0.8981775,0.08914062,0.296518
76.354485035,-0.3095421,-0.8966954,0.08832874,0.2982396
76.387044430,-0.3129615,-0.8949193,0.0879838,0.3001017
76.419605255,-0.3146097,-0.8940344,0.08646844,0.301453
76.454669476,-0.3149379,-0.8938093,0.08384896,0.3025164
76.487230301,-0.3145802,-0.8937829,0.08179632,0.3035271
76.519789696,-0.3132125,-0.8943226,0.07932814,0.3040064
76.554854393,-0.3117854,-0.8950452,0.07646596,0.3040798
76.587414742,-0.3109666,-0.8952489,0.0744774,0.3048117
76.619975090,-0.3094706,-0.8957361,0.07170901,0.3055656
76.655039787,-0.3070439,-0.8965829,0.06824234,0.3063232
76.687600136,-0.3051948,-0.8971989,0.06503432,0.3070644
76.720160007,-0.3025813,-0.8978196,0.06164143,0.3085331
76.755225182,-0.2968292,-0.8992456,0.05710049,0.3108326
76.787785053,-0.2897748,-0.9009229,0.05233166,0.3134605
76.820344925,-0.2821611,-0.9024205,0.04760802,0.3168334
76.852905273,-0.2752014,-0.9036502,0.04322548,0.320062
76.887969971,-0.2686481,-0.9047872,0.03951735,0.3228846
76.920530319,-0.2631939,-0.9056537,0.03738493,0.3251929
76.953090668,-0.2578175,-0.9063752,0.0357805,0.3276609
76.988155365,-0.2516059,-0.9071546,0.03397178,0.3305126
77.020715714,-0.246095,-0.9079079,0.03193115,0.3327892
77.053275585,-0.2419024,-0.9084405,0.03023076,0.334564
77.088340759,-0.2390271,-0.9086412,0.02888553,0.3362001
77.120900631,-0.2377673,-0.9085368,0.02799479,0.3374486
77.153460979,-0.237272,-0.9082208,0.02741985,0.338693
77.188525200,-0.2358694,-0.9079478,0.02617684,0.340498
77.221085072,-0.2336342,-0.9077694,0.02454533,0.3426298
77.253645897,-0.2306129,-0.9076688,0.02289571,0.3450485
77.286206245,-0.2270733,-0.9077719,0.02126884,0.3472223
77.321270466,-0.2236744,-0.9079639,0.01953727,0.3490233
77.353831291,-0.2213668,-0.908179,0.01830412,0.3500007
77.386390686,-0.2194258,-0.9085607,0.01725147,0.3502853
77.421455383,-0.2171099,-0.9091411,0.01609571,0.3502775
77.454015732,-0.2147036,-0.9097279,0.01525415,0.350275
77.486575604,-0.2121501,-0.9103178,0.01457128,0.3503272
77.521640778,-0.2082737,-0.9110053,0.01348842,0.350909
77.554200649,-0.2033878,-0.9116312,0.01224624,0.3521927
77.586760998,-0.1976217,-0.9121826,0.01053701,0.3540977
77.621825695,-0.1910264,-0.9127009,0.0084661,0.3564293
77.654386043,-0.1853534,-0.9130825,0.006957467,0.358474
77.686945915,-0.1805969,-0.9134534,0.006037676,0.3599708
77.719506264,-0.1766149,-0.9138428,0.0055567,0.3609647
77.754570961,-0.1717934,-0.9143092,0.00490529,0.3621179
77.787131309,-0.1669629,-0.9148359,0.004379964,0.3630528
77.819691181,-0.1626807,-0.9153127,0.004138629,0.3637971
77.854756355,-0.1588805,-0.9156851,0.004369762,0.3645363
77.887316227,-0.1554187,-0.9160502,0.004621448,0.3651075
77.919876575,-0.152411,-0.9164938,0.004708748,0.3652607
77.954940796,-0.1503529,-0.9171034,0.00490911,0.3645805
77.987501621,-0.149773,-0.9175908,0.005489334,0.3635833
78.020061493,-0.1499461,-0.9179612,0.005675782,0.3625725
78.055126190,-0.1507425,-0.9182379,0.005375424,0.3615449
78.087686062,-0.1512432,-0.9183645,0.004761137,0.3610227
78.120246887,-0.1509016,-0.918494,0.003842921,0.3608468
78.155311108,-0.1500134,-0.9184844,0.002762842,0.3612513
78.187871456,-0.1492299,-0.9183189,0.001751157,0.3620021
78.220431328,-0.1488006,-0.9181057,0.001084911,0.3627216
78.252992153,-0.1485838,-0.9178508,0.0007048575,0.3634557
78.288056374,-0.1482091,-0.9176632,0.0001595152,0.3640823
78.320616722,-0.147928,-0.9175462,-0.000135944,0.3644913
78.353176594,-0.1476632,-0.9174098,-0.0002750447,0.3649419
78.388241768,-0.1469291,-0.9172832,-0.0006267882,0.3655555
78.420801640,-0.1457947,-0.9172744,-0.001096071,0.3660304
78.453361988,-0.1445789,-0.9173039,-0.001375279,0.3664376
78.488426685,-0.1432749,-0.9173696,-0.001705944,0.3667836
78.520987034,-0.1416963,-0.917444,-0.002299354,0.3672072
78.553546906,-0.1403593,-0.9175687,-0.002659784,0.3674064
78.588612080,-0.1393108,-0.9177798,-0.002500228,0.3672796
78.621171951,-0.1382655,-0.9178944,-0.002345496,0.3673891
78.653732300,-0.1380064,-0.9178545,-0.002362402,0.3675858
78.686292171,-0.1382803,-0.9178637,-0.002321794,0.3674601
78.721357346,-0.139149,-0.9182415,-0.001847306,0.366189
78.753917217,-0.1397616,-0.9188951,-0.0009418668,0.3643146
78.786477566,-0.1407715,-0.9195325,7.804086E-05,0.3623133
78.821541786,-0.1427368,-0.9201016,0.0009283284,0.3600916
78.854102612,-0.145363,-0.9203955,0.001613501,0.3582834
78.886662483,-0.1486053,-0.9205155,0.002089388,0.3566386
78.921727180,-0.1526169,-0.9205683,0.002631641,0.3548
78.954287052,-0.1564196,-0.9205732,0.003123313,0.3531232
78.986847877,-0.1596972,-0.9204639,0.003311561,0.351937
79.021912098,-0.1612702,-0.9204081,0.002816776,0.3513698
79.054472446,-0.1608842,-0.9204005,0.001798,0.3515731
79.087032318,-0.1592078,-0.9203821,0.0001730731,0.352388
79.119593143,-0.1573057,-0.9203303,-0.00190262,0.3533713
79.154657364,-0.1563868,-0.9199417,-0.004212109,0.3547682
79.187217712,-0.156915,-0.9193702,-0.006279001,0.3559837
79.219777584,-0.1600187,-0.9187532,-0.009033005,0.3561356
79.254842281,-0.1648439,-0.9183362,-0.01123,0.3549458
79.287402630,-0.1720355,-0.9179139,-0.01229462,0.3525825
79.319962502,-0.1826174,-0.9171638,-0.01185837,0.3492112
79.355027676,-0.1952823,-0.9161394,-0.01014913,0.3450769
79.387587547,-0.2056154,-0.915181,-0.008315589,0.3416496
79.420147896,-0.2124282,-0.914445,-0.006796951,0.3394791
79.455212116,-0.2167912,-0.9138866,-0.006594364,0.3382264
79.487772942,-0.2203917,-0.9130561,-0.007704955,0.3381189
79.520332813,-0.2244644,-0.9120854,-0.009083595,0.3380254
79.552893162,-0.2303317,-0.9110715,-0.01035698,0.3367737
79.587957382,-0.237715,-0.9096457,-0.010718,0.3354834
79.620518208,-0.2423195,-0.9085517,-0.01098866,0.335145
79.653078079,-0.244216,-0.9080948,-0.01277165,0.3349431
79.688142776,-0.2452759,-0.907837,-0.01513071,0.3347691
79.720702648,-0.2466615,-0.9074895,-0.0163923,0.3346338
79.753263473,-0.2478088,-0.9073601,-0.01755354,0.334078
79.788327694,-0.2495518,-0.9072634,-0.01851724,0.3329892
79.820888042,-0.251605,-0.9070851,-0.0189457,0.331904
79.853447914,-0.2530611,-0.9068424,-0.01945154,0.3314306
79.888513088,-0.2538339,-0.9067487,-0.02052594,0.3310313
79.921072960,-0.2544163,-0.9067307,-0.02159586,0.3305646
79.953633308,-0.2556567,-0.9065551,-0.02246308,0.3300314
79.986193180,-0.257135,-0.9063781,-0.02317831,0.3293188
80.021258354,-0.2584679,-0.9062954,-0.02382465,0.3284557
80.053818226,-0.2587521,-0.9063162,-0.02468316,0.3281107
80.086378574,-0.2586181,-0.906391,-0.02593007,0.3279136
80.121443272,-0.2590156,-0.9062817,-0.02712628,0.3278057
80.154003620,-0.2594687,-0.9061372,-0.02808452,0.3277656
80.186563492,-0.2597438,-0.9060608,-0.02918266,0.3276633
80.221627712,-0.2597022,-0.905958,-0.0303003,0.3278787
80.254188538,-0.2589688,-0.9059613,-0.0313013,0.328355
80.286748409,-0.2577794,-0.9060851,-0.03239136,0.3288434
80.321813583,-0.2566614,-0.9062636,-0.03349919,0.3291148
80.354372978,-0.2559553,-0.9064258,-0.03439817,0.3291256
80.386933804,-0.2553882,-0.9065636,-0.03516051,0.3291058
80.419493675,-0.2548142,-0.9066624,-0.03598075,0.3291903
80.454558373,-0.2542565,-0.9066449,-0.03699629,0.3295566
80.487118244,-0.2532312,-0.9067065,-0.03793016,0.3300702
80.519679070,-0.2518304,-0.9068681,-0.03895806,0.330578
80.554743290,-0.2497775,-0.9071744,-0.03997975,0.3311721
80.587303639,-0.2477716,-0.9074566,-0.04083835,0.3318006
80.619863510,-0.2456011,-0.9076934,-0.04174776,0.3326526
80.654928684,-0.2434699,-0.9079387,-0.04272418,0.3334249
80.687488556,-0.2422803,-0.9081624,-0.04342335,0.3335917
80.720048904,-0.2420115,-0.9083048,-0.04390679,0.3333361
80.755113602,-0.243013,-0.9081942,-0.0442411,0.3328638
80.787673950,-0.2447929,-0.9078884,-0.04462114,0.3323429
80.820233822,-0.247067,-0.9073992,-0.0448029,0.3319714
80.855298996,-0.2500455,-0.906723,-0.04519638,0.3315353
80.887858868,-0.2523886,-0.9062008,-0.04547181,0.3311499
80.920418739,-0.2535473,-0.906032,-0.04592562,0.3306636
80.952979088,-0.2530209,-0.9062608,-0.04683984,0.330311
80.988043308,-0.2506702,-0.906798,-0.04806102,0.3304537
81.020604134,-0.2479681,-0.9072753,-0.04928443,0.331002
81.053164005,-0.245331,-0.9076395,-0.05038468,0.3318017
81.088229179,-0.2428814,-0.9079371,-0.05144988,0.3326252
81.120788574,-0.2407309,-0.9082204,-0.05238223,0.3332687
81.153349400,-0.238822,-0.9084123,-0.05331569,0.3339703
81.188413620,-0.2369141,-0.9085895,-0.05428476,0.3346905
81.220973969,-0.2353249,-0.9087082,-0.05508608,0.3353576
81.253533840,-0.2342283,-0.908689,-0.05563031,0.3360868
81.288599014,-0.233138,-0.9086714,-0.0562584,0.3367872
81.321158886,-0.2317612,-0.9088071,-0.05683221,0.3372746
81.353719235,-0.2299609,-0.9090749,-0.05734108,0.3376988
81.386279106,-0.228271,-0.9093653,-0.05799552,0.3379516
81.421344280,-0.2272171,-0.9095302,-0.05852344,0.3381271
81.453904152,-0.2269575,-0.9095333,-0.05883248,0.3382395
81.486464501,-0.2274024,-0.9094013,-0.0590748,0.3382532
81.521529198,-0.2287761,-0.9090825,-0.05910875,0.3381782
81.554089069,-0.2301943,-0.9087272,-0.05923603,0.3381482
81.586649418,-0.2315044,-0.9084128,-0.05942446,0.3380657
81.621714115,-0.2326477,-0.9081681,-0.05957806,0.3379111
81.654274464,-0.2330316,-0.9081032,-0.05990572,0.3377633
81.686834335,-0.2326528,-0.9081745,-0.06041355,0.3377419
81.721899509,-0.2321259,-0.908208,-0.06091441,0.3379247
81.754458904,-0.2315003,-0.9082635,-0.06131604,0.3381317
81.787019730,-0.2310603,-0.9083386,-0.06168245,0.3381645
81.819579601,-0.2308161,-0.9084191,-0.06204372,0.3380489
81.854644775,-0.230754,-0.908464,-0.06237278,0.3379096
81.887204170,-0.230821,-0.9084293,-0.0626822,0.3379
81.919764996,-0.230737,-0.9083788,-0.06301001,0.3380323
81.954829216,-0.2303439,-0.9083574,-0.06327095,0.338309
81.987389565,-0.2298112,-0.9084426,-0.06354699,0.3383909
82.019949436,-0.2294789,-0.9085191,-0.06373449,0.3383756
82.055014610,-0.2293088,-0.90856,-0.063998,0.3383314
82.087574482,-0.2290807,-0.9085949,-0.06420223,0.3383535
82.120134354,-0.2288996,-0.9085779,-0.0643748,0.3384892
82.155199528,-0.2286535,-0.9085487,-0.06452907,0.3387041
82.187759399,-0.2284332,-0.9085391,-0.06469909,0.3388463
82.220319748,-0.2282335,-0.9085497,-0.06485986,0.3389217
82.252879620,-0.2278478,-0.9086009,-0.06501228,0.3390145
82.287944794,-0.227256,-0.9086792,-0.06527467,0.3391515
82.320504665,-0.2269009,-0.9087481,-0.06539251,0.3391822
82.353065014,-0.2268933,-0.9087734,-0.06545433,0.3391075
82.388129711,-0.2272488,-0.9087112,-0.06563312,0.3390016
82.420690060,-0.2279389,-0.9085339,-0.06575312,0.33899
82.453249931,-0.2287274,-0.9083637,-0.0659811,0.3388706
82.488315106,-0.2298429,-0.9082488,-0.06604186,0.3384117
82.520874500,-0.2315527,-0.9079934,-0.06604376,0.337931
82.553434372,-0.2335269,-0.9076832,-0.06620078,0.3373744
82.588499546,-0.2351225,-0.9074826,-0.0665347,0.3367396
82.621059418,-0.2360513,-0.9073978,-0.06695968,0.3362335
82.653619766,-0.2369605,-0.9072818,-0.0672862,0.335842
82.686179638,-0.2383463,-0.9070589,-0.06754708,0.3354108
82.721244812,-0.2405845,-0.9066836,-0.06764711,0.3348064
82.753804684,-0.2429046,-0.906261,-0.06763289,0.3342777
82.786365032,-0.2444332,-0.9059646,-0.06774941,0.3339437
82.821429729,-0.2449808,-0.9058475,-0.06810423,0.3337879
82.853990078,-0.2448859,-0.905834,-0.06838515,0.3338366
82.886549950,-0.2444975,-0.90587,-0.06863806,0.3339715
82.921615124,-0.244144,-0.9058872,-0.06893107,0.334123
82.954174995,-0.2436583,-0.905936,-0.06924254,0.3342811
82.986734867,-0.2428954,-0.9060375,-0.06946544,0.3345146
83.021800041,-0.2419311,-0.9062069,-0.06987032,0.3346703
83.054359436,-0.2411343,-0.9063026,-0.07015812,0.3349258
83.086920261,-0.2404663,-0.9063663,-0.07040328,0.3351823
83.119480133,-0.2400632,-0.9063746,-0.07066449,0.3353936
83.154544830,-0.239588,-0.9063514,-0.07090116,0.335746
83.187104702,-0.2391206,-0.9063259,-0.07114355,0.3360966
83.219665527,-0.2389362,-0.9062777,-0.07125993,0.3363331
83.254729748,-0.2386846,-0.9062962,-0.07137179,0.336438
83.287290096,-0.2383649,-0.9063758,-0.07148451,0.3364264
83.319849968,-0.2378251,-0.9064811,-0.07157548,0.3365051
83.354915142,-0.2364054,-0.9067381,-0.07176007,0.3367741
83.387475014,-0.2341703,-0.9071329,-0.07221257,0.3371757
83.420034886,-0.2313244,-0.9076105,-0.07265869,0.3377584
83.455100060,-0.2281625,-0.9081449,-0.07335284,0.338322
83.487659931,-0.2269943,-0.9083264,-0.07354006,0.3385797
83.520220280,-0.2271356,-0.9082674,-0.07331031,0.3386931
83.555284977,-0.2273548,-0.9082953,-0.0733971,0.3384522
83.587845326,-0.2272244,-0.9084063,-0.07342417,0.3382363
83.620405197,-0.226935,-0.9084736,-0.07352189,0.3382283
83.652965546,-0.2273299,-0.9083682,-0.07365193,0.3382182
83.688029766,-0.2285219,-0.9081358,-0.07365956,0.3380369
83.720590591,-0.2298848,-0.9078696,-0.07371014,0.3378171
83.753150463,-0.2312258,-0.9076255,-0.07380033,0.3375377
83.788214683,-0.2325377,-0.9073951,-0.07388579,0.3372374
83.820775032,-0.2339457,-0.9070992,-0.07399194,0.3370363
83.853334904,-0.2356131,-0.9067579,-0.07404813,0.3367807
83.888400078,-0.237539,-0.9063635,-0.0741004,0.3364777
83.920959949,-0.2391953,-0.9060399,-0.07397866,0.3362025
83.953520298,-0.2400963,-0.9059244,-0.07403095,0.3358597
83.988584995,-0.24024,-0.9060108,-0.07437141,0.3354484
84.021145344,-0.2402271,-0.9060704,-0.07474926,0.3352128
84.053705215,-0.2403418,-0.9060324,-0.07497764,0.3351822
84.086265564,-0.2403277,-0.9060065,-0.07524209,0.3352033
84.121330261,-0.2399884,-0.9060885,-0.07554483,0.3351563
84.153890133,-0.2390543,-0.9062553,-0.07594189,0.3352832
84.186450481,-0.237801,-0.9064065,-0.07629452,0.3356854
84.221514702,-0.2363946,-0.9065967,-0.0765012,0.3361182
84.254075527,-0.2349635,-0.9068007,-0.07674184,0.336516
84.286635399,-0.2336281,-0.9070128,-0.07699794,0.3368153
84.321700573,-0.2324259,-0.9072474,-0.07710267,0.3369913
84.354259968,-0.2314114,-0.9074722,-0.07719254,0.3370635
84.386820793,-0.2303512,-0.9076774,-0.07735929,0.3371995
84.421885014,-0.2298084,-0.9077994,-0.0776514,0.3371738
84.454444885,-0.2307531,-0.907663,-0.07760323,0.3369069
84.487005234,-0.2325072,-0.9074481,-0.07761907,0.336276
84.519565106,-0.2344828,-0.9072292,-0.07755901,0.3355074
84.554630280,-0.236559,-0.9070197,-0.07755654,0.3346157
84.587190151,-0.2387572,-0.9068117,-0.07747253,0.3336367
84.619750500,-0.2417018,-0.9064939,-0.0772681,0.3324251
84.654815197,-0.2452271,-0.9060347,-0.07708807,0.3311344
84.687375545,-0.2488862,-0.9055323,-0.07713874,0.3297639
84.719935417,-0.2534865,-0.9047459,-0.07718452,0.3284048
84.755000591,-0.2592044,-0.9037115,-0.0766756,0.3269055
84.787560463,-0.2641602,-0.9028073,-0.07627188,0.3255284
84.820120335,-0.267931,-0.9020824,-0.07610921,0.3244925
84.855185509,-0.2710888,-0.901524,-0.07623931,0.3233895
84.887744904,-0.2727681,-0.9014086,-0.07664186,0.3222017
84.920305729,-0.272742,-0.9017249,-0.07734909,0.321168
84.952865601,-0.2709347,-0.9024619,-0.07841283,0.3203685
84.987930298,-0.2684406,-0.9033117,-0.07965652,0.3197654
85.020490170,-0.2661736,-0.9039183,-0.08064753,0.3196981
85.053050995,-0.2640202,-0.9043887,-0.08172265,0.3198803
85.088115215,-0.2620713,-0.9047585,-0.08277459,0.3201669
85.120675087,-0.2609466,-0.9049076,-0.08346967,0.3204836
85.153235436,-0.2606919,-0.9048688,-0.08383188,0.3207057
85.188300133,-0.2610484,-0.9048058,-0.08402406,0.3205434
85.220860481,-0.2613392,-0.9048203,-0.08416171,0.3202293
85.253420353,-0.2614441,-0.9047977,-0.08442868,0.3201367
85.288485527,-0.2615944,-0.9046879,-0.08470382,0.3202515
85.321045399,-0.2613303,-0.9046772,-0.08487965,0.3204508
85.353605747,-0.2608341,-0.9048243,-0.08520308,0.3203543
85.386165619,-0.2607492,-0.9048739,-0.08551825,0.320199
85.421229839,-0.2614164,-0.9047118,-0.08579267,0.3200393
85.453790665,-0.2622283,-0.9045754,-0.0858621,0.3197423
85.486350536,-0.2625743,-0.9046438,-0.08618737,0.3191768
85.521415234,-0.262932,-0.9046856,-0.0865946,0.318653
85.553975105,-0.2640426,-0.9044443,-0.08706626,0.3182912
85.586535931,-0.2661301,-0.9039196,-0.08733431,0.3179694
85.621600151,-0.2682323,-0.9034221,-0.08745087,0.3175845
85.654160499,-0.2692945,-0.9032544,-0.08786201,0.3170486
85.686720371,-0.2698858,-0.9032083,-0.08831862,0.3165502
85.721785068,-0.2704762,-0.9031172,-0.08874395,0.3161869
85.754345417,-0.2710096,-0.902995,-0.08929881,0.3159229
85.786905289,-0.2717969,-0.9027787,-0.08983546,0.3157124
85.819465637,-0.2726825,-0.9024973,-0.09033179,0.3156119
85.854530334,-0.2734554,-0.9021775,-0.09100822,0.315663
85.887090683,-0.2741075,-0.9018326,-0.09150422,0.3159392
85.919650555,-0.2750684,-0.9013991,-0.09177923,0.3162615
85.954715729,-0.2766027,-0.9010557,-0.09202028,0.3158314
85.987275600,-0.2784814,-0.9005632,-0.09159391,0.3157093
86.019835472,-0.2805397,-0.9000065,-0.09124248,0.3155765
86.054900169,-0.2820948,-0.8996806,-0.091323,0.3150954
86.087460041,-0.2820268,-0.8997557,-0.09158553,0.3148654
86.120020866,-0.2812419,-0.8998724,-0.09238016,0.3150022
86.155085087,-0.2805631,-0.899794,-0.09299036,0.315651
86.187645435,-0.2789942,-0.8999094,-0.09333588,0.3166092
86.220205307,-0.2754901,-0.9005999,-0.0940273,0.3175083
86.255270004,-0.2702637,-0.90176,-0.09502489,0.3184095
86.287830353,-0.2651915,-0.9028003,-0.09591132,0.3194586
86.320390225,-0.2609688,-0.9035472,-0.09669352,0.3205868
86.352950573,-0.2584495,-0.9037611,-0.09707471,0.3219066
86.388015270,-0.2571379,-0.90358,-0.09706156,0.3234658
86.420575619,-0.2564568,-0.9034758,-0.09714588,0.3242714
86.453135491,-0.2564961,-0.9033645,-0.09684616,0.3246397
86.488200665,-0.256755,-0.903195,-0.09628374,0.3250734
86.520760536,-0.2558602,-0.9032447,-0.09628569,0.3256401
86.553320408,-0.254543,-0.9034084,-0.09638042,0.3261894
86.588385105,-0.2526834,-0.903588,-0.09649695,0.3271023
86.620944977,-0.25059,-0.9038695,-0.09669487,0.3278756
86.653505802,-0.2486061,-0.904156,-0.09691406,0.3285306
86.688570023,-0.2469065,-0.9044024,-0.09703457,0.3290978
86.721130371,-0.2458365,-0.904541,-0.09699279,0.32953
86.753690243,-0.2451337,-0.9045626,-0.09699737,0.3299926
86.786250114,-0.2449053,-0.9044814,-0.09698284,0.3303891
86.821315289,-0.2455703,-0.9041652,-0.09655202,0.3308868
86.853875160,-0.2459995,-0.9040096,-0.09627262,0.3310743
86.886435509,-0.2460469,-0.9040683,-0.09602678,0.3309503
86.921500206,-0.245094,-0.904349,-0.09582796,0.3309478
86.954060554,-0.2432802,-0.9048023,-0.09588797,0.3310299
86.986620426,-0.240687,-0.9053404,-0.09617527,0.3313706
87.021684647,-0.2371142,-0.9058505,-0.09648168,0.3324617
87.054245472,-0.2330007,-0.9063339,-0.09696717,0.3339081
87.086805344,-0.2293718,-0.9067569,-0.09761076,0.3350824
87.121870041,-0.2265286,-0.9068959,-0.09777442,0.3365894
87.154429913,-0.2244481,-0.9068341,-0.09777242,0.3381467
87.186990738,-0.2229518,-0.9067237,-0.09791067,0.3393904
87.219550133,-0.2223509,-0.9065964,-0.09801874,0.3400926
87.254614830,-0.2224092,-0.906457,-0.0980924,0.3404049
87.287175179,-0.2230434,-0.9061056,-0.09826645,0.3408749
87.319735050,-0.2245307,-0.9054623,-0.09836334,0.3415793
87.354800224,-0.2273742,-0.9044206,-0.09793668,0.3425791
87.387360096,-0.2303797,-0.9034429,-0.09796112,0.3431435
87.419920445,-0.2329495,-0.9029205,-0.09861723,0.3425952
87.454985142,-0.2342654,-0.9031447,-0.100825,0.3404574
87.487545014,-0.2385131,-0.9044365,-0.1021921,0.3336025
87.520105362,-0.2497573,-0.9063605,-0.09884355,0.3209198
87.555169582,-0.2637885,-0.9098225,-0.09261417,0.3011459
87.587730408,-0.2780294,-0.9127522,-0.088766,0.2798774
87.620290280,-0.2934932,-0.9134378,-0.08872318,0.2612451
87.652850628,-0.3114904,-0.912124,-0.09361162,0.2426275
87.687914848,-0.3303084,-0.9090831,-0.1016131,0.225315
87.720474720,-0.3431748,-0.9064204,-0.1134787,0.2106737
87.753035068,-0.3488379,-0.9053467,-0.1293931,0.1963278
87.788099766,-0.3474395,-0.9058537,-0.1483196,0.182603
87.820660114,-0.3436039,-0.9065216,-0.1639895,0.1728872
87.853219986,-0.3381228,-0.9077229,-0.1792813,0.1618581
87.888285160,-0.3324302,-0.908452,-0.1981006,0.1469319
87.920845032,-0.3299805,-0.9071568,-0.2169708,0.1331569
87.953404903,-0.331505,-0.9031115,-0.2368021,0.122665
87.988470078,-0.3407847,-0.8940421,-0.2615994,0.1129065
88.021029949,-0.3601169,-0.8801964,-0.2846124,0.1057993
88.053590298,-0.3805356,-0.8642303,-0.3073799,0.1021954
88.086150169,-0.3901236,-0.8504564,-0.3341018,0.09762668
88.121215344,-0.3894517,-0.8387096,-0.3660344,0.08683323
88.153775215,-0.3864936,-0.8279129,-0.3951901,0.07506938
88.186334610,-0.3870744,-0.8152854,-0.4218256,0.06460456
88.221399784,-0.3912204,-0.7989154,-0.4494506,0.05746763
88.253959656,-0.3949659,-0.7816678,-0.4760182,0.05506092
88.286520004,-0.3947174,-0.7643573,-0.5035648,0.05482847
88.321584702,-0.3878978,-0.7470185,-0.5338951,0.05551916
88.354145050,-0.3782807,-0.7316889,-0.5612344,0.05638067
88.386704922,-0.3660158,-0.7172386,-0.5869457,0.06102042
88.421769619,-0.34748,-0.7031729,-0.6137882,0.06853642
88.454329968,-0.3240374,-0.6912956,-0.6386569,0.0765177
88.486889839,-0.2956472,-0.6794402,-0.6635662,0.08521283
88.519450188,-0.2634175,-0.6675007,-0.6877962,0.09283445
88.554514885,-0.2252988,-0.6564108,-0.7110559,0.09691449
88.587075234,-0.1857527,-0.6485801,-0.7296909,0.09496646
88.619635105,-0.1250975,-0.6437198,-0.7480043,0.08421785
88.654699325,-0.06547038,-0.642488,-0.7591476,0.05696861
88.687260151,-0.05315893,-0.6401228,-0.7627469,0.04755821
88.719819546,-0.06430966,-0.638695,-0.7630383,0.0483039
88.754884720,-0.08846563,-0.6373077,-0.7604598,0.06588945
88.787444591,-0.1033091,-0.6428049,-0.7515776,0.08881421
88.820004940,-0.1179981,-0.6515297,-0.7387661,0.1115252
88.855069637,-0.1388038,-0.6585189,-0.7248671,0.1352101
88.887629509,-0.1562872,-0.6640359,-0.7133883,0.1494507
88.920189857,-0.1669568,-0.6695007,-0.7046052,0.1550917
88.955254555,-0.171227,-0.6742629,-0.698222,0.1586335
88.987814903,-0.1659352,-0.676809,-0.6968725,0.1593473
89.020374775,-0.1553508,-0.6786968,-0.698481,0.1548823
89.052934647,-0.1489934,-0.6792676,-0.7005954,0.1489636
89.087999821,-0.1449818,-0.6800254,-0.7022439,0.1415163
89.120559216,-0.143877,-0.6778519,-0.7065949,0.1310249
89.153120041,-0.1459451,-0.6760467,-0.710065,0.1187275
89.188184261,-0.1500667,-0.6759394,-0.7099158,0.1150365
89.220744133,-0.1583191,-0.6743353,-0.709906,0.1134374
89.253304482,-0.1708612,-0.6719025,-0.7089486,0.1156417
89.288369179,-0.1816782,-0.6689216,-0.7085021,0.1191189
89.320929527,-0.1862985,-0.6660846,-0.7100655,0.11857
89.353489399,-0.1886256,-0.6634699,-0.7124193,0.1153895
89.388554573,-0.1931926,-0.6608458,-0.7137293,0.1147942
89.421114445,-0.2037453,-0.6574262,-0.7132893,0.1188471
89.453674317,-0.2210899,-0.6532283,-0.7105083,0.1273489
89.486234665,-0.2431613,-0.6484225,-0.7049878,0.1415646
89.521299362,-0.2675344,-0.6429891,-0.6971468,0.1600134
89.553859711,-0.2869697,-0.6377418,-0.6909661,0.1735722
89.586419583,-0.3014463,-0.6328727,-0.6870258,0.1822787
89.621483803,-0.3138916,-0.6280988,-0.6838585,0.1895501
89.654044151,-0.3261897,-0.6233236,-0.6801921,0.1975713
89.686604023,-0.3408562,-0.6176986,-0.6748315,0.2085561
89.721669197,-0.3572131,-0.6112217,-0.6684785,0.2203883
89.754229069,-0.3703231,-0.6059787,-0.6630892,0.2293275
89.786789417,-0.379445,-0.6023735,-0.6597279,0.2335692
89.821854114,-0.384264,-0.6004797,-0.6588668,0.232997
89.854413986,-0.3852107,-0.5998968,-0.6598182,0.2302262
89.886974335,-0.3844356,-0.5998649,-0.6611424,0.2277932
89.919534206,-0.3838692,-0.5995427,-0.6621748,0.2265945
89.954599380,-0.3848883,-0.5984256,-0.6626245,0.2265042
89.987159252,-0.3884619,-0.5962801,-0.6619799,0.2279422
90.019719124,-0.3943014,-0.5934567,-0.6601744,0.2305065
90.054783821,-0.400703,-0.5904971,-0.6580839,0.2330311
90.087343693,-0.4050138,-0.588346,-0.6567554,0.2347611
90.119904518,-0.4075124,-0.5867457,-0.6562364,0.2358908
90.154968739,-0.4090792,-0.5855144,-0.6560191,0.2368415
90.187528610,-0.4098155,-0.584673,-0.6561334,0.2373297
90.220088959,-0.409594,-0.5842223,-0.6568528,0.2368314
90.255153656,-0.4080558,-0.5842311,-0.6586046,0.2345896
90.287714005,-0.4064336,-0.5841971,-0.6603913,0.2324575
90.320273876,-0.406663,-0.5832395,-0.6614333,0.2314967
90.352833748,-0.4102204,-0.5809715,-0.6608319,0.2326377
90.387898922,-0.4172159,-0.5774494,-0.658421,0.2357812
90.420458794,-0.4246308,-0.5739463,-0.6554794,0.2392672
90.453019142,-0.431231,-0.5706734,-0.6528992,0.2423261
90.488083363,-0.4361045,-0.5680184,-0.6509913,0.2449616
90.520644188,-0.4379485,-0.5667121,-0.6505104,0.2459721
90.553204060,-0.438081,-0.566203,-0.6509426,0.2457652
90.588268280,-0.4378782,-0.5659887,-0.6512483,0.2458103
90.620828629,-0.4370306,-0.5662028,-0.6516136,0.2458576
90.653388500,-0.4347861,-0.5669357,-0.6528078,0.2449791
90.688453674,-0.4313276,-0.5679148,-0.6550412,0.242854
90.721013546,-0.4286114,-0.5684554,-0.6569974,0.2411073
90.753573418,-0.4280258,-0.5679784,-0.6578528,0.2409393
90.786133766,-0.4302636,-0.5663083,-0.6571966,0.2426693
90.821198463,-0.4351091,-0.563535,-0.6553436,0.2454812
90.853758812,-0.4403739,-0.5606842,-0.6532401,0.2482115
90.886318684,-0.445123,-0.5581067,-0.6513294,0.2505595
90.921382904,-0.4492328,-0.5556647,-0.6496868,0.2529058
90.953943729,-0.4521795,-0.5537157,-0.648652,0.2545796
90.986503601,-0.4543392,-0.552276,-0.6480062,0.2555049
91.021568298,-0.4559027,-0.5512322,-0.6477104,0.2557243
91.054128170,-0.4571588,-0.5501109,-0.6476294,0.2561009
91.086688042,-0.4587182,-0.5488988,-0.6472057,0.2569833
91.121753216,-0.4606373,-0.5475196,-0.64645,0.2583904
91.154313087,-0.4627846,-0.5458254,-0.6456384,0.260161
91.186873436,-0.4657004,-0.5437526,-0.6445543,0.2619799
91.219433308,-0.4690081,-0.5415551,-0.643315,0.263672
91.254498005,-0.4722464,-0.5394479,-0.642047,0.2652974
91.287058353,-0.4745832,-0.537922,-0.641099,0.2665156
91.319618225,-0.4764018,-0.5367066,-0.6402376,0.267789
91.354683399,-0.4782232,-0.535368,-0.6393835,0.2692587
91.387243271,-0.4798021,-0.5341539,-0.6387088,0.2704598
91.419802666,-0.4808462,-0.5332273,-0.6383345,0.271316
91.454867840,-0.4813036,-0.5326538,-0.6381814,0.2719905
91.487427712,-0.4814323,-0.5323503,-0.6381347,0.2724662
91.519988060,-0.4813506,-0.5321992,-0.6380294,0.2731516
91.555052757,-0.4807152,-0.5321953,-0.63814,0.2740185
91.587612629,-0.4797515,-0.53247,-0.6381943,0.2750456
91.620172978,-0.4782561,-0.5330496,-0.6383293,0.2762112
91.652732849,-0.476171,-0.5339368,-0.6386937,0.2772555
91.687798023,-0.4732189,-0.5353169,-0.639256,0.2783512
91.720357895,-0.4701281,-0.5366865,-0.6399744,0.2792986
91.752917767,-0.4668397,-0.5383204,-0.6407396,0.2799152
91.787982941,-0.4619815,-0.5410396,-0.6421407,0.2795215
91.820542335,-0.4557723,-0.5447507,-0.6442545,0.2776366
91.853103161,-0.4481724,-0.5493055,-0.6474164,0.2736509
91.888167381,-0.439654,-0.5540277,-0.6514633,0.2682926
91.920727253,-0.4324149,-0.5579861,-0.6546014,0.2641847
91.953287601,-0.4254409,-0.5618933,-0.657473,0.2600631
91.988352299,-0.4178694,-0.5659374,-0.6606464,0.2554878
92.020912647,-0.4117716,-0.569163,-0.6630465,0.2519811
92.053472519,-0.4079192,-0.571374,-0.6643369,0.249836
92.088537216,-0.4061249,-0.5725089,-0.6645699,0.2495409
92.121097565,-0.4052033,-0.5731829,-0.6646848,0.2491853
92.153657436,-0.4026448,-0.5746469,-0.6656281,0.2474368
92.186217785,-0.3975074,-0.5772328,-0.6676765,0.2441842
92.221282482,-0.3896387,-0.5811732,-0.6704502,0.2398824
92.253841877,-0.3811076,-0.5855071,-0.6727983,0.2364498
92.286402702,-0.372174,-0.590085,-0.674962,0.2331098
92.321466923,-0.3618954,-0.5954013,-0.6773938,0.2286794
92.354026795,-0.3504198,-0.6012132,-0.6803273,0.2225558
92.386587143,-0.3354945,-0.6084393,-0.6840984,0.2142012
92.421651840,-0.3154567,-0.6177275,-0.6889435,0.2021988
92.454212189,-0.2921881,-0.6285819,-0.6935598,0.1873853
92.486772061,-0.2621495,-0.6416186,-0.6985277,0.1681957
92.521836758,-0.2192289,-0.656061,-0.7057832,0.141493
92.554397106,-0.1708306,-0.6676631,-0.7140336,0.1087499
92.586956978,-0.1208956,-0.6752855,-0.7220421,0.06823748
92.619517326,-0.07150359,-0.6794825,-0.7276913,0.01684433
92.654581547,-0.01286331,-0.6731173,-0.7353359,-0.05153811
92.687141418,0.03719556,-0.6518325,-0.7443499,-0.1276779
92.719702244,0.05035412,-0.6289346,-0.7525256,-0.1795511
92.754766464,0.03056804,-0.610688,-0.7665207,-0.1876149
92.787326813,0.0197952,-0.5949876,-0.7798179,-0.1846874
92.819886684,0.04060971,-0.5822471,-0.7868811,-0.191794
92.854951382,0.06823977,-0.575006,-0.7873727,-0.2034291
92.887511730,0.07132707,-0.5704508,-0.7892593,-0.207836
92.920071602,0.0704578,-0.5656834,-0.7916885,-0.2118841
92.955135822,0.05913351,-0.5645914,-0.7954407,-0.2040627
92.987696648,0.03756579,-0.5669771,-0.798721,-0.1892038
93.020256519,0.01176194,-0.5705421,-0.8011995,-0.1704417
93.052816868,-0.01389446,-0.5735399,-0.8030291,-0.1504355
93.087881088,-0.03920365,-0.5752349,-0.8045559,-0.1299432
93.120440960,-0.05842596,-0.5770936,-0.8045126,-0.1137393
93.153001785,-0.07348575,-0.5789905,-0.8036615,-0.1006264
93.188066006,-0.08450533,-0.5798306,-0.8032422,-0.08991632
93.220626354,-0.08893266,-0.5799738,-0.8032826,-0.08418014
93.253186226,-0.08915626,-0.5799537,-0.803407,-0.08288303
93.288250923,-0.08756714,-0.5799532,-0.8034281,-0.08436443
93.320811272,-0.08582651,-0.5800375,-0.8033454,-0.08633714
93.353371143,-0.0836317,-0.580021,-0.8033699,-0.08835025
93.388435364,-0.08033296,-0.5798258,-0.8035811,-0.09073997
93.420996189,-0.07777975,-0.5796451,-0.8037539,-0.09257096
93.453556061,-0.07684901,-0.5797258,-0.8037194,-0.09313966
93.486116409,-0.07734005,-0.5800546,-0.8035548,-0.09210203
93.521180630,-0.07862161,-0.5805708,-0.8033119,-0.08985401
93.553740502,-0.08052603,-0.5810813,-0.8030271,-0.08738044
93.586300850,-0.08256917,-0.5815308,-0.802756,-0.0849396
93.621365547,-0.08440018,-0.5819153,-0.8025104,-0.08280086
93.653925896,-0.08581597,-0.5823004,-0.8022701,-0.0809472
93.686485767,-0.08705577,-0.5827426,-0.8019981,-0.07911362
93.721550465,-0.0882287,-0.5831835,-0.8017377,-0.07718274
93.754110813,-0.08856839,-0.583347,-0.8017156,-0.07577358
93.786670685,-0.08790851,-0.5832211,-0.8019117,-0.07543511
93.821734905,-0.08671297,-0.5830093,-0.8021247,-0.07618843
93.854295731,-0.08603479,-0.5828633,-0.8022038,-0.07723448
93.886855125,-0.08583965,-0.5828521,-0.8021757,-0.07782529
93.919415951,-0.08583513,-0.5828624,-0.8021318,-0.07820576
93.954480171,-0.08511879,-0.5827038,-0.8022279,-0.07917961
93.987040043,-0.08346175,-0.582369,-0.8024933,-0.0807017
94.019600391,-0.08110213,-0.5819137,-0.8028314,-0.08299644
94.054665089,-0.07854336,-0.5814426,-0.8031868,-0.08528828
94.087224960,-0.0768611,-0.5809759,-0.8035062,-0.0869754
94.119785309,-0.07576939,-0.5806549,-0.8037752,-0.08759053
94.154850006,-0.07546934,-0.5804545,-0.8040434,-0.08671197
94.187410355,-0.07528143,-0.5801209,-0.8043393,-0.08636186
94.219970226,-0.07497744,-0.5796871,-0.8046995,-0.08618318
94.255034447,-0.07515387,-0.5793401,-0.8050486,-0.08509509
94.287595272,-0.07615018,-0.5791422,-0.805261,-0.08353384
94.320154667,-0.07756903,-0.5792443,-0.8052526,-0.08157852
94.355219364,-0.07930224,-0.5796641,-0.8050372,-0.07901631
94.387779713,-0.08067574,-0.5802189,-0.8047265,-0.07668317
94.420339584,-0.08071798,-0.5807652,-0.8044618,-0.07526882
94.452899933,-0.07976878,-0.5813786,-0.8041727,-0.07463188
94.487964630,-0.07734752,-0.5821681,-0.8038199,-0.07482649
94.520524502,-0.07291087,-0.5828089,-0.8035648,-0.0770004
94.553084850,-0.06545873,-0.5829685,-0.8036925,-0.08104835
94.588149548,-0.0543067,-0.5821386,-0.8045381,-0.08666971
94.620708943,-0.04210674,-0.5805796,-0.8055663,-0.09404828
94.653269768,-0.02980371,-0.5789252,-0.8062554,-0.1026512
94.688333988,-0.01405538,-0.5764568,-0.8069299,-0.113981
94.720894337,0.003450082,-0.5728687,-0.8071895,-0.1299321
94.753454208,0.01932104,-0.5686766,-0.8071569,-0.1461475
94.788518906,0.0309161,-0.5671361,-0.8053346,-0.1595762
94.821079254,0.03301773,-0.563135,-0.8065317,-0.1671025
94.853639126,0.03196514,-0.5598871,-0.8092383,-0.1651237
94.886198997,0.02802079,-0.5567726,-0.8126313,-0.1596151
94.921264172,0.02036018,-0.5519861,-0.8183705,-0.1476289
94.953824043,0.01221034,-0.5491041,-0.8227728,-0.1341947
94.986384392,0.001311542,-0.5467718,-0.8263391,-0.1217805
95.021448612,-0.01183827,-0.5430712,-0.8304738,-0.1089698
95.054008484,-0.01793777,-0.5410262,-0.8335281,-0.09395478
95.086569309,-0.02006962,-0.5409757,-0.8356321,-0.07272604
95.121633530,-0.02713599,-0.5394948,-0.8380709,-0.0497373
95.154193401,-0.03807764,-0.5355827,-0.8412402,-0.02537473
95.186753750,-0.04468403,-0.5305005,-0.8445098,-0.001865589
95.221818447,-0.04651561,-0.5258839,-0.8470412,0.0207675
95.254378319,-0.04472036,-0.5213901,-0.8496373,0.02994325
95.286938667,-0.0430695,-0.5178313,-0.8518094,0.03231607
95.319498539,-0.03823125,-0.5166807,-0.8527899,0.03092622
95.354563713,-0.02918903,-0.5169502,-0.8532481,0.02249404
95.387123585,-0.01700684,-0.5178251,-0.8533016,0.008486581
95.419682980,-0.004326825,-0.5180128,-0.8533354,-0.009511982
95.454748154,0.005732203,-0.518466,-0.852491,-0.03235748
95.487308025,0.0117526,-0.5206983,-0.8500988,-0.05191265
95.519867897,0.01550571,-0.5236235,-0.8471309,-0.06763884
95.554933071,0.01985922,-0.5258965,-0.8443961,-0.08161599
95.587492943,0.02435267,-0.5263475,-0.8429203,-0.09207804
95.620052815,0.02757363,-0.5264621,-0.8421229,-0.09764248
95.655117989,0.03187454,-0.5268189,-0.8413144,-0.1013096
95.687677860,0.03616877,-0.5268075,-0.8409948,-0.1025727
95.720238209,0.04212306,-0.5270922,-0.8405463,-0.1025134
95.752798080,0.0469101,-0.5278543,-0.8397536,-0.1030095
95.787862301,0.04512602,-0.5292127,-0.8394607,-0.0991521
95.820423126,0.04021218,-0.5308698,-0.8390592,-0.09574718
95.852982521,0.03385302,-0.5316256,-0.839021,-0.09433768
95.888047218,0.0239257,-0.531903,-0.839198,-0.09423875
95.920607567,0.01066632,-0.531722,-0.8390332,-0.09903991
95.953167438,-0.002075052,-0.5366186,-0.8332335,-0.1199404
95.988232136,-0.009161889,-0.5466077,-0.8217471,-0.1499845
96.020792484,-0.009518242,-0.5532046,-0.8148567,-0.1628197
96.053352356,-0.006357453,-0.5530079,-0.8155415,-0.160192
96.088416576,-0.005121921,-0.5531604,-0.8177263,-0.1481172
96.120977402,-0.009637481,-0.5543794,-0.8182828,-0.1400407
96.153536797,-0.01811144,-0.5558315,-0.8179663,-0.1352111
96.186097622,-0.02546084,-0.5576363,-0.817555,-0.1289377
96.221161842,-0.03179529,-0.5590411,-0.8173766,-0.1224148
96.253721714,-0.0362745,-0.559922,-0.8172796,-0.117699
96.286282063,-0.04005841,-0.5605944,-0.817172,-0.1139599
96.321346760,-0.04331217,-0.5613099,-0.8169396,-0.1108725
96.353906632,-0.0452319,-0.561868,-0.8167952,-0.1083122
96.386466980,-0.04586417,-0.5620337,-0.8168604,-0.106683
96.421531677,-0.04618014,-0.5619977,-0.8169401,-0.1061255
96.454091072,-0.04710827,-0.5620408,-0.8169018,-0.1057826
96.486651898,-0.0481866,-0.5622604,-0.8167642,-0.1051913
96.521716118,-0.04888505,-0.5626152,-0.8165653,-0.1045131
96.554275990,-0.0489382,-0.5628146,-0.8164586,-0.1042485
96.586836338,-0.04863445,-0.5628496,-0.816442,-0.104333
96.619396210,-0.04824536,-0.5628124,-0.8164393,-0.1047339
96.654460907,-0.0475231,-0.5627273,-0.8164539,-0.1054045
96.687021255,-0.04671116,-0.5626069,-0.8165037,-0.1060238
96.719581127,-0.04626598,-0.5625932,-0.8165259,-0.1061198
96.754646301,-0.04644432,-0.5627201,-0.8165068,-0.1055137
96.787206173,-0.04668342,-0.5627987,-0.8164774,-0.1052168
96.819766045,-0.04696325,-0.5628406,-0.8164126,-0.1053713
96.854830742,-0.04721764,-0.5628567,-0.8163778,-0.1054407
96.887390614,-0.04723672,-0.5628015,-0.8164011,-0.1055473
96.919950485,-0.04751077,-0.5627378,-0.8164337,-0.1055104
96.955015659,-0.04827342,-0.5627323,-0.8165188,-0.1045307
96.987575531,-0.04898237,-0.5628084,-0.8166367,-0.1028567
97.020135403,-0.04980921,-0.562997,-0.8167127,-0.1008039
97.055200577,-0.0513185,-0.5634187,-0.8166261,-0.09836362
97.087760448,-0.05331539,-0.5639554,-0.8163593,-0.09642024
97.120320320,-0.05532035,-0.5644702,-0.8160079,-0.09524676
97.152880669,-0.05674823,-0.5647773,-0.8156987,-0.09523424
97.187944889,-0.05711285,-0.5647422,-0.8155712,-0.09631077
97.220504761,-0.05661327,-0.5645182,-0.8155647,-0.09795935
97.253065109,-0.05558163,-0.564254,-0.8156442,-0.09939891
97.288129807,-0.05455781,-0.5639873,-0.8158178,-0.1000541
97.320689678,-0.05432758,-0.5638411,-0.815976,-0.09971263
97.353250027,-0.05508396,-0.5638384,-0.8160869,-0.09839593
97.388314724,-0.05694253,-0.5639591,-0.8160982,-0.09653572
97.420874596,-0.05922977,-0.5640873,-0.8160244,-0.09502202
97.453434944,-0.06160719,-0.5642082,-0.815947,-0.0934439
97.488499165,-0.06409889,-0.5643551,-0.8158707,-0.09152757
97.521059036,-0.06635119,-0.5645224,-0.8157542,-0.08991614
97.553619385,-0.06849688,-0.5647205,-0.8155826,-0.08860885
97.586179257,-0.07055911,-0.5650315,-0.8153389,-0.08724129
97.621243954,-0.0722058,-0.565387,-0.8151211,-0.08561116
97.653804302,-0.07290334,-0.5655895,-0.8150544,-0.08430668
97.686364174,-0.07318569,-0.5657175,-0.8150272,-0.0834629
97.721428871,-0.07316116,-0.5658156,-0.8150098,-0.08298578
97.753989220,-0.07254636,-0.5658277,-0.8150476,-0.08307285
97.786549091,-0.07146941,-0.5657751,-0.8151243,-0.08361023
97.821613312,-0.07039569,-0.5657256,-0.8151731,-0.0843775
97.854173660,-0.0695596,-0.5656489,-0.8152056,-0.08526634
97.886733532,-0.06858148,-0.5655283,-0.8152626,-0.08630678
97.921798229,-0.0676576,-0.5654563,-0.8152861,-0.0872815
97.954358578,-0.06690636,-0.5654562,-0.8152832,-0.0878841
97.986918449,-0.06595536,-0.5654421,-0.8153112,-0.0884328
98.019478321,-0.06495803,-0.5653495,-0.8153974,-0.08896664
98.054543495,-0.06413993,-0.5651872,-0.8155375,-0.08930728
98.087103367,-0.0638537,-0.5650361,-0.8156534,-0.08941074
98.119663239,-0.06400724,-0.5649542,-0.8156842,-0.0895374
98.154727936,-0.06436206,-0.5649489,-0.8156537,-0.08959303
98.187287808,-0.06479695,-0.5649735,-0.8156072,-0.08954921
98.219847679,-0.06533222,-0.5650358,-0.8155373,-0.08940235
98.254912853,-0.06613967,-0.5651887,-0.8154236,-0.08887773
98.287472725,-0.06658322,-0.5653771,-0.8153151,-0.08834241
98.320032597,-0.06599085,-0.5653384,-0.8153124,-0.08905691
98.355097771,-0.06379837,-0.5650095,-0.815505,-0.09095877
98.387657642,-0.06219448,-0.5647509,-0.8156514,-0.09235125
98.420217514,-0.06142227,-0.5646608,-0.8157041,-0.09295103
98.452777863,-0.06138159,-0.5646606,-0.815652,-0.09343601
98.487842083,-0.06185922,-0.5647269,-0.8155377,-0.09371609
98.520401955,-0.06241548,-0.5647893,-0.8154697,-0.09356335
98.552962303,-0.06317288,-0.5648271,-0.8154424,-0.09306295
98.588027001,-0.06452341,-0.5649272,-0.8153583,-0.09226453
98.620586872,-0.06636503,-0.565096,-0.8152153,-0.09118047
98.653147221,-0.06829301,-0.565304,-0.8150739,-0.08971911
98.688211918,-0.07025592,-0.5655289,-0.8149368,-0.08801669
98.720771789,-0.07211226,-0.5657633,-0.8147762,-0.08648194
98.753332138,-0.07406552,-0.5660166,-0.8145953,-0.0848626
98.788396358,-0.07595,-0.5662619,-0.8144143,-0.08328287
98.820956230,-0.07726648,-0.5664055,-0.8143063,-0.0821426
98.853516102,-0.07822677,-0.5665122,-0.8142214,-0.08133579
98.886076450,-0.07880638,-0.5666032,-0.8141479,-0.0808769
98.921141148,-0.07896592,-0.5666595,-0.8140897,-0.08091366
98.953701019,-0.07902875,-0.5667148,-0.8140392,-0.08097451
98.986261368,-0.07917267,-0.5667804,-0.813988,-0.08088633
99.021326065,-0.07886481,-0.5667878,-0.8140306,-0.08070748
99.053885460,-0.07814055,-0.5667664,-0.8141649,-0.08020627
99.086446285,-0.07663406,-0.5664869,-0.8145614,-0.07960702
99.121510506,-0.07430825,-0.565868,-0.8152072,-0.07960316
99.154070377,-0.07264147,-0.5652171,-0.8159508,-0.0781344
99.186630726,-0.07053373,-0.5643768,-0.8169263,-0.075914
99.221695423,-0.06935625,-0.5636203,-0.8177789,-0.07339703
99.254255295,-0.06941128,-0.5635195,-0.8181843,-0.06949921
99.286815167,-0.06900457,-0.5640899,-0.8181813,-0.06517784
99.319375515,-0.06882901,-0.5649758,-0.8178968,-0.06113496
99.354439735,-0.06641161,-0.5654073,-0.8179972,-0.05841655
99.386999607,-0.06374339,-0.5656322,-0.8180994,-0.05777529
99.419560433,-0.06199021,-0.5661487,-0.8180472,-0.05530961
99.454624653,-0.06143745,-0.5671169,-0.8178236,-0.04895011
99.487184525,-0.06101659,-0.5683427,-0.8173292,-0.04317848
99.519744873,-0.06064246,-0.5693417,-0.8168902,-0.03860675
99.554809570,-0.06109132,-0.5703562,-0.8163499,-0.03409094
99.587369442,-0.06291444,-0.5715021,-0.8155839,-0.02962818
99.619928837,-0.065714,-0.5726589,-0.8147012,-0.02515926
99.654994011,-0.07058623,-0.5739695,-0.8134903,-0.02092368
99.687553883,-0.07662303,-0.5751759,-0.8121832,-0.01696704
99.720113754,-0.08367114,-0.5762887,-0.810789,-0.01180565
99.755178928,-0.09248968,-0.5763747,-0.8098332,-0.005990677
99.787738800,-0.09882356,-0.5755184,-0.8097122,-0.002530968
99.820298672,-0.1001937,-0.5745828,-0.8102081,-0.002501123
99.852859020,-0.09887937,-0.5740654,-0.8107319,-0.003636846
99.887923717,-0.09756625,-0.5733084,-0.8114243,-0.004102392
99.920483112,-0.09657356,-0.5725945,-0.8120481,-0.003842571
99.953042984,-0.0956666,-0.5718166,-0.8127056,-0.003305781
99.988108158,-0.0942933,-0.5707591,-0.8136091,-0.003295803
100.020668030,-0.09308055,-0.5698665,-0.8143715,-0.003876619
100.053227901,-0.09135095,-0.5689555,-0.8151971,-0.005092056
100.088293076,-0.08891851,-0.5683838,-0.8158516,-0.006880283
100.120852947,-0.08649808,-0.5682126,-0.8162153,-0.008525114
100.153412819,-0.08459017,-0.5681022,-0.8164819,-0.009441998
100.188477039,-0.08391542,-0.5678316,-0.8167443,-0.009059375
100.221037388,-0.0848094,-0.5675794,-0.8168399,-0.007835008
100.253597260,-0.08728599,-0.5673196,-0.8167796,-0.005335467
100.286157131,-0.09147783,-0.5670465,-0.8165272,-0.0009675987
100.321222305,-0.09694681,-0.5667982,-0.8160567,0.004498418
100.353782177,-0.1018267,-0.5666499,-0.8155231,0.009436526
100.386342049,-0.1071253,-0.5665531,-0.8148395,0.0143548
100.421406269,-0.1133336,-0.5663067,-0.814046,0.0202244
100.453967095,-0.1187861,-0.566036,-0.8133166,0.02523699
100.486526966,-0.123094,-0.5657824,-0.8127167,0.02928051
100.521591187,-0.1260419,-0.5655988,-0.8122817,0.03220987
100.554151535,-0.1275055,-0.565341,-0.8121782,0.03355809
100.586711407,-0.1275308,-0.5651167,-0.8123364,0.0334079
100.621776104,-0.1262899,-0.564894,-0.8127474,0.03185942
100.654335976,-0.1246698,-0.5647383,-0.8131753,0.03003059
100.686896324,-0.1230312,-0.56456,-0.8136079,0.02837455
100.719456196,-0.1214878,-0.5644048,-0.8140022,0.02675898
100.754520416,-0.1200948,-0.5642253,-0.8143772,0.02538607
100.787080288,-0.1190679,-0.5640799,-0.8146526,0.02460917
100.819640636,-0.1185259,-0.5639368,-0.8148461,0.02408948
100.854705334,-0.1190787,-0.5636609,-0.8149585,0.02402472
100.887265205,-0.1206318,-0.5631932,-0.8150298,0.02480874
100.919825554,-0.1227709,-0.5625846,-0.8150913,0.02606996
100.954890251,-0.1257175,-0.5617206,-0.8151886,0.02757147
100.987449646,-0.1290321,-0.5609438,-0.8151484,0.02921589
101.020009518,-0.1332595,-0.5602286,-0.814858,0.03193633
101.055074692,-0.1390725,-0.5592732,-0.8143613,0.03627227
101.087634563,-0.1459992,-0.5581687,-0.8136387,0.04185332
101.120194435,-0.1546411,-0.5569447,-0.8124582,0.04937708
101.152754307,-0.1647408,-0.5556889,-0.8107522,0.05812827
101.187819481,-0.1779147,-0.5540774,-0.8081728,0.06949156
101.220379353,-0.1921602,-0.5523519,-0.8049516,0.08162446
101.252939224,-0.2080557,-0.5504228,-0.8008494,0.09494993
101.288003445,-0.2255562,-0.5480758,-0.7958567,0.1094405
101.320563793,-0.2415295,-0.5454122,-0.7911497,0.1220613
101.353123665,-0.256322,-0.5425261,-0.7865922,0.1336596
101.388188362,-0.2703463,-0.538139,-0.7830567,0.1441152
101.420748711,-0.2829812,-0.5320346,-0.7810858,0.1529488
101.453308582,-0.296399,-0.5260243,-0.7784927,0.1613158
101.488372803,-0.3112582,-0.5197522,-0.7750218,0.1701319
101.520932675,-0.3247646,-0.5140061,-0.7713879,0.1786453
101.553493500,-0.3384835,-0.5080554,-0.7675057,0.1867386
101.586052895,-0.3525657,-0.5020899,-0.7630833,0.1947685
101.621117592,-0.3679483,-0.495197,-0.7573302,0.2060891
101.653677463,-0.3814251,-0.4886997,-0.7511793,0.2191911
101.686237812,-0.3948354,-0.4820058,-0.7446108,0.2322888
101.721302509,-0.4095519,-0.4748144,-0.7370021,0.2455081
101.753861904,-0.4228465,-0.4683528,-0.7296286,0.2571307
101.786421776,-0.4356572,-0.4620797,-0.7219114,0.2686202
101.821486950,-0.4484655,-0.4552249,-0.7138132,0.2806197
101.854046822,-0.4590737,-0.4488423,-0.7065484,0.2919058
101.886606693,-0.4682536,-0.4430627,-0.6997109,0.3024341
101.921671391,-0.4767712,-0.4381776,-0.6930831,0.311373
101.954231739,-0.4824505,-0.4347467,-0.6883568,0.3178514
101.986791611,-0.4853202,-0.4330593,-0.6860872,0.3206805
102.019351482,-0.4860927,-0.4321811,-0.6858792,0.32114
102.054415703,-0.484395,-0.4323203,-0.6879583,0.3190638
102.086976051,-0.4813785,-0.4331169,-0.6908875,0.3162068
102.119535923,-0.4791155,-0.4337976,-0.6932751,0.3134729
102.154600620,-0.4786189,-0.4342198,-0.6941528,0.3117
102.187160492,-0.4784496,-0.4350786,-0.6942551,0.310532
102.219720841,-0.4771635,-0.4363267,-0.6950752,0.3089212
102.254785061,-0.474133,-0.4375374,-0.6973872,0.3066561
102.287344933,-0.4708987,-0.4378589,-0.7001719,0.3048294
102.319904804,-0.4693804,-0.4372229,-0.701948,0.3039981
102.354969502,-0.4702032,-0.4356261,-0.7021228,0.3046147
102.387529850,-0.4726353,-0.434017,-0.7009041,0.3059514
102.420089722,-0.4756832,-0.4324629,-0.6988409,0.3081407
102.455153942,-0.4793217,-0.4302432,-0.6960827,0.3118302
102.487713814,-0.4828895,-0.4273722,-0.693277,0.3164892
102.520274162,-0.4868118,-0.4237452,-0.6903064,0.321806
102.552834034,-0.4913535,-0.4195655,-0.6869392,0.3275343
102.587898731,-0.4966078,-0.4149791,-0.6830193,0.3335943
102.620458603,-0.5012419,-0.4113417,-0.6795469,0.3382281
102.653018951,-0.5060089,-0.4079157,-0.6754811,0.3433844
102.688083649,-0.5112579,-0.4046558,-0.6706132,0.3489622
102.720643043,-0.5155465,-0.4024666,-0.666277,0.3534615
102.753202915,-0.5186874,-0.4008681,-0.6624852,0.3577836
102.788267612,-0.521004,-0.3994377,-0.6597371,0.3610802
102.820827961,-0.5236503,-0.3981631,-0.6573254,0.3630533
102.853387833,-0.5273815,-0.3957494,-0.6539841,0.3663109
102.888452053,-0.5321497,-0.393182,-0.6491593,0.3707351
102.921011925,-0.5366784,-0.3909006,-0.6441155,0.3753877
102.953572750,-0.5405823,-0.3894851,-0.6398754,0.3784959
102.986132145,-0.543409,-0.3890331,-0.6370764,0.3796331
103.021196842,-0.5457809,-0.3884778,-0.6348004,0.3806103
103.053756714,-0.5480411,-0.3876414,-0.6327212,0.3816761
103.086317062,-0.550175,-0.3868149,-0.6309142,0.3824353
103.121381760,-0.5517409,-0.3858927,-0.6297373,0.3830501
103.153941631,-0.5522394,-0.3852845,-0.6295711,0.3832173
103.186501026,-0.5523881,-0.3847496,-0.629711,0.3833102
103.221565723,-0.5532774,-0.3837178,-0.6289105,0.3843747
103.254126072,-0.5549791,-0.3821486,-0.6272355,0.3862174
103.286685944,-0.5568413,-0.3806793,-0.6254246,0.3879213
103.321750641,-0.5581803,-0.3796351,-0.624073,0.3891949
103.354310036,-0.5584475,-0.3792231,-0.623804,0.3896439
103.386870861,-0.5577482,-0.3796021,-0.6246451,0.3889284
103.419430733,-0.5564969,-0.3803256,-0.6261116,0.387654
103.454494953,-0.5551769,-0.3809463,-0.627772,0.3862493
103.487054825,-0.5541281,-0.3813089,-0.6290246,0.3853586
103.519614697,-0.5534868,-0.3814941,-0.6298236,0.3847915
103.554679871,-0.5532818,-0.3814683,-0.6301035,0.3846538
103.587239742,-0.5535745,-0.3811891,-0.6298833,0.3848697
103.619799614,-0.5543318,-0.3807189,-0.6292653,0.3852559
103.654863834,-0.5547649,-0.3803683,-0.6289681,0.385464
103.687423706,-0.5542611,-0.3804268,-0.6294196,0.3853944
103.719984055,-0.5535216,-0.3805657,-0.6301497,0.3851269
103.755048752,-0.5532954,-0.3804539,-0.6304948,0.3849975
103.787608623,-0.5538081,-0.3799676,-0.6300339,0.3854948
103.820168018,-0.5547659,-0.3791981,-0.6291022,0.3863956
103.852727890,-0.5557584,-0.3783388,-0.6281849,0.3873031
103.887793064,-0.5567099,-0.3776361,-0.6272853,0.3880798
103.920352936,-0.557383,-0.3770803,-0.6266867,0.3886208
103.952912807,-0.5578391,-0.3767459,-0.6261756,0.3891144
103.987977505,-0.5581827,-0.3766219,-0.6257536,0.3894202
104.020536900,-0.5583294,-0.3766244,-0.6255323,0.3895631
104.053097725,-0.5584061,-0.376699,-0.6254374,0.3895331
104.088161945,-0.5584353,-0.3767871,-0.6254541,0.3893794
104.120721817,-0.5584508,-0.3769348,-0.6254826,0.3891685
104.153281689,-0.5583849,-0.3771316,-0.6256366,0.3888248
104.188345909,-0.5582038,-0.3773623,-0.6259444,0.3883651
104.220906735,-0.5581609,-0.37756,-0.6260455,0.3880717
104.253466606,-0.5583912,-0.3776123,-0.6258743,0.3879657
104.286026001,-0.5587301,-0.3775093,-0.6254962,0.3881875
104.321090698,-0.5591889,-0.377316,-0.625109,0.3883386
104.353650570,-0.5597007,-0.3771292,-0.6246332,0.3885484
104.386210919,-0.5601501,-0.3768703,-0.6241437,0.388938
104.421275616,-0.5604759,-0.3766368,-0.6237791,0.3892799
104.453835487,-0.5605885,-0.3764848,-0.6236479,0.3894753
104.486394882,-0.5607135,-0.3763219,-0.6234865,0.3897107
104.521459580,-0.5608403,-0.3761552,-0.6233635,0.3898859
104.554019928,-0.5610338,-0.3759957,-0.6231046,0.3901753
104.586579800,-0.5613956,-0.3757201,-0.6226588,0.3906317
104.621644497,-0.5619508,-0.3753703,-0.622088,0.3910789
104.654203892,-0.562203,-0.3752369,-0.6217302,0.3914131
104.686763763,-0.5621045,-0.3753578,-0.6217526,0.3914033
104.721828461,-0.5619056,-0.3753453,-0.6219999,0.3913081
104.754388809,-0.5619869,-0.375078,-0.6219615,0.3915084
104.786948681,-0.5625286,-0.3744543,-0.6214235,0.3921812
104.819508553,-0.5634693,-0.3735849,-0.6204941,0.3931305
104.854572773,-0.5648129,-0.3723951,-0.6192098,0.3943539
104.887132645,-0.5663553,-0.3711247,-0.6177078,0.395693
104.919693470,-0.5681344,-0.3697583,-0.615909,0.3972229
104.954757690,-0.5702792,-0.3682303,-0.6136913,0.3989971
104.987317562,-0.5721218,-0.3668895,-0.6118852,0.4003659
105.019877434,-0.5735931,-0.3657283,-0.6103235,0.4017048
105.054941654,-0.5747491,-0.3649485,-0.6088634,0.4029755
105.087502480,-0.5751859,-0.364791,-0.608133,0.4035972
105.120061874,-0.5747802,-0.3652482,-0.6083501,0.4034344
105.155126572,-0.5738204,-0.3660586,-0.6092594,0.4026933
105.187686443,-0.5728105,-0.3669081,-0.6101345,0.4020327
105.220246315,-0.5720817,-0.3674068,-0.6108193,0.4015745
105.252806187,-0.5716224,-0.3677203,-0.6113489,0.4011358
105.287871361,-0.5713485,-0.3679968,-0.611823,0.4005492
105.320430756,-0.5711439,-0.3681241,-0.6123158,0.3999707
105.352990627,-0.5709576,-0.3683305,-0.6126986,0.39946
105.388055325,-0.5707417,-0.3685505,-0.6129405,0.3991945
105.420615196,-0.5704471,-0.368545,-0.6132348,0.3991685
105.453175545,-0.5702131,-0.3684837,-0.6133627,0.3993628
105.488239765,-0.5701175,-0.3683639,-0.6133413,0.3996426
105.520799637,-0.569902,-0.3681415,-0.6134819,0.3999389
105.553359509,-0.57003,-0.3676194,-0.6132475,0.400596
105.588424206,-0.5709748,-0.3669226,-0.6120347,0.401742
105.620984078,-0.5721571,-0.3663779,-0.6104782,0.4029239
105.653544426,-0.5724927,-0.3660169,-0.609573,0.4041437
105.686104298,-0.5722578,-0.3659043,-0.6094894,0.4047042
105.721168518,-0.5716124,-0.3663152,-0.6097677,0.4048254
105.753728390,-0.5707816,-0.366829,-0.6099184,0.4053048
105.786288261,-0.5703872,-0.3670143,-0.6097349,0.405968
105.821352959,-0.570681,-0.366843,-0.6089103,0.4069463
105.853913307,-0.5715321,-0.3665439,-0.6077211,0.4077983
105.886473179,-0.5725117,-0.3665121,-0.6066346,0.4080702
105.921537399,-0.5733672,-0.3663102,-0.6054821,0.4087616
105.954097271,-0.5741799,-0.3663171,-0.6044445,0.40915
105.986657143,-0.5749804,-0.3664706,-0.6035092,0.4092692
106.021721363,-0.57559,-0.3665553,-0.6027868,0.4094009
106.054281235,-0.5756249,-0.366905,-0.6027465,0.4090978
106.086842060,-0.5744949,-0.3681341,-0.6037583,0.408089
106.119401455,-0.572053,-0.3701063,-0.6061562,0.4061763
106.154466152,-0.5678783,-0.3732188,-0.609992,0.4034345
106.187026024,-0.5635725,-0.3763164,-0.6138217,0.4007777
106.219585896,-0.5596426,-0.3790658,-0.6172444,0.39843
106.254650116,-0.5560122,-0.3816872,-0.6201802,0.396446
106.287210941,-0.553137,-0.3838391,-0.622385,0.3949326
106.319770336,-0.5506119,-0.3857188,-0.6242778,0.3936401
106.354835033,-0.5476794,-0.3878713,-0.6264116,0.3922236
106.387394905,-0.5445849,-0.3900571,-0.6287908,0.3905543
106.419954777,-0.5410683,-0.3929492,-0.6317114,0.3878202
106.455018997,-0.5365207,-0.3965917,-0.634999,0.3850513
106.487579346,-0.5318428,-0.4002193,-0.6384894,0.3820035
106.520139217,-0.5265431,-0.4042238,-0.6427453,0.3779704
106.552699089,-0.5203191,-0.4089725,-0.6473328,0.3736274
106.587763786,-0.513228,-0.4143875,-0.6522365,0.368911
106.620323658,-0.5062823,-0.4195023,-0.6565623,0.3650338
106.652883053,-0.499595,-0.4244652,-0.6609995,0.360474
106.687947750,-0.4934336,-0.428987,-0.6661882,0.3539975
106.720508099,-0.4882442,-0.4327759,-0.6700692,0.3492245
106.753067970,-0.4833876,-0.4364839,-0.6727362,0.3462254
106.788132667,-0.4766245,-0.4402154,-0.6749625,0.3465441
106.820692539,-0.4649904,-0.4439593,-0.678542,0.3505604
106.853251934,-0.4498329,-0.4486285,-0.6855937,0.3506733
106.888316631,-0.4368056,-0.4546772,-0.6939749,0.342777
106.920876980,-0.4290659,-0.4588149,-0.7000526,0.3345825
106.953436851,-0.422089,-0.4626995,-0.7056072,0.3263373
106.985996723,-0.4151947,-0.4665997,-0.7104017,0.3191476
107.021060944,-0.4095104,-0.4703823,-0.7142118,0.3123636
107.053620815,-0.4071628,-0.4721013,-0.7153987,0.3101146
107.086180687,-0.4078978,-0.4719898,-0.7145132,0.3113579
107.121245384,-0.4119347,-0.4695053,-0.7116098,0.3164075
107.153805733,-0.4181542,-0.466092,-0.7076817,0.3220552
107.186365604,-0.4273083,-0.4613046,-0.7027762,0.3276262
107.221429825,-0.4383391,-0.4557938,-0.696568,0.3339634
107.253989697,-0.448982,-0.4501409,-0.6901884,0.34067
107.286549568,-0.4596399,-0.4448318,-0.6841596,0.3455564
107.321614266,-0.4701704,-0.4399565,-0.6774841,0.3507437
107.354174137,-0.4790355,-0.4353975,-0.6718648,0.3552174
107.386734486,-0.4876153,-0.4308633,-0.6658429,0.3603735
107.421798706,-0.497012,-0.4254898,-0.6581736,0.3679304
107.454358578,-0.5051438,-0.4209418,-0.6502822,0.37603
107.486918450,-0.5124691,-0.4170353,-0.6420951,0.3844458
107.519478321,-0.5182457,-0.4141509,-0.6343055,0.3926632
107.554542542,-0.5231046,-0.4110032,-0.627087,0.401033
107.587102413,-0.526733,-0.4081181,-0.6219636,0.4071622
107.619662285,-0.5296489,-0.4057386,-0.618788,0.4105819
107.654727459,-0.5322543,-0.4039789,-0.6173565,0.4111021
107.687287331,-0.5338369,-0.4033561,-0.6172525,0.4098159
107.719847202,-0.5344297,-0.4035187,-0.6180395,0.4076916
107.754911423,-0.5329123,-0.4050232,-0.6203593,0.4046513
107.787471294,-0.5296109,-0.4072435,-0.6240345,0.4010908
107.820031166,-0.5254177,-0.4102597,-0.6284721,0.3965774
107.855095863,-0.5222279,-0.4129074,-0.6315138,0.3931964
107.887656212,-0.5211269,-0.4144068,-0.6327821,0.3910347
107.920216084,-0.5205189,-0.4154554,-0.6335971,0.389409
107.952775955,-0.518853,-0.4171114,-0.6355088,0.3867374
107.987840176,-0.5158555,-0.4193825,-0.6386948,0.3830247
108.020400047,-0.5133638,-0.4210879,-0.6412008,0.380305
108.052959919,-0.5125108,-0.4216954,-0.6419469,0.3795227
108.088024139,-0.5138622,-0.4205768,-0.6408383,0.3808081
108.120584011,-0.5158805,-0.4189161,-0.6392878,0.3825121
108.153144836,-0.5172766,-0.4177671,-0.6381588,0.3837666
108.188209057,-0.5170972,-0.4177506,-0.6384388,0.3835606
108.220768929,-0.5162612,-0.4182007,-0.6395712,0.3823073
108.253328800,-0.5165957,-0.4180421,-0.6400268,0.3812653
108.288393021,-0.5184854,-0.4168939,-0.6386824,0.3822104
108.320952892,-0.5200944,-0.4157876,-0.6368725,0.3842441
108.353512764,-0.5204853,-0.4156104,-0.6362098,0.3850035
108.386072636,-0.5197322,-0.4161919,-0.636934,0.3841947
108.421137810,-0.5183378,-0.417092,-0.6378472,0.3835866
108.453697682,-0.5175093,-0.4176151,-0.6382419,0.3834797
108.486257553,-0.517414,-0.4176237,-0.6379262,0.3841237
108.521321774,-0.5177457,-0.4172322,-0.6371975,0.3853098
108.553881645,-0.5181814,-0.4167498,-0.6366148,0.3862082
108.586441517,-0.5181292,-0.416647,-0.6365922,0.3864264
108.621505737,-0.5172292,-0.4172285,-0.6373098,0.3858214
108.654065609,-0.5156859,-0.4184272,-0.6385903,0.3844697
108.686626434,-0.5137402,-0.4202997,-0.6400499,0.3825999
108.721690655,-0.5114278,-0.4224795,-0.6415142,0.3808407
108.754250526,-0.5089067,-0.4245393,-0.6430312,0.3793665
108.786810398,-0.5060156,-0.4267075,-0.6447456,0.3778885
108.819370270,-0.5026457,-0.4291411,-0.6471324,0.3755431
108.854434490,-0.498652,-0.4319727,-0.6501514,0.3723932
108.886994362,-0.4948022,-0.4346177,-0.6531299,0.3692254
108.919554234,-0.4908829,-0.4372837,-0.6562423,0.365774
108.954618931,-0.4867267,-0.4399558,-0.6593263,0.3625637
108.987179279,-0.4827076,-0.4422574,-0.6620551,0.3601563
109.019739151,-0.4784682,-0.4444824,-0.6649469,0.3577388
109.054803371,-0.4740371,-0.4469755,-0.6681628,0.3545247
109.087363243,-0.4700793,-0.4491775,-0.6709417,0.3517528
109.119923115,-0.4662454,-0.451417,-0.6735423,0.3490076
109.154987335,-0.4620299,-0.453905,-0.676459,0.3457306
109.187547207,-0.4577792,-0.4563544,-0.6795555,0.3420686
109.220107079,-0.4534614,-0.4589177,-0.6827167,0.3380722
109.252667427,-0.4493541,-0.4613596,-0.6856399,0.3342959
109.287732124,-0.4450652,-0.4636864,-0.6883828,0.3311628
109.320291996,-0.4411329,-0.4656445,-0.6906099,0.3290328
109.352851868,-0.436959,-0.4676047,-0.6930614,0.3266596
109.387916088,-0.4318628,-0.4699022,-0.6963509,0.3231247
109.420475960,-0.426741,-0.4722613,-0.6997625,0.319095
109.453035832,-0.4214112,-0.4746737,-0.7034106,0.3145451
109.488100529,-0.4157869,-0.4770888,-0.7073844,0.3094231
109.520659924,-0.4110742,-0.4789928,-0.7107638,0.3050025
109.553219795,-0.4065892,-0.4806091,-0.7138677,0.3011987
109.588284969,-0.4020868,-0.4821286,-0.716849,0.2977135
109.620844841,-0.3983142,-0.483245,-0.7193342,0.2949681
109.653404713,-0.3947662,-0.4842193,-0.7216381,0.292502
109.685964584,-0.3911435,-0.4851655,-0.7239781,0.2900081
109.721028805,-0.387115,-0.4864654,-0.726303,0.2874113
109.753588676,-0.3835001,-0.4877551,-0.7284188,0.2847043
109.786148548,-0.3794442,-0.4893956,-0.7306517,0.2815849
109.821213245,-0.3743357,-0.491337,-0.7335489,0.2774786
109.853772640,-0.368847,-0.4933694,-0.7367071,0.2728164
109.886333466,-0.36272,-0.4955243,-0.7403104,0.2673163
109.921397686,-0.3556249,-0.4979202,-0.7445148,0.2606374
109.953957558,-0.3488702,-0.5001112,-0.7483897,0.2543994
109.986517429,-0.3420685,-0.5021131,-0.7520928,0.2487078
110.021582127,-0.3345144,-0.5040317,-0.7562189,0.2425134
110.054141521,-0.3273099,-0.5057771,-0.7600309,0.2367244
110.086701393,-0.3202398,-0.5075211,-0.7635186,0.2313782
110.121766090,-0.3125091,-0.5092779,-0.7673627,0.2252916
110.154325962,-0.305006,-0.511005,-0.7710698,0.2189158
110.186885834,-0.2971098,-0.5129582,-0.7747357,0.2121598
110.219446182,-0.2889922,-0.5152541,-0.7781309,0.2052719
110.254510403,-0.2802858,-0.5175866,-0.7817002,0.1977787
110.287070274,-0.271929,-0.5195233,-0.7852453,0.1901776
110.319630146,-0.262938,-0.5214671,-0.7890156,0.1817072
110.354694843,-0.2529967,-0.5235003,-0.7930444,0.1721867
110.387254238,-0.2436156,-0.5254436,-0.7966227,0.1630351
110.419814110,-0.233849,-0.5271178,-0.8003423,0.153432
110.454878807,-0.2234,-0.528926,-0.8040028,0.1433071
110.487438679,-0.2137224,-0.5307069,-0.8069593,0.1345998
110.519998551,-0.203794,-0.5325763,-0.8098028,0.1252103
110.555062771,-0.1924497,-0.5345327,-0.8130119,0.1134783
110.587623119,-0.181288,-0.5359792,-0.8161753,0.1017186
110.620182991,-0.1698279,-0.5395064,-0.8176245,0.09060512
110.652742863,-0.1583019,-0.5431427,-0.8183274,0.08309291
110.687807560,-0.1472748,-0.5461408,-0.8191109,0.07566585
110.720367432,-0.1354263,-0.5490497,-0.8201885,0.0642078
110.752926826,-0.1239064,-0.55181,-0.8209455,0.05318955
110.787991524,-0.1114754,-0.554208,-0.8218916,0.03935395
110.820551395,-0.1000799,-0.5503674,-0.8264084,0.02750722
110.853111267,-0.08914369,-0.5454304,-0.8312244,0.01589851
110.888175487,-0.07810894,-0.5393246,-0.8364435,0.004211489
110.920735359,-0.06946838,-0.5330526,-0.8412043,-0.005663333
110.953295708,-0.062507,-0.5265064,-0.8457549,-0.01449413
110.988360405,-0.0567345,-0.5192755,-0.8504582,-0.02197147
111.020920277,-0.05340077,-0.5124359,-0.8546783,-0.02665223
111.053480148,-0.05172129,-0.5055225,-0.8587991,-0.02938724
111.086040020,-0.0518023,-0.4986467,-0.862789,-0.02984684
111.121104240,-0.05368909,-0.4912734,-0.8669533,-0.02806308
111.153664112,-0.0566843,-0.484465,-0.8706792,-0.0250209
111.186223984,-0.06024427,-0.4777027,-0.8742672,-0.02134077
111.221288204,-0.06429461,-0.4704876,-0.877977,-0.01707697
111.253848076,-0.06774889,-0.4637741,-0.8813519,-0.01303861
111.286407948,-0.07046964,-0.4569928,-0.8847204,-0.009435394
111.321472645,-0.07278147,-0.4496416,-0.8883202,-0.006322408
111.354032993,-0.07441291,-0.4428416,-0.891607,-0.004300136
111.386592865,-0.07546008,-0.4360958,-0.8948432,-0.003087426
111.421657086,-0.07580121,-0.428775,-0.8983465,-0.002765545
111.454216957,-0.07550982,-0.4219491,-0.9015957,-0.003205574
111.486776829,-0.07511751,-0.4151695,-0.9047674,-0.003894978
111.519336701,-0.07497373,-0.4085591,-0.9077829,-0.004027431
111.554400921,-0.07545687,-0.4015774,-0.9108555,-0.003468851
111.586960793,-0.07629236,-0.3952113,-0.9135706,-0.001946743
111.619520664,-0.07726261,-0.3888548,-0.9162152,-8.298348E-05
111.654585361,-0.078185,-0.3820195,-0.919007,0.001382485
111.687145233,-0.07834049,-0.3755655,-0.9216486,0.002181953
111.719704628,-0.07798349,-0.368971,-0.9243386,0.002179159
111.754769325,-0.07741855,-0.3617502,-0.9272372,0.001493264
111.787329674,-0.07690792,-0.3549508,-0.9299046,0.0005229466
111.819890022,-0.07660218,-0.3481211,-0.9325082,-4.359715E-05
111.854954243,-0.07684995,-0.3408393,-0.9351738,0.0005127175
111.887513638,-0.07769006,-0.3341891,-0.9374987,0.002408453
111.920073509,-0.07928387,-0.3276845,-0.9396455,0.005558106
111.952633381,-0.08127053,-0.3213149,-0.9416396,0.00972134
111.987698078,-0.0835565,-0.3146936,-0.9436107,0.01458968
112.020257950,-0.08564601,-0.3087617,-0.9452996,0.01916438
112.052817345,-0.0875276,-0.3029242,-0.9469177,0.02346001
112.087882042,-0.08906204,-0.2966639,-0.9486492,0.02740603
112.120441914,-0.08991938,-0.2908364,-0.9502864,0.03020088
112.153001785,-0.09023448,-0.2850133,-0.9519587,0.03205777
112.188066006,-0.09001261,-0.2787271,-0.9538098,0.03291564
112.220626831,-0.08948559,-0.2728772,-0.9555541,0.03277878
112.253186226,-0.08874081,-0.2671189,-0.9572753,0.0320053
112.288250923,-0.08786494,-0.2609453,-0.9590921,0.03094377
112.320810795,-0.08720884,-0.2552221,-0.9607148,0.0301843
112.353370667,-0.08682317,-0.2495441,-0.9622427,0.030104
112.388434887,-0.08659769,-0.2434951,-0.9637991,0.03049773
112.420994759,-0.0865996,-0.2379692,-0.9651508,0.03135329
112.453554630,-0.08678841,-0.2325204,-0.966414,0.03276952
112.486114502,-0.08708532,-0.227145,-0.9676054,0.03448045
112.521178723,-0.08736438,-0.2214489,-0.9688306,0.03636953
112.553738594,-0.08751031,-0.2162049,-0.9699425,0.03790579
112.586298466,-0.08754261,-0.2110305,-0.9710315,0.03908854
112.621363163,-0.08743543,-0.2055422,-0.9721847,0.03990336
112.653922558,-0.08730511,-0.20048,-0.9732323,0.0404004
112.686482429,-0.08717539,-0.195518,-0.9742365,0.04079295
112.721547604,-0.08702134,-0.1903119,-0.9752626,0.04122255
112.754107475,-0.08685085,-0.1854042,-0.9761995,0.04176719
112.786667347,-0.08665697,-0.1805502,-0.9771019,0.0423317
112.821732044,-0.08647767,-0.1753756,-0.9780289,0.04303605
112.854291439,-0.08636081,-0.1707949,-0.9788162,0.04378873
112.886851311,-0.08629466,-0.166262,-0.9795658,0.04459636
112.919411182,-0.08626728,-0.161799,-0.9802736,0.04550239
112.954475880,-0.08622172,-0.1569527,-0.9810156,0.04655859
112.987035751,-0.0861126,-0.1524978,-0.9816855,0.04743864
113.019595146,-0.08591402,-0.148065,-0.9823493,0.04809319
113.054659843,-0.08565837,-0.1433879,-0.9830438,0.04852851
113.087219715,-0.08537708,-0.139107,-0.9836732,0.04873164
113.119779587,-0.08512422,-0.1348841,-0.9842778,0.04883553
113.154843807,-0.08483229,-0.1305045,-0.9848834,0.04903643
113.187403679,-0.08458859,-0.1264365,-0.9854195,0.04934219
113.219963551,-0.08438112,-0.1223776,-0.985929,0.04975132
113.255027771,-0.0841651,-0.1180786,-0.9864451,0.05027388
113.287588596,-0.0840336,-0.1142081,-0.9868904,0.05069592
113.320148468,-0.08385972,-0.110405,-0.987319,0.05106188
113.352707863,-0.08361851,-0.1064812,-0.9877552,0.05135278
113.387772560,-0.08339454,-0.1023659,-0.9881951,0.0516232
113.420332432,-0.08322067,-0.09864136,-0.9885725,0.0519263
113.452892304,-0.08303323,-0.09502893,-0.9889219,0.05230855
113.487956524,-0.08279176,-0.09118261,-0.9892827,0.05271224
113.520516396,-0.0826181,-0.08766834,-0.9895955,0.05307667
113.553076267,-0.0824715,-0.08418722,-0.9898895,0.05345427
113.588140965,-0.08223476,-0.0804746,-0.9902016,0.05375603
113.620700359,-0.08201902,-0.07704086,-0.9904829,0.053933
113.653260231,-0.08180621,-0.07354268,-0.9907588,0.0540733
113.688324928,-0.08157986,-0.06987644,-0.9910366,0.05418619
113.720884800,-0.0813783,-0.06657723,-0.9912682,0.05440642
113.753444672,-0.08121051,-0.06344534,-0.9914702,0.05471972
113.786004066,-0.0810553,-0.0603146,-0.9916562,0.05511577
113.821068764,-0.08087417,-0.05698716,-0.9918433,0.05555587
113.853629112,-0.08073274,-0.05396447,-0.9920071,0.05585296
113.886188984,-0.08050212,-0.0509192,-0.9921694,0.05616204
113.921253681,-0.08035244,-0.04766041,-0.9923307,0.05638624
113.953813076,-0.08020143,-0.04471704,-0.9924698,0.05656244
113.986372948,-0.08000685,-0.0418343,-0.9925999,0.05676092
114.021437645,-0.07986391,-0.03881862,-0.9927162,0.05707077
114.053997517,-0.07972309,-0.0360944,-0.9928122,0.05738387
114.086557388,-0.07956117,-0.03331687,-0.9929057,0.05767119
114.121621609,-0.07938986,-0.03036465,-0.9929949,0.05800042
114.154181480,-0.07926069,-0.02769514,-0.9930659,0.05829622
114.186741352,-0.07915365,-0.02508156,-0.9931254,0.0586104
114.219301224,-0.07897408,-0.0224511,-0.9931886,0.05884853
114.254365444,-0.07881264,-0.01959651,-0.99325,0.05904919
114.286925316,-0.07870293,-0.0170555,-0.9932913,0.0592876
114.319485188,-0.07858186,-0.01459617,-0.9933237,0.05956085
114.354549885,-0.07843331,-0.01205584,-0.993354,0.0598206
114.387109280,-0.07828992,-0.009682865,-0.9933763,0.06006944
114.419669151,-0.07815639,-0.007367044,-0.9933914,0.06032018
114.454733849,-0.07800703,-0.004918831,-0.9934047,0.06054264
114.487293720,-0.077903,-0.002679118,-0.9934139,0.06066622
114.519853592,-0.07779908,-0.0004731514,-0.9934152,0.06083587
114.554917812,-0.07773668,0.001836934,-0.993407,0.06102309
114.587477684,-0.07764827,0.004012633,-0.9933925,0.06126748
114.620038033,-0.07752818,0.006110528,-0.9933737,0.06154941
114.655102730,-0.07742783,0.00826192,-0.9933445,0.06189444
114.687662601,-0.077362,0.01032731,-0.9933079,0.06225275
114.720221996,-0.0772273,0.01236488,-0.9932717,0.06262602
114.752781868,-0.07709949,0.01437189,-0.9932355,0.06292874
114.787846565,-0.07699436,0.01661524,-0.9931889,0.0632405
114.820406437,-0.07689828,0.01861683,-0.9931455,0.06347994
114.852966309,-0.07677963,0.02053154,-0.9931074,0.06362929
114.888030529,-0.07665306,0.02258507,-0.9930634,0.06377244
114.920590401,-0.07653023,0.02436616,-0.9930214,0.06391873
114.953150272,-0.07643227,0.02608766,-0.9929791,0.06401264
114.988214493,-0.07631618,0.02782239,-0.9929315,0.06415966
115.020774364,-0.07621922,0.02949596,-0.9928799,0.06432552
115.053334236,-0.07610078,0.03118734,-0.9928248,0.06451929
115.088398933,-0.07594587,0.03304433,-0.992763,0.06472659
115.120958805,-0.07583477,0.03471863,-0.9927104,0.06478948
115.153518200,-0.07575454,0.03635419,-0.9926507,0.06489976
115.186078072,-0.07567559,0.03788592,-0.9925904,0.06503613
115.221142769,-0.07560205,0.03957237,-0.9925199,0.06519312
115.253702641,-0.07547797,0.04115845,-0.992456,0.06533017
115.286262512,-0.07533678,0.04274575,-0.9923874,0.06551382
115.321326733,-0.07526571,0.04429338,-0.9923131,0.06569288
115.353886604,-0.07519106,0.04569461,-0.9922432,0.06587353
115.386446476,-0.07507804,0.04725871,-0.9921713,0.06598183
115.421510697,-0.07498825,0.0488309,-0.9920968,0.06606024
115.454070568,-0.0749474,0.05023902,-0.9920191,0.06621672
115.486630440,-0.07489086,0.05162631,-0.9919401,0.06639709
115.521695137,-0.0747951,0.05304737,-0.9918643,0.06651824
115.554254532,-0.07470344,0.05432545,-0.9917957,0.06661307
115.586814404,-0.07457426,0.05555009,-0.9917344,0.06665854
115.619375229,-0.07449037,0.05689978,-0.9916631,0.06667539
115.654438972,-0.07436892,0.05835259,-0.9915878,0.06667546
115.686998844,-0.07430293,0.05964425,-0.9915116,0.06673848
115.719559193,-0.07420462,0.06091981,-0.9914345,0.06684119
115.754623413,-0.07411906,0.06223453,-0.9913527,0.06693766
115.787183285,-0.07404907,0.06337159,-0.9912789,0.06704134
115.819743156,-0.07398517,0.06453004,-0.9912013,0.06715335
115.854807854,-0.07392528,0.06579815,-0.9911199,0.06719173
115.887367725,-0.07387891,0.06697607,-0.9910386,0.06727798
115.919927120,-0.0737844,0.06801445,-0.9909708,0.06733762
115.954991817,-0.07370253,0.06914541,-0.9908962,0.0673746
115.987551689,-0.07365198,0.07021701,-0.9908192,0.06745286
116.020111561,-0.07358613,0.07118364,-0.9907478,0.06756189
116.052671433,-0.07346669,0.07221424,-0.9906763,0.06764577
116.087735653,-0.07338063,0.07349896,-0.9905828,0.06772409
116.120295525,-0.07332822,0.07454366,-0.9905042,0.06778899
116.152855396,-0.07324126,0.07552517,-0.9904337,0.06782609
116.187919617,-0.07318866,0.07651685,-0.9903595,0.06785522
116.220479488,-0.07314994,0.0774965,-0.9902859,0.06785884
116.253039360,-0.07308467,0.07846253,-0.990216,0.06784004
116.288104057,-0.0729654,0.07950071,-0.9901416,0.06784444
116.320663452,-0.07289097,0.08040533,-0.9900683,0.06792858
116.353223324,-0.07282028,0.08129111,-0.9899896,0.06809632
116.388288021,-0.07274305,0.08227742,-0.9899039,0.06824251
116.420847893,-0.07266495,0.08323443,-0.9898223,0.06834634
116.453407765,-0.0725713,0.08416773,-0.9897481,0.06837867
116.485967636,-0.07250766,0.08504476,-0.9896775,0.06838243
116.521031857,-0.07249861,0.08592951,-0.9895999,0.06840803
116.553591728,-0.07242057,0.08675687,-0.989531,0.06844326
116.586151600,-0.07232997,0.08757388,-0.9894648,0.0684564
116.621215820,-0.07231278,0.08836993,-0.9893878,0.06856398
116.653775692,-0.07225711,0.08912721,-0.9893171,0.06866319
116.686335564,-0.0721761,0.08990391,-0.9892471,0.06874447
116.721400261,-0.07210116,0.09064882,-0.9891785,0.06883062
116.753959656,-0.07207622,0.09133795,-0.9891113,0.06891227
116.786519527,-0.07204784,0.09199123,-0.9890432,0.06905189
116.821584225,-0.07201102,0.09279592,-0.9889567,0.06925019
116.854144096,-0.07199928,0.09346857,-0.9888695,0.06960231
116.886703968,-0.07200103,0.09406204,-0.9887854,0.06999464
116.921768188,-0.07194886,0.09461664,-0.9887207,0.0702166
116.954328060,-0.07187209,0.09513163,-0.9886719,0.07028392
116.986887932,-0.07185363,0.09567363,-0.9886179,0.070328
117.019447804,-0.07182006,0.0962733,-0.988562,0.07033038
117.054512024,-0.07177979,0.09686928,-0.9885036,0.0703739
117.087071896,-0.07174135,0.09739847,-0.9884505,0.07042868
117.119631767,-0.0717093,0.09792606,-0.9883924,0.07054402
117.154695988,-0.07172465,0.09846745,-0.9883332,0.07060434
117.187255859,-0.07171471,0.09891248,-0.9882844,0.07067484
117.219815731,-0.0716501,0.09935044,-0.9882419,0.07071976
117.254880428,-0.07158551,0.09990454,-0.9881865,0.07077935
117.287440300,-0.07158538,0.1004416,-0.9881235,0.07089899
117.320000172,-0.0715368,0.1009654,-0.9880616,0.07106591
117.355064392,-0.07148144,0.1015058,-0.9879983,0.07123161
117.387624264,-0.07146651,0.1019917,-0.9879416,0.07133877
117.420184136,-0.07146146,0.1024656,-0.987887,0.07142068
117.452744007,-0.07142413,0.1030049,-0.9878314,0.07145293
117.487808228,-0.07135576,0.1035953,-0.9877725,0.07148081
117.520368099,-0.07132157,0.1041557,-0.9877149,0.07149553
117.552927971,-0.07128445,0.1047113,-0.9876651,0.07141002
117.587992191,-0.07125442,0.1052921,-0.9876109,0.07133574
117.620552063,-0.07123378,0.1057729,-0.9875587,0.07136694
117.653111935,-0.07120211,0.1062704,-0.9874996,0.07147732
117.688176632,-0.07114983,0.1067519,-0.9874399,0.07163715
117.720736504,-0.07112207,0.1071143,-0.9873958,0.07173083
117.753295898,-0.07109404,0.1075806,-0.9873402,0.07182603
117.788360596,-0.07104376,0.1080493,-0.9872873,0.07190045
117.820920467,-0.07105701,0.1084381,-0.9872458,0.07187125
117.853480339,-0.07101323,0.1089823,-0.9871879,0.07188642
117.886040211,-0.07094458,0.1095052,-0.9871348,0.07188918
117.921104431,-0.07092227,0.1099806,-0.9870794,0.07194594
117.953664303,-0.07090915,0.1104274,-0.9870229,0.07204897
117.986224174,-0.07089289,0.1108104,-0.9869751,0.07213225
118.021288395,-0.07082669,0.1111273,-0.9869397,0.07219344
118.053848267,-0.07079051,0.1115298,-0.986895,0.07221972
118.086408138,-0.07074615,0.1119756,-0.9868497,0.07219352
118.121472836,-0.0707235,0.1125136,-0.9867877,0.07222519
118.154032707,-0.07068813,0.1129217,-0.9867385,0.07229549
118.186592102,-0.0706813,0.1132718,-0.9866947,0.0723535
118.221656799,-0.07068551,0.1135543,-0.9866617,0.07235513
118.254216671,-0.0706364,0.1139979,-0.9866129,0.0723716
118.286776543,-0.07055441,0.1143375,-0.9865776,0.07239679
118.319336414,-0.07050108,0.1145626,-0.986553,0.07242813
118.354400635,-0.07046102,0.1147774,-0.9865292,0.07245208
118.386960507,-0.07045283,0.1150186,-0.9865084,0.0723596
118.419520378,-0.07043055,0.1152851,-0.9864853,0.07227203
118.454584599,-0.07041295,0.1157179,-0.9864385,0.07223681
118.487144470,-0.0704215,0.1160708,-0.9864039,0.07213611
118.519704342,-0.07043356,0.1163433,-0.9863695,0.07215438
118.554769039,-0.07039186,0.1166406,-0.9863376,0.07215084
118.587328434,-0.07033444,0.1168658,-0.9863112,0.07220357
118.619888306,-0.07035222,0.117058,-0.9862807,0.07229226
118.654952049,-0.07032975,0.1173586,-0.98624,0.07238097
118.687511921,-0.07025931,0.1176822,-0.9862042,0.07241286
118.720071793,-0.07018024,0.1180224,-0.986171,0.07238721
118.752631664,-0.07018214,0.1183196,-0.9861378,0.07235237
118.787696361,-0.070163,0.118582,-0.9861079,0.07234829
118.820255756,-0.0701395,0.1188334,-0.986079,0.07235224
118.852815628,-0.0701273,0.1190253,-0.986057,0.07234801
118.887880325,-0.07009526,0.1192584,-0.9860315,0.07234351
118.920440197,-0.07007107,0.1194723,-0.9860068,0.07235122
118.953000069,-0.0700574,0.1196906,-0.9859793,0.072379
118.988064289,-0.07003693,0.1198944,-0.9859519,0.07243501
119.020624161,-0.07000065,0.1200148,-0.9859378,0.0724628
119.053184032,-0.06997562,0.1200384,-0.9859359,0.07247331
119.088248253,-0.06995028,0.12029,-0.9859135,0.07238379
119.120808125,-0.06994816,0.1205646,-0.9858866,0.07229566
119.153367996,-0.06991629,0.1207779,-0.9858674,0.07223187
119.185927868,-0.06996086,0.1210163,-0.9858375,0.07219894
119.220992565,-0.06990667,0.1212731,-0.9858072,0.07223283
119.253551960,-0.06984819,0.1215319,-0.9857789,0.07224141
119.286111832,-0.06984007,0.1218117,-0.9857437,0.07225952
119.321176529,-0.06979767,0.1220852,-0.9857014,0.07241464
119.353736401,-0.06982023,0.1222842,-0.9856551,0.07268678
119.386296272,-0.06984047,0.122497,-0.985606,0.07297412
119.421360493,-0.0697645,0.1227809,-0.9855672,0.07309427
119.453920364,-0.0695934,0.123104,-0.9855514,0.07292609
119.486480236,-0.06956893,0.1232392,-0.9855525,0.07270601
119.521544457,-0.06962866,0.1233242,-0.9855158,0.07300203
119.554104328,-0.06955907,0.1234678,-0.985446,0.0737626
119.586664200,-0.0695806,0.1236761,-0.9853647,0.07447694
119.621728897,-0.06960922,0.1239052,-0.9853085,0.07481372
119.654287815,-0.06961508,0.1240625,-0.9853103,0.07452168
119.686847687,-0.06960435,0.1241872,-0.985339,0.07394195
119.719407558,-0.0695705,0.1243729,-0.9853591,0.07339273
119.754471779,-0.06962236,0.124672,-0.9853365,0.07313895
119.787031650,-0.06965556,0.1247629,-0.9853081,0.07333479
119.819591522,-0.06973968,0.1248338,-0.9852488,0.07392792
119.854656219,-0.06969568,0.1249798,-0.9851834,0.07459147
119.887215614,-0.06959162,0.1251317,-0.9851558,0.07479856
119.919775486,-0.06950045,0.1254142,-0.9851491,0.0744989
119.954840183,-0.06936583,0.1258063,-0.9851451,0.07401328
119.987400055,-0.06926776,0.1260047,-0.9851577,0.07359952
120.019959927,-0.06927473,0.1261487,-0.985153,0.07340746
120.055024147,-0.06922221,0.1262472,-0.9851353,0.07352647
120.087584019,-0.06905001,0.1264485,-0.9851086,0.0736998
120.120143890,-0.06901427,0.1266239,-0.985085,0.07374683
120.152703762,-0.06903088,0.1267937,-0.9850795,0.07351248
120.187767983,-0.06901045,0.1269842,-0.9851027,0.07288949
120.220327854,-0.06896769,0.1271057,-0.9851412,0.07219408
120.252887726,-0.0689572,0.1271771,-0.9851798,0.07154851
120.287952423,-0.06893956,0.1271469,-0.9852268,0.07096999
120.320511818,-0.06890114,0.127163,-0.9852508,0.0706452
120.353071690,-0.06886987,0.1272387,-0.985252,0.0705222
120.388135433,-0.06883681,0.1273959,-0.9852156,0.07077882
120.420695305,-0.06880762,0.1275369,-0.9851621,0.0712975
120.453255177,-0.0687369,0.1276987,-0.9851109,0.07178083
120.488319874,-0.06875375,0.1277593,-0.9850863,0.07199372
120.520879746,-0.06879777,0.1278642,-0.9850838,0.07179955
120.553439140,-0.06887593,0.1280134,-0.9850898,0.07137627
120.585999012,-0.06897065,0.1281684,-0.9850881,0.07102898
120.621063709,-0.06893305,0.1282779,-0.9850852,0.07090732
120.653623581,-0.06889788,0.1283565,-0.9850716,0.0709893
120.686183453,-0.06885099,0.1284087,-0.9850503,0.07123537
120.721247673,-0.06879923,0.1285146,-0.9850173,0.07154884
120.753807545,-0.06872376,0.1286312,-0.9849905,0.07178086
120.786367416,-0.06870265,0.1286956,-0.9849722,0.07193594
120.821431637,-0.06864654,0.1286909,-0.9849644,0.07210616
120.853991508,-0.06854875,0.1286824,-0.9849591,0.07228392
120.886551380,-0.06854759,0.1287366,-0.9849563,0.0722295
120.921616077,-0.06863324,0.1288697,-0.9849628,0.07181861
120.954174995,-0.06870141,0.1289918,-0.9849876,0.07119283
120.986734867,-0.06870677,0.1291037,-0.9850249,0.07046527
121.019294739,-0.06870113,0.1291934,-0.9850487,0.06997073
121.054358959,-0.06862689,0.1292982,-0.9850419,0.06994625
121.086918831,-0.06847113,0.1294782,-0.9849893,0.07050422
121.119478703,-0.068361,0.1296826,-0.984902,0.07145043
121.154543400,-0.06835187,0.129853,-0.9848043,0.07248736
121.187103272,-0.06840422,0.1298836,-0.9847548,0.07305419
121.219662666,-0.06848308,0.1300341,-0.9847169,0.07322225
121.254727364,-0.06855049,0.1302617,-0.9847066,0.07289322
121.287287235,-0.0686145,0.13047,-0.9847113,0.0723939
121.319847107,-0.06853478,0.1307077,-0.9847156,0.07198092
121.354911327,-0.06847561,0.130951,-0.9846918,0.07192072
121.387471199,-0.06844195,0.1311474,-0.9846289,0.07245518
121.420031071,-0.06835049,0.131238,-0.9845524,0.0734101
121.452590942,-0.06824335,0.1312665,-0.9844787,0.07444041
121.487654686,-0.06821634,0.1312266,-0.9844161,0.07535722
121.520214558,-0.06826776,0.1312263,-0.9843773,0.0758177
121.552774429,-0.06836799,0.131334,-0.9843559,0.07581764
121.587838650,-0.06843182,0.1315612,-0.9843544,0.07538582
121.620398522,-0.06842861,0.1316309,-0.9843948,0.07473503
121.652958393,-0.06837131,0.1316668,-0.9844465,0.07404077
121.688022613,-0.06824606,0.1316211,-0.9845012,0.07350729
121.720582485,-0.06811343,0.1315698,-0.9845474,0.07310272
121.753142357,-0.06807219,0.1315713,-0.9845763,0.0727481
121.788207054,-0.0681429,0.1316393,-0.9845858,0.07243036
121.820766926,-0.06822139,0.131807,-0.9845954,0.07192056
121.853326321,-0.06832733,0.1319797,-0.9846174,0.07119652
121.888391018,-0.06840391,0.1321595,-0.9846371,0.07051388
121.920950890,-0.06837077,0.132401,-0.9846168,0.07037837
121.953509808,-0.06830093,0.1325784,-0.984559,0.07091656
121.986069679,-0.06823399,0.1326267,-0.9844582,0.0722782
122.021134377,-0.06816396,0.132696,-0.98431,0.07420883
122.053694248,-0.0681302,0.1327147,-0.9841794,0.07591803
122.086253643,-0.06818052,0.1327299,-0.9840772,0.07716218
122.121318340,-0.0682217,0.1327192,-0.9840291,0.0777545
122.153878212,-0.06820387,0.1327122,-0.9840434,0.07760116
122.186438084,-0.06814983,0.1326915,-0.9840946,0.07703353
122.221502304,-0.06812353,0.1327954,-0.9841302,0.07641961
122.254062176,-0.06812864,0.1327699,-0.9841605,0.07606788
122.286622047,-0.06815822,0.1326879,-0.9841862,0.07585289
122.321686745,-0.06822804,0.1325565,-0.9842301,0.07544865
122.354245663,-0.06817423,0.1323824,-0.9843081,0.07478254
122.386805534,-0.0681193,0.1322415,-0.9844104,0.07372759
122.419365406,-0.06811771,0.1323695,-0.9844708,0.07268589
122.454429627,-0.06816842,0.1323815,-0.9845315,0.07178799
122.486989498,-0.06822486,0.1323608,-0.9845674,0.07127918
122.519549370,-0.06823608,0.1324607,-0.9845588,0.07120201
122.554614067,-0.06819802,0.1326109,-0.9845099,0.07163454
122.587173462,-0.06806732,0.1327471,-0.9844517,0.07230251
122.619733334,-0.06803896,0.1327586,-0.9843832,0.07323309
122.654798031,-0.06812318,0.1327216,-0.9842964,0.07438127
122.687357902,-0.06821787,0.1327006,-0.9842228,0.07529928
122.719917774,-0.06831344,0.1328049,-0.9841689,0.07573126
122.754981518,-0.06842662,0.1329055,-0.9841377,0.07585958
122.787541389,-0.0685074,0.1329764,-0.9841232,0.07584926
122.820100784,-0.06847932,0.1329742,-0.9841332,0.07574937
122.852660656,-0.06837347,0.1330074,-0.9841425,0.07566483
122.887725353,-0.06827114,0.1329858,-0.9841728,0.07540138
122.920285225,-0.06828666,0.1328178,-0.9842277,0.07496645
122.952845097,-0.06835034,0.1328206,-0.98426,0.07447574
122.987909317,-0.0683764,0.1328604,-0.9842869,0.0740256
123.020469189,-0.06838607,0.1328266,-0.9843004,0.0738977
123.053029060,-0.0684078,0.1328796,-0.9842744,0.07412787
123.088092804,-0.06839663,0.1329312,-0.984226,0.07468628
123.120652676,-0.06841574,0.1329775,-0.9841606,0.07544409
123.153212547,-0.06838028,0.1329603,-0.9841024,0.07626139
123.188276768,-0.06823665,0.132939,-0.9840537,0.0770509
123.220836639,-0.06797466,0.1329261,-0.9840287,0.07762322
123.253396511,-0.06765564,0.1329405,-0.9840165,0.07803036
123.285956383,-0.06754159,0.13293,-0.9839861,0.07852816
123.321020603,-0.06757987,0.132875,-0.9839274,0.07932073
123.353580475,-0.06777134,0.132763,-0.9838868,0.07984747
123.386140347,-0.06809724,0.1326867,-0.9838756,0.07983539
123.421204090,-0.06855981,0.1326731,-0.9839002,0.07915346
123.453763962,-0.06899922,0.1326169,-0.9839539,0.07819366
123.486323834,-0.06909692,0.1326227,-0.9840121,0.0773613
123.521388054,-0.06880386,0.1327246,-0.984052,0.07693974
123.553947926,-0.06846462,0.1328257,-0.9840328,0.07731087
123.586507797,-0.06836779,0.1328062,-0.9839532,0.07843593
123.621572495,-0.06837676,0.1327335,-0.9838498,0.07983457
123.654132366,-0.06848894,0.1326532,-0.9837654,0.08090679
123.686691761,-0.06868837,0.1324091,-0.9837295,0.08157117
123.719251633,-0.06873941,0.1321114,-0.9837722,0.08149547
123.754315376,-0.06872502,0.1320724,-0.9838587,0.08051978
123.786875248,-0.06880958,0.1320931,-0.9839362,0.07946005
123.819435120,-0.06887865,0.1320967,-0.9839796,0.07885451
123.854499817,-0.06889397,0.1320922,-0.9839887,0.07873503
123.887059689,-0.06890573,0.1320031,-0.9839673,0.07914124
123.919619560,-0.06887804,0.1318811,-0.9839227,0.07991894
123.954683781,-0.06883021,0.131679,-0.9838944,0.08063766
123.987243652,-0.06883677,0.1316956,-0.9838656,0.08095713
124.019803524,-0.06890538,0.1317762,-0.9838313,0.08118261
124.054867268,-0.06899604,0.1317946,-0.9838312,0.08107799
124.087427139,-0.06906128,0.1318547,-0.9838447,0.08075966
124.119987011,-0.06904641,0.1319016,-0.9838477,0.08065972
124.152546883,-0.06896129,0.1317013,-0.9838651,0.08084662
124.187611103,-0.06884368,0.1315871,-0.9838605,0.08118951
124.220170975,-0.06874879,0.1315169,-0.9838573,0.08142227
124.252730846,-0.06872801,0.1313462,-0.9838843,0.0813877
124.287795067,-0.06876965,0.1313017,-0.9839023,0.08120713
124.320354939,-0.06885881,0.1313217,-0.9839066,0.0810461
124.352914810,-0.0689291,0.1313551,-0.9839083,0.08091209
124.387978554,-0.06888323,0.1312129,-0.9839408,0.08078565
124.420538426,-0.06880584,0.1309989,-0.9839773,0.08075446
124.453098297,-0.06870948,0.1308485,-0.9839853,0.08098417
124.488162518,-0.06867997,0.130697,-0.9839725,0.08140772
124.520722389,-0.06871717,0.1305505,-0.9839561,0.0818083
124.553282261,-0.06877119,0.1304988,-0.9839429,0.08200338
124.588346958,-0.0688338,0.1304329,-0.983952,0.08194577
124.620906830,-0.06887363,0.1303772,-0.9839673,0.0818181
124.653465748,-0.06885576,0.1303246,-0.9839936,0.08160187
124.686025619,-0.0687668,0.1301861,-0.9840305,0.08145121
124.721089840,-0.06869228,0.1300411,-0.9840518,0.08148853
124.753649712,-0.06866615,0.1299338,-0.9840559,0.08163368
124.786209583,-0.06874236,0.129903,-0.9840466,0.08172957
124.821274281,-0.06875394,0.1298536,-0.9840463,0.0818029
124.853834152,-0.06878486,0.1297815,-0.9840422,0.08193961
124.886393547,-0.06883134,0.1295784,-0.9840412,0.0822319
124.921457767,-0.06886996,0.1293726,-0.9840338,0.08261371
124.954017162,-0.06884003,0.129221,-0.9840319,0.08289791
124.986577034,-0.06873842,0.1291483,-0.9840381,0.0830218
125.021641731,-0.06870699,0.129113,-0.9840604,0.08283781
125.054201603,-0.06871741,0.1291299,-0.9840792,0.08257806
125.086761475,-0.06872158,0.1291685,-0.9840919,0.08236257
125.119320869,-0.06873772,0.1292389,-0.9840969,0.08217841
125.154385567,-0.06881264,0.1293464,-0.9840811,0.08213603
125.186944485,-0.06888507,0.129249,-0.984083,0.082206
125.219504356,-0.06895503,0.1291456,-0.9840871,0.08226074
125.254569054,-0.06899326,0.1290658,-0.9840808,0.08242936
125.287128925,-0.0689825,0.1291043,-0.9840631,0.08258944
125.319688797,-0.06898885,0.1290901,-0.9840552,0.08270004
125.354753018,-0.06894663,0.1289807,-0.9840603,0.08284453
125.387312889,-0.06891689,0.1288815,-0.984067,0.08294612
125.419872761,-0.06890397,0.1287547,-0.9840618,0.08321472
125.454936504,-0.06905262,0.1286494,-0.984036,0.0835578
125.487496376,-0.06923354,0.1284878,-0.9840244,0.08379272
125.520056248,-0.06938707,0.1283165,-0.9840375,0.08377331
125.552616120,-0.06943191,0.1281663,-0.9840884,0.08336771
125.587680340,-0.06923883,0.1282441,-0.9841525,0.08265038
125.620240212,-0.06902234,0.1283055,-0.9842092,0.08205951
125.652800083,-0.06895566,0.1283323,-0.9842245,0.08188833
125.687863827,-0.06903266,0.1282443,-0.9841917,0.08235512
125.720423698,-0.06916555,0.1281337,-0.9841191,0.08327702
125.752983570,-0.06934681,0.1280241,-0.9840232,0.08442085
125.788047790,-0.06952403,0.1278554,-0.9839236,0.08568173
125.820607662,-0.06963219,0.1277098,-0.9838454,0.08670472
125.853167534,-0.06961943,0.127605,-0.9837942,0.08744516
125.888232231,-0.0694728,0.1275431,-0.9837817,0.0877924
125.920791626,-0.06935766,0.1274773,-0.983797,0.08780897
125.953351021,-0.06924906,0.1273637,-0.9838206,0.08779398
125.985910892,-0.06935059,0.1270605,-0.9838505,0.08781775
126.020975113,-0.06951685,0.1268812,-0.9838412,0.0880489
126.053534985,-0.06960604,0.1268058,-0.9838168,0.08835928
126.086094856,-0.06958624,0.1266982,-0.9838185,0.0885112
126.121159554,-0.06953607,0.1265109,-0.9838502,0.08846474
126.153718948,-0.06950119,0.1263163,-0.9838958,0.08826394
126.186278343,-0.0694517,0.126201,-0.9839498,0.08786508
126.221342564,-0.0695181,0.1260152,-0.984024,0.0872456
126.253902435,-0.06967167,0.1258423,-0.9840848,0.08668507
126.286462307,-0.0697776,0.1257429,-0.9841211,0.08633202
126.321527004,-0.06989229,0.125669,-0.9841263,0.08628763
126.386646271,-0.06990695,0.1255556,-0.9840617,0.08717176
126.421710491,-0.06984022,0.1254554,-0.984051,0.08748977
126.454269886,-0.06976713,0.1253818,-0.9840595,0.08755852
126.486829758,-0.06973087,0.1254027,-0.9840581,0.08757368
126.519389629,-0.06976703,0.1253299,-0.9840357,0.08790015
126.554454327,-0.06971046,0.1251589,-0.9840141,0.08842875
126.587014198,-0.06954239,0.1250078,-0.9840331,0.08856301
126.619573593,-0.06943277,0.124838,-0.9840989,0.08815724
126.654637813,-0.06939848,0.1247074,-0.9841944,0.08729716
126.687197208,-0.06949338,0.1246212,-0.984273,0.08645678
126.719757080,-0.06962851,0.1245047,-0.9843514,0.08561826
126.754821777,-0.06981903,0.1244274,-0.9844148,0.08484218
126.787381649,-0.069764,0.1244641,-0.9844441,0.0844935
126.819941521,-0.06964142,0.1244285,-0.9844615,0.08444434
126.855005264,-0.06954095,0.1244657,-0.9844002,0.08518412
126.887565136,-0.06918129,0.1243884,-0.984276,0.08700483
126.920124531,-0.06891423,0.1241138,-0.9841843,0.08863156
126.952684402,-0.06875178,0.1238736,-0.9841767,0.0891761
126.987749100,-0.06884369,0.1236746,-0.9841988,0.08913725
127.020308971,-0.06913989,0.1234745,-0.9842051,0.08911655
127.052867889,-0.06953834,0.1232662,-0.984264,0.08844133
127.087932587,-0.069848,0.1231691,-0.9844057,0.08673958
127.120492458,-0.0699605,0.1232657,-0.9845334,0.08504562
127.153051853,-0.06999321,0.1233008,-0.9846091,0.08408619
127.188116550,-0.07001773,0.1232975,-0.984625,0.08388437
127.220676422,-0.06988983,0.1232817,-0.9846147,0.08413431
127.253236294,-0.06968148,0.1232326,-0.9846003,0.08454651
127.288300037,-0.06956998,0.1231578,-0.9845514,0.0853134
127.320859909,-0.0695737,0.1233063,-0.9844521,0.08623614
127.353419781,-0.06972748,0.1233007,-0.9843677,0.08707988
127.385979176,-0.06989113,0.1231553,-0.984321,0.08768017
127.421043873,-0.06999502,0.1232214,-0.9842637,0.08814776
127.453603745,-0.06999405,0.1231746,-0.9842052,0.08886249
127.486162663,-0.0700357,0.1230514,-0.9840863,0.09030637
127.521227360,-0.07000677,0.1229415,-0.9839045,0.09243509
127.553787232,-0.06999829,0.1227103,-0.9837321,0.09455809
127.586347103,-0.07013511,0.122427,-0.9835533,0.09666058
127.621411324,-0.07055841,0.1219955,-0.9833466,0.09897353
127.653971195,-0.07082701,0.1215088,-0.9831612,0.1011971
127.686530113,-0.07089923,0.1210342,-0.9830446,0.102835
127.721594810,-0.07109082,0.1205117,-0.9830067,0.1036762
127.754154682,-0.07133988,0.1202036,-0.9830142,0.1037905
127.786714554,-0.07147893,0.1200632,-0.9830932,0.1031065
127.819274425,-0.07151569,0.119831,-0.9832385,0.1019598
127.854338646,-0.07152707,0.1195503,-0.983346,0.1012421
127.886898041,-0.0715742,0.1192324,-0.9833549,0.1014969
127.919457436,-0.07161392,0.1189775,-0.983305,0.1022485
127.954522133,-0.07166488,0.118616,-0.9832584,0.1030772
127.987082005,-0.07187801,0.1182584,-0.983214,0.1037614
128.019641876,-0.07203247,0.1179363,-0.9831507,0.1046173
128.054706097,-0.07218461,0.1175626,-0.9830883,0.1055165
128.087265492,-0.07225009,0.1171803,-0.9830678,0.106085
128.119825363,-0.07228773,0.1167651,-0.9830681,0.1065133
128.154889584,-0.07234415,0.1163532,-0.9830794,0.1068212
128.187449455,-0.07238878,0.115987,-0.983101,0.1069916
128.220009327,-0.07240737,0.1156647,-0.9831492,0.106884
128.252569199,-0.07244741,0.1152805,-0.9832315,0.1065141
128.287632942,-0.0725488,0.1148703,-0.9833189,0.1060801
128.320192814,-0.07264069,0.1145546,-0.9833677,0.1059071
128.352752686,-0.072715,0.1141566,-0.9834018,0.1059683
128.387816906,-0.07282227,0.1137067,-0.9834279,0.1061357
128.420376778,-0.07287595,0.1132748,-0.9834387,0.1064611
128.452936649,-0.07289699,0.1129121,-0.9834408,0.106812
128.488000393,-0.0728781,0.1125101,-0.9834715,0.1069667
128.520560265,-0.07293774,0.1121043,-0.9835187,0.1069177
128.553120136,-0.07300722,0.1118227,-0.9835688,0.1067031
128.588184357,-0.07306047,0.111497,-0.9836387,0.1063633
128.620744229,-0.07314297,0.1111611,-0.9837095,0.1060025
128.653303623,-0.07321529,0.1107862,-0.9837665,0.1058159
128.685863018,-0.07326739,0.1104544,-0.9837886,0.1059212
128.720927715,-0.07328828,0.1101587,-0.9837962,0.1061441
128.753487587,-0.07330778,0.1098636,-0.9838154,0.1062582
128.786047459,-0.07331916,0.1096078,-0.9838416,0.1062734
128.821111679,-0.07335573,0.1093407,-0.9838799,0.1061677
128.853671074,-0.07344167,0.1089964,-0.9839267,0.1060288
128.886230946,-0.07349747,0.1086662,-0.9839678,0.1059475
128.921295166,-0.07350309,0.108369,-0.9840016,0.1059348
128.953855038,-0.07353958,0.1080439,-0.9840361,0.1059196
128.986414909,-0.07358891,0.1077182,-0.9840645,0.105954
129.021478653,-0.0736155,0.1073971,-0.9841015,0.1059176
129.054038525,-0.07357871,0.1071866,-0.9841377,0.1058212
129.086598396,-0.07360388,0.1069891,-0.9841723,0.1056804
129.121662617,-0.07366413,0.1067669,-0.9842013,0.1055929
129.154222488,-0.07368959,0.1065551,-0.9842321,0.1055021
129.186782360,-0.07374205,0.1062788,-0.9842599,0.1054854
129.219341755,-0.07380319,0.1059661,-0.9842882,0.1054927
129.254405975,-0.07382786,0.1057795,-0.9843028,0.1055275
129.286965847,-0.07382855,0.1055273,-0.9843359,0.1054697
129.319525719,-0.07384298,0.1052318,-0.9843742,0.1053972
129.354589462,-0.07385663,0.1050416,-0.9843903,0.1054272
129.387149334,-0.07385805,0.1048693,-0.9843996,0.1055121
129.419709206,-0.07386076,0.1046969,-0.9844123,0.1055621
129.454773426,-0.07391629,0.1043855,-0.9844456,0.1055199
129.487333298,-0.0739334,0.1041226,-0.9844769,0.1054763
129.519893170,-0.07402109,0.1038912,-0.9845057,0.1053745
129.554956913,-0.07407337,0.1037704,-0.9845177,0.1053441
129.587516785,-0.07406619,0.1035749,-0.984543,0.1053055
129.620076656,-0.07408603,0.1033463,-0.984567,0.1052922
129.652636528,-0.07410144,0.1032316,-0.9845671,0.105392
129.687700748,-0.07411834,0.1030376,-0.9845738,0.1055077
129.720260143,-0.07411459,0.1028038,-0.9845924,0.1055655
129.752820015,-0.07415876,0.10254,-0.9846116,0.1056104
129.787884235,-0.07421058,0.1023093,-0.9846323,0.1056051
129.820444107,-0.07420013,0.1020926,-0.984655,0.1056106
129.853003979,-0.07420997,0.1018684,-0.984688,0.1055127
129.888067722,-0.07432178,0.1016222,-0.9847386,0.1051986
129.920627594,-0.07443429,0.101362,-0.9847696,0.1050805
129.953187466,-0.07453085,0.1010553,-0.9847899,0.1051174
129.988251686,-0.07453462,0.1008655,-0.9848028,0.1051763
130.020811558,-0.07440642,0.1007323,-0.9848207,0.1052272
130.053370953,-0.07433179,0.1004398,-0.9848403,0.1053751
130.085930347,-0.07424059,0.1001433,-0.9848485,0.1056445
130.120995045,-0.07412785,0.09988043,-0.9848829,0.1056527
130.153554916,-0.07409222,0.09973158,-0.9849169,0.1055006
130.186114788,-0.07427025,0.09960012,-0.9849228,0.1054439
130.221178532,-0.0745329,0.09945507,-0.9849404,0.1052313
130.253738403,-0.07480969,0.0992652,-0.9849759,0.1048814
130.286298275,-0.07502754,0.09922121,-0.9850155,0.1043948
130.321362495,-0.07509924,0.09923359,-0.9850664,0.1038494
130.353922367,-0.07497528,0.09921487,-0.9851169,0.1034767
130.386481285,-0.07481954,0.09916039,-0.985131,0.1035088
130.421545982,-0.07469237,0.09899446,-0.9850897,0.1041506
130.454105854,-0.0746656,0.09881123,-0.9850368,0.1048411
130.486665726,-0.07475574,0.0987056,-0.9849983,0.1052369
130.519225598,-0.07489754,0.09861768,-0.985009,0.1051189
130.554289341,-0.07495194,0.09854143,-0.9850863,0.1044244
130.586849213,-0.07502127,0.09841832,-0.9851908,0.1035006
130.619408608,-0.07475691,0.09821177,-0.985284,0.1030001
130.654473305,-0.07495745,0.09805661,-0.9853191,0.1026661
130.687033176,-0.07492395,0.09793597,-0.9853209,0.1027876
130.719592094,-0.07464094,0.09798763,-0.9853531,0.1026365
130.754656792,-0.07437664,0.09818028,-0.9854133,0.1020646
130.787216663,-0.07447738,0.09818353,-0.985436,0.1017671
130.819776535,-0.07477741,0.0981287,-0.9853743,0.1021982
130.854840279,-0.07500921,0.09800868,-0.98523,0.1035246
130.887400150,-0.0754306,0.09796275,-0.985033,0.1051243
130.919959545,-0.07566049,0.09784251,-0.9848716,0.1065745
130.955024242,-0.07532831,0.09777613,-0.9848724,0.106862
130.987584114,-0.07488167,0.09781162,-0.9850062,0.1059054
131.020143032,-0.07446202,0.09773034,-0.985191,0.1045492
131.052702904,-0.07430828,0.09754642,-0.9853591,0.1032378
131.087767601,-0.07435207,0.09747572,-0.9854461,0.1024396
131.120327473,-0.07466357,0.09737039,-0.9854761,0.1020238
131.152886868,-0.07492434,0.09723877,-0.9854736,0.1019821
131.187951088,-0.0748804,0.09726177,-0.9854518,0.1022044
131.220510483,-0.07480152,0.0972082,-0.9854575,0.1022579
131.253070355,-0.07478933,0.09710065,-0.9854692,0.1022559
131.288135052,-0.0747387,0.09697957,-0.9854952,0.1021563
131.320693970,-0.0745884,0.09689154,-0.985534,0.1019756
131.353253841,-0.07441757,0.09686743,-0.9855714,0.1017616
131.388318539,-0.07431597,0.09691732,-0.9855761,0.1017432
131.420878410,-0.07427024,0.09701721,-0.9855459,0.1019728
131.453437805,-0.07423528,0.09712975,-0.9855263,0.1020812
131.485997200,-0.07423086,0.0971091,-0.9855283,0.1020854
131.521061421,-0.07437839,0.09704544,-0.9854982,0.1023274
131.553621292,-0.07448424,0.09693073,-0.9854604,0.1027227
131.586181164,-0.07451037,0.09675985,-0.9854781,0.1026951
131.621244908,-0.07455231,0.09675764,-0.9855309,0.1021587
131.653804779,-0.07457975,0.09691253,-0.9855893,0.1014265
131.686364651,-0.07444662,0.09713751,-0.9856306,0.1009056
131.721429348,-0.07437006,0.09718401,-0.9856001,0.101215
131.753988743,-0.07445625,0.09713645,-0.9854779,0.1023807
131.786548138,-0.07450348,0.09712738,-0.9853331,0.1037404
131.821612358,-0.07448275,0.09709358,-0.9852378,0.1046878
131.854172230,-0.07454021,0.09705193,-0.985216,0.1048885
131.886732101,-0.07459112,0.09689254,-0.985265,0.1045407
131.919291973,-0.07458026,0.09678882,-0.9853411,0.1039247
131.954355717,-0.07450926,0.09668297,-0.985413,0.1033913
131.986915588,-0.07445954,0.09658161,-0.9854609,0.1030645
132.019475460,-0.074427,0.09668973,-0.9854755,0.1028468
132.054539680,-0.0744453,0.09675789,-0.9854826,0.1027014
132.087099075,-0.07449135,0.09662481,-0.9854962,0.1026628
132.119658947,-0.07453889,0.09666314,-0.9854807,0.102741
132.154723167,-0.07453339,0.09672368,-0.9854701,0.102789
132.187283039,-0.07450673,0.09672865,-0.9854787,0.1027224
132.219842434,-0.07442883,0.09678611,-0.9854828,0.1026845
132.254906654,-0.07416777,0.09675611,-0.9855214,0.1025306
132.287466526,-0.07375216,0.09663491,-0.9856124,0.1020695
132.320026398,-0.07326201,0.09652544,-0.9857407,0.1012845
132.352586269,-0.07259417,0.09634841,-0.9858961,0.1004176
132.387650013,-0.0714594,0.09623448,-0.9861467,0.09886706
132.420209885,-0.06979173,0.09637568,-0.9864691,0.0966818
132.452769756,-0.06811223,0.0965483,-0.9867958,0.09434482
132.487833977,-0.06638148,0.09681496,-0.9872133,0.09087375
132.520393372,-0.06462927,0.09711377,-0.9876241,0.08728223
132.552953243,-0.06287756,0.09735575,-0.988011,0.08384632
132.588017464,-0.0608112,0.09756961,-0.9883985,0.08048768
132.620577336,-0.05888249,0.09755749,-0.9887394,0.07770079
132.653136253,-0.05743673,0.09761928,-0.9889777,0.07564636
132.688200951,-0.05644566,0.09774596,-0.989092,0.07472922
132.720760822,-0.05578033,0.09808421,-0.9891554,0.07394159
132.753320694,-0.05519268,0.09845281,-0.9892322,0.07285626
132.785880566,-0.05492177,0.09879641,-0.9892899,0.07180572
132.820944309,-0.0547845,0.09923603,-0.9892878,0.07133126
132.853504181,-0.05456955,0.09969921,-0.989229,0.07166559
132.886063576,-0.0543213,0.1002483,-0.9891505,0.07216976
132.921127796,-0.05428481,0.1009194,-0.9890668,0.07240809
132.953687191,-0.05429963,0.1014053,-0.9890005,0.07262332
132.986247063,-0.05435504,0.1017862,-0.9889157,0.0732017
133.021311760,-0.05439259,0.1021326,-0.9888063,0.07416259
133.053871632,-0.05453191,0.1024974,-0.9886796,0.07523946
133.086430550,-0.05463204,0.1027802,-0.9885496,0.07647736
133.121495247,-0.05431691,0.1030947,-0.9884477,0.07758918
133.154055119,-0.05421795,0.1036504,-0.988382,0.0777537
133.186614513,-0.05495716,0.104315,-0.988271,0.07775754
133.219173908,-0.0566797,0.1045965,-0.9881124,0.07815803
133.254238129,-0.05858297,0.1049984,-0.9878638,0.07934772
133.286798000,-0.06082671,0.1049597,-0.9874088,0.08327767
133.319357872,-0.06217808,0.1035864,-0.9873046,0.08521287
133.354421616,-0.06360006,0.1040201,-0.9874024,0.08245692
133.386981487,-0.06463949,0.1050197,-0.9872622,0.0820578
133.419541359,-0.0660314,0.1058748,-0.9867823,0.08554987
133.454606056,-0.06276105,0.1069359,-0.9863185,0.09181129
133.487164974,-0.05757071,0.1069451,-0.9859516,0.098871
133.519724846,-0.05408878,0.1056893,-0.9856449,0.1050521
133.554789066,-0.05243877,0.1055084,-0.9856224,0.1062751
133.587348938,-0.05266625,0.1065224,-0.9857232,0.1041952
133.619908333,-0.05156773,0.1053991,-0.9863831,0.09953742
133.654972553,-0.04958908,0.1044393,-0.987859,0.08599817
133.687532425,-0.04621465,0.1054834,-0.9894547,0.06591375
133.720092297,-0.04195749,0.1070947,-0.9906203,0.04549146
133.752651215,-0.03859258,0.1083438,-0.9912291,0.02940764
133.787715912,-0.03214638,0.1094006,-0.9916963,0.0128138
133.820275783,-0.02387739,0.1110438,-0.9918203,-0.004404707
133.852835655,-0.01292206,0.11277,-0.9915699,-0.02308262
133.887899399,9.37101E-06,0.1145539,-0.9906773,-0.04542715
133.920459270,0.01126206,0.1169338,-0.989159,-0.06626987
133.953019142,0.02023763,0.1199284,-0.9875495,-0.08112378
133.988083363,0.02955106,0.1236141,-0.9862798,-0.08789801
134.020642757,0.03702411,0.127806,-0.9853532,-0.08945274
134.053202152,0.04307355,0.1300135,-0.984579,-0.09205014
134.088266850,0.04750988,0.1325461,-0.9833844,-0.09877756
134.120826721,0.04990852,0.1363879,-0.9818315,-0.1074341
134.153385639,0.05112017,0.1410049,-0.9803185,-0.1144891
134.185945511,0.05174955,0.145017,-0.9792693,-0.1181157
134.221010208,0.05299379,0.1481813,-0.9787102,-0.1182708
134.253570080,0.05263851,0.1529661,-0.9781758,-0.1167489
134.286128998,0.04930668,0.1577053,-0.9779586,-0.1136772
134.321193695,0.04046653,0.1613699,-0.9786694,-0.1056224
134.353753090,0.03098704,0.1633691,-0.9800968,-0.09158726
134.386312962,0.02394564,0.1654331,-0.9819993,-0.06605691
134.421376705,0.0184405,0.1661978,-0.9838983,-0.02469845
134.453936577,0.01744986,0.1637757,-0.9844314,0.01988789
134.486496449,0.01613057,0.1616279,-0.9830581,0.06197175
134.521560192,0.01140154,0.1597074,-0.9801688,0.1012936
134.554120064,0.006559314,0.1565554,-0.9768333,0.133685
134.586679936,0.0009001504,0.1531712,-0.9731405,0.1617496
134.619239807,-0.006380005,0.1496181,-0.9696662,0.1842519
134.654304027,-0.0150976,0.1450882,-0.9668723,0.2012637
134.686863422,-0.02175954,0.1406742,-0.9652091,0.2115099
134.719423294,-0.02594346,0.1361794,-0.964832,0.2156597
134.754487514,-0.02856928,0.1323033,-0.9662163,0.2115027
134.787046909,-0.03029766,0.129619,-0.968769,0.200986
134.819606781,-0.03199301,0.1272258,-0.9714303,0.1890526
134.854671001,-0.03414525,0.1246423,-0.9736323,0.1787912
134.887230873,-0.03625446,0.1219647,-0.9747711,0.1739517
134.919790268,-0.0380951,0.1189076,-0.9751611,0.1734886
134.954854488,-0.0392872,0.1154377,-0.9750433,0.1762074
134.987414360,-0.03975752,0.1122125,-0.9747144,0.1799647
135.019974232,-0.03991754,0.1090431,-0.9743188,0.1839752
135.052533150,-0.04015881,0.1057862,-0.9739447,0.1877659
135.087597847,-0.04028543,0.1025885,-0.9737262,0.1906245
135.120157719,-0.0399895,0.0998348,-0.9738122,0.191706
135.152717590,-0.03922796,0.09712968,-0.9742563,0.1909952
135.187781334,-0.03811316,0.09429935,-0.9749371,0.1891573
135.220341206,-0.03734834,0.09178193,-0.9755484,0.1873873
135.252900600,-0.0369694,0.08934249,-0.976,0.1862872
135.287964821,-0.03700595,0.08690515,-0.9761627,0.18658
135.320524216,-0.03677452,0.08445867,-0.9758631,0.1892967
135.353084087,-0.0361528,0.0819703,-0.975369,0.1930208
135.388148785,-0.03498511,0.07928382,-0.9749045,0.1966697
135.420707703,-0.03338632,0.07682417,-0.974628,0.1992771
135.453267574,-0.03290913,0.074045,-0.9742908,0.2020378
135.485827446,-0.03242697,0.07062054,-0.9735242,0.2069771
135.520892143,-0.03128571,0.06646268,-0.9723001,0.2141592
135.553451061,-0.02960083,0.06230992,-0.9712508,0.22032
135.586010933,-0.02683397,0.05853884,-0.9711187,0.2222821
135.621075153,-0.02442313,0.0583656,-0.9720138,0.2186637
135.653634548,-0.02392828,0.06221814,-0.9717754,0.2187157
135.686194420,-0.02510767,0.06688504,-0.9685816,0.231027
135.721258640,-0.02615029,0.0660573,-0.966477,0.2397965
135.753818512,-0.02809264,0.0603606,-0.9718921,0.2182221
135.786377907,-0.03162174,0.05386915,-0.9762005,0.1993951
135.821442127,-0.0349989,0.04620738,-0.9781843,0.1908481
135.854001999,-0.03563966,0.03921065,-0.9790056,0.1880641
135.886561871,-0.03748225,0.03376491,-0.9788525,0.1895536
135.921625614,-0.042082,0.03459889,-0.9756211,0.2045074
135.954185486,-0.04299754,0.03382746,-0.9735413,0.2141304
135.986745358,-0.03905017,0.03033772,-0.9745119,0.2109716
136.019304276,-0.03668386,0.02846371,-0.9754571,0.2072564
136.054368973,-0.03235113,0.02648556,-0.9759961,0.205697
136.086928844,-0.02391293,0.02522699,-0.9779685,0.1974769
136.119488716,-0.01025208,0.02555668,-0.9814993,0.1803571
136.154552460,0.007558359,0.0267781,-0.9864302,0.1510265
136.187112331,0.02361192,0.02754833,-0.9901202,0.1223649
136.219671726,0.03909377,0.02790837,-0.9926825,0.09434948
136.254735947,0.05309593,0.02842802,-0.9943015,0.06606673
136.287295342,0.06382675,0.02968338,-0.9949427,0.04197188
136.319855213,0.07151858,0.03167466,-0.9950653,0.01883068
136.354919911,0.07636411,0.03452879,-0.9947752,-0.005121413
136.387478829,0.07781271,0.03753125,-0.9942637,-0.02457528
136.420038700,0.07815921,0.0395746,-0.9937533,-0.03751149
136.452598572,0.07334524,0.03994899,-0.99402,-0.03970486
136.487662315,0.06380562,0.03873545,-0.9950479,-0.03059142
136.520222187,0.05259107,0.03810957,-0.9961383,-0.01085552
136.552782059,0.04034698,0.03828024,-0.9964868,0.02342256
136.587846279,0.02918369,0.03650295,-0.9944121,0.07475309
136.620405674,0.02034016,0.03338875,-0.9896449,0.1253079
136.652965546,0.01381876,0.03088886,-0.9831942,0.1697404
136.688029766,0.009435887,0.02816164,-0.9758852,0.2083114
136.720589638,0.006451797,0.02608841,-0.9697538,0.2355484
136.753149033,0.003023828,0.02427483,-0.9648988,0.2549502
136.788213253,-0.001115156,0.02206192,-0.9622713,0.2649029
136.820773125,-0.004137752,0.01936582,-0.9617438,0.2669911
136.853332519,-0.006655544,0.01628017,-0.9624009,0.2647695
136.885891914,-0.008897793,0.01314704,-0.963403,0.2612091
136.920956612,-0.01007604,0.009944362,-0.9647325,0.2563563
136.953516483,-0.01026611,0.006921772,-0.9659714,0.2517414
136.986075401,-0.009895014,0.003617096,-0.9669568,0.2480149
137.021140099,-0.00923155,-0.0001489848,-0.9674929,0.2459672
137.053699970,-0.01011703,-0.003290297,-0.9676986,0.2451
137.086258888,-0.01121648,-0.006328114,-0.9674045,0.2461512
137.121323586,-0.01214008,-0.009507142,-0.9665149,0.2494772
137.153883457,-0.01281039,-0.01236204,-0.9661238,0.2508298
137.186442375,-0.01302627,-0.01515549,-0.9661801,0.2504483
137.221507073,-0.01309581,-0.01802888,-0.9669935,0.2470924
137.254066467,-0.01309935,-0.02065419,-0.9678864,0.2433627
137.286626339,-0.01300956,-0.02304216,-0.9686329,0.240162
137.319185734,-0.01280943,-0.02540096,-0.9692131,0.2375803
137.354249954,-0.01343773,-0.02789654,-0.9697312,0.2351389
137.386809826,-0.01546631,-0.03066414,-0.9697919,0.2344183
137.419369221,-0.01684026,-0.03436038,-0.9692799,0.2359236
137.454433441,-0.01846161,-0.0368581,-0.9715317,0.2259524
137.486993313,-0.02078832,-0.0357764,-0.9771778,0.2000977
137.519553185,-0.02167346,-0.03179935,-0.9840209,0.1638578
137.554616928,-0.02858273,-0.02155016,-0.9902229,0.1216751
137.587176800,-0.03866312,-0.01241283,-0.9939173,0.08430246
137.619736672,-0.04917276,-0.0007368437,-0.9950339,0.06416095
137.654800415,-0.05475778,0.01342042,-0.99485,0.0610123
137.687360287,-0.05617906,0.02061175,-0.9949031,0.05669452
137.719920158,-0.05222272,0.023849,-0.9959119,0.03861604
137.752479076,-0.0494475,0.02381892,-0.9959909,0.04021731
137.787543774,-0.05165601,0.02139414,-0.9948938,0.06072866
137.820103168,-0.05377265,0.02192972,-0.9934161,0.07987287
137.852663040,-0.05520605,0.02356747,-0.9916347,0.09841368
137.887726784,-0.0560518,0.02506141,-0.9894824,0.1173985
137.920286655,-0.05770798,0.02525269,-0.9872628,0.1340594
137.952846527,-0.05992069,0.02440605,-0.98495,0.1493822
137.987910271,-0.0623671,0.02257861,-0.9824783,0.164209
138.020470142,-0.06417809,0.02149706,-0.9806324,0.1743754
138.053030014,-0.06478726,0.02138332,-0.9797302,0.1791693
138.088093758,-0.06460886,0.02181518,-0.9795881,0.1799574
138.120653629,-0.06482039,0.02122202,-0.979845,0.178548
138.153213501,-0.06529102,0.02019667,-0.9800252,0.1775037
138.188277245,-0.06595312,0.01875824,-0.9800651,0.1771958
138.220837116,-0.06666902,0.01774567,-0.9799685,0.1775663
138.253396988,-0.06724039,0.01652872,-0.9797094,0.1788927
138.285956860,-0.06740651,0.01511145,-0.9795194,0.1799929
138.321020603,-0.06738354,0.0135907,-0.9797008,0.1791332
138.353580475,-0.06723569,0.01242667,-0.9802865,0.1760426
138.386140347,-0.06677479,0.01129417,-0.9810528,0.1719783
138.421204090,-0.06617322,0.01008472,-0.9819492,0.167102
138.453763962,-0.06551397,0.009042913,-0.9827425,0.1626987
138.486323357,-0.0649398,0.008197346,-0.9834211,0.1588272
138.521387577,-0.06442632,0.007477825,-0.9838733,0.1562507
138.553946972,-0.06429288,0.006758072,-0.9838697,0.1563616
138.586506844,-0.06464973,0.006008382,-0.9835262,0.1583924
138.621570587,-0.06517804,0.005567572,-0.9829519,0.1617223
138.654130459,-0.06567863,0.005274909,-0.9823541,0.1651259
138.686690330,-0.06617484,0.005048779,-0.9817678,0.1683896
138.719250202,-0.06669473,0.004653502,-0.9812153,0.1713893
138.754313946,-0.06715534,0.004048446,-0.9806857,0.1742328
138.786873817,-0.06768432,0.003439017,-0.9801946,0.176786
138.819433689,-0.06837557,0.003035578,-0.9797735,0.1788494
138.854497433,-0.06931388,0.002427249,-0.9793117,0.1810139
138.887057304,-0.07073237,0.001709893,-0.9786616,0.1839654
138.919617176,-0.07253335,0.0007193089,-0.9776618,0.1885299
138.954680920,-0.07444203,-0.0005826165,-0.9762189,0.1951471
138.987240791,-0.07609892,-0.002069321,-0.9746383,0.202269
139.019800663,-0.0774693,-0.003782207,-0.9729825,0.2095635
139.054864407,-0.07844097,-0.006027471,-0.9712006,0.217273
139.087424278,-0.07903812,-0.008124937,-0.9697158,0.2235307
139.119984150,-0.07932505,-0.01015744,-0.9685318,0.2284257
139.152543545,-0.07928818,-0.01254704,-0.9675544,0.2324269
139.187607765,-0.07933129,-0.01552856,-0.9667596,0.2355184
139.220167160,-0.0797754,-0.0185819,-0.9664664,0.2363495
139.252727032,-0.07981631,-0.02177765,-0.9665831,0.2355841
139.287790775,-0.07925431,-0.02512609,-0.967138,0.2331508
139.320350647,-0.07736044,-0.02827523,-0.9679051,0.2302246
139.352910519,-0.07478437,-0.0314646,-0.9686931,0.2273293
139.387974262,-0.07192377,-0.03480762,-0.969448,0.22453
139.420534134,-0.06967003,-0.03743913,-0.9703627,0.2208353
139.453094006,-0.06810793,-0.03957507,-0.9716019,0.2154355
139.488157749,-0.06658727,-0.04122992,-0.9732798,0.2078954
139.520717621,-0.06570538,-0.04217223,-0.9748743,0.2003796
139.553277493,-0.06486657,-0.04297881,-0.9758781,0.1955372
139.585837364,-0.06435333,-0.0430706,-0.976225,0.1939483
139.620901108,-0.06416751,-0.04200536,-0.9757089,0.1968199
139.653460979,-0.06402473,-0.04171782,-0.9742308,0.2041144
139.686020851,-0.06461013,-0.04172101,-0.9720894,0.2139038
139.721084595,-0.06548773,-0.04201886,-0.9690059,0.2271579
139.753644466,-0.06729154,-0.04416387,-0.965547,0.2405575
139.786203861,-0.07037276,-0.04614881,-0.9619072,0.2535352
139.821268082,-0.07405714,-0.04830303,-0.9578322,0.2671469
139.853827476,-0.07785346,-0.05004007,-0.9539382,0.2793995
139.886387348,-0.08255761,-0.0516592,-0.9493706,0.2929825
139.921451092,-0.08814998,-0.05373467,-0.9422125,0.3133775
139.954010963,-0.09323744,-0.05670007,-0.9333175,0.3371022
139.986570835,-0.09719179,-0.06083174,-0.9227731,0.3632776
140.019130230,-0.1001078,-0.06619437,-0.9114577,0.3891905
140.054194450,-0.1038799,-0.0719745,-0.8996005,0.413975
140.086754322,-0.1083124,-0.07618644,-0.8903221,0.431762
140.119313717,-0.1135671,-0.0799043,-0.8838804,0.4428327
140.154377937,-0.1185556,-0.08412363,-0.8802056,0.4480331
140.186937809,-0.1219594,-0.08762588,-0.8791677,0.4484856
140.219496727,-0.1240391,-0.09118975,-0.8799487,0.4456643
140.254561424,-0.1261317,-0.09512134,-0.8818533,0.4404603
140.287121296,-0.1281736,-0.09892088,-0.8831938,0.4363286
140.319680214,-0.1304764,-0.1024796,-0.8835958,0.4340046
140.354744911,-0.1332954,-0.1062139,-0.8825449,0.4343882
140.387304783,-0.1370665,-0.1092482,-0.8805712,0.4364628
140.419863701,-0.1417552,-0.1121759,-0.8772009,0.4409857
140.454928398,-0.1473083,-0.115287,-0.8726619,0.4473231
140.487488270,-0.1526709,-0.1184092,-0.8679897,0.4537537
140.520047188,-0.1578674,-0.1216945,-0.8631922,0.4602122
140.552607060,-0.1623395,-0.124934,-0.8588127,0.4659462
140.587671280,-0.1673509,-0.1277798,-0.8542626,0.47173
140.620230675,-0.1725951,-0.1297596,-0.849937,0.4770829
140.652790546,-0.178431,-0.1312156,-0.8453762,0.4826092
140.687854767,-0.1866852,-0.1323113,-0.8405986,0.4875079
140.720414162,-0.1960921,-0.1328942,-0.8356331,0.4921707
140.752974033,-0.2071807,-0.1329728,-0.8288338,0.4990558
140.788038254,-0.2221198,-0.1324815,-0.8184445,0.5097919
140.820597649,-0.2391883,-0.131725,-0.8053849,0.522896
140.888221741,-0.279539,-0.131072,-0.7687205,0.5571126
140.920781136,-0.299423,-0.1295537,-0.7501625,0.5722286
140.953340530,-0.3201393,-0.1280655,-0.7296972,0.5876051
140.985900402,-0.3385154,-0.124723,-0.7080235,0.6043028
141.020964146,-0.3539385,-0.1187945,-0.682228,0.6259456
141.086083889,-0.3786017,-0.0968598,-0.6170124,0.6805895
141.121147633,-0.3827927,-0.07685735,-0.5720925,0.7189578
141.153707504,-0.3802389,-0.05186876,-0.5240951,0.7580765
141.186267376,-0.3718054,-0.01671754,-0.470288,0.7980838
141.221331120,-0.3576974,0.03444714,-0.4086342,0.8369657
141.253890991,-0.3435859,0.08329914,-0.366001,0.8588835
141.286450863,-0.345656,0.12614,-0.356148,0.8569696
141.321514607,-0.381038,0.1426274,-0.3937654,0.8222188
141.354074478,-0.4275514,0.1173902,-0.4202672,0.7895711
141.386634350,-0.446358,0.09419512,-0.3844712,0.8004381
141.419193268,-0.4359706,0.09778655,-0.3046861,0.8391433
141.454257965,-0.4105913,0.08807553,-0.2194659,0.8787034
141.486817837,-0.4056072,0.01141643,-0.1345318,0.9021534
141.519376755,-0.3935388,0.1161449,-0.08619343,0.9059998
141.554441452,-0.4421709,0.1574227,0.05025019,0.879662
141.587000847,-0.4319744,0.2273632,0.1389254,0.8596694
141.619560242,-0.4363669,0.2139816,0.2018651,0.8483359
141.654624462,-0.4378408,0.1780179,0.2517178,0.8425382
141.687184334,-0.4182172,0.1355067,0.3565966,0.822313
141.719743729,-0.3920578,0.1124137,0.4565802,0.7885529
141.754807949,-0.3682672,0.09611817,0.5537344,0.7383403
141.787367821,-0.3565052,0.1057874,0.6376279,0.6721383
141.819927216,-0.3416445,0.1620861,0.7253647,0.5722592
141.852487087,-0.3122739,0.1186952,0.7618492,0.5519143
141.887550831,-0.2738484,0.03160298,0.7634672,0.5811658
141.920110702,-0.2540883,-0.00757288,0.7847148,0.5623452
141.952670097,-0.2363435,-0.02469946,0.8239974,0.5110651
141.987734318,-0.2184261,-0.0277268,0.8658697,0.4454419
142.020293713,-0.1993586,-0.02226638,0.9025697,0.3765048
142.052853584,-0.1838358,-0.01564213,0.9312626,0.3087674
142.087917328,-0.1682444,-0.01398404,0.9527666,0.2456865
142.120477200,-0.1558011,-0.01349248,0.9657499,0.1987433
142.153037071,-0.1454438,-0.0162033,0.9745738,0.159427
142.188100815,-0.1263346,-0.02591749,0.9827785,0.1189198
142.220660687,-0.1215242,-0.02442848,0.9869504,0.08480395
142.253220558,-0.1155986,-0.01624832,0.9905152,0.04336005
142.288284302,-0.112018,-0.005019828,0.9919931,-0.002046503
142.320844174,-0.1086932,0.004545064,0.9915681,-0.03981702
142.353404045,-0.109933,0.01050046,0.9898963,-0.0673605
142.385962963,-0.1126191,0.01639585,0.9877858,-0.08919104
142.421027660,-0.1135271,0.02520058,0.9852169,-0.1115878
142.453586578,-0.1133709,0.03029838,0.9836783,-0.1234248
142.486146450,-0.112629,0.03352412,0.9829254,-0.1291369
142.521211147,-0.112339,0.03296076,0.9832083,-0.1273682
142.553770065,-0.112211,0.02919612,0.9844298,-0.1186662
142.586329937,-0.1134215,0.0249027,0.9857012,-0.107407
142.621394634,-0.1171802,0.01900411,0.9867641,-0.09397762
142.653953552,-0.121126,0.01338009,0.9876637,-0.07935681
142.686513424,-0.1244678,0.008431709,0.9886159,-0.0608523
142.721577644,-0.1274865,0.005116775,0.9894091,-0.0376616
142.754137039,-0.1309269,0.00343753,0.989556,-0.0159091
142.786696911,-0.1345034,0.002216245,0.9892076,-0.0001091149
142.819256782,-0.1356246,-0.0004388221,0.9890243,0.008017297
142.854320526,-0.1364514,-0.003600785,0.9887961,0.01667972
142.886880398,-0.1366418,-0.008338377,0.9885899,0.02402383
142.919440269,-0.1377163,-0.01388635,0.9880269,0.03566082
142.954504013,-0.1368706,-0.01954575,0.9877585,0.04295602
142.987063885,-0.1360958,-0.02557991,0.9874442,0.04904343
143.019622803,-0.1347536,-0.03259362,0.9870186,0.05657842
143.054687500,-0.1310198,-0.0419992,0.9865857,0.06592374
143.087246895,-0.128496,-0.05164639,0.9857892,0.07529157
143.119806290,-0.1270066,-0.05993556,0.9848474,0.083548
143.154870510,-0.1258346,-0.06854284,0.9838741,0.08992681
143.187430382,-0.1238065,-0.07787392,0.9828072,0.09656635
143.219989777,-0.1205799,-0.08800719,0.9814365,0.1054765
143.252549648,-0.1168197,-0.09590138,0.9801464,0.114441
143.287613869,-0.1146775,-0.1024724,0.9788603,0.121691
143.320173264,-0.1137685,-0.1075211,0.9781787,0.1236536
143.352733135,-0.1128043,-0.1125108,0.9775643,0.1249496
143.387796879,-0.1116097,-0.1171466,0.976898,0.1269574
143.420356751,-0.109969,-0.121878,0.9760509,0.1304025
143.452916145,-0.1071274,-0.127214,0.9749642,0.1356936
143.487980366,-0.1050801,-0.1325919,0.9737236,0.1409519
143.520539761,-0.1044387,-0.1369352,0.9723781,0.1464577
143.553099632,-0.1039087,-0.1395313,0.9711272,0.1525566
143.588163376,-0.1028778,-0.1421216,0.9699892,0.1580067
143.620723248,-0.1025947,-0.1461135,0.9688425,0.1615456
143.653283119,-0.100141,-0.1512447,0.9679425,0.1637431
143.685842514,-0.09780125,-0.155297,0.9674482,0.1642841
143.720906734,-0.09700844,-0.156143,0.9674276,0.1640735
143.753466129,-0.09564673,-0.156853,0.9674311,0.1641754
143.786025524,-0.09225456,-0.1586438,0.9671208,0.1662121
143.821090221,-0.08840616,-0.1610148,0.966592,0.1690751
143.853649139,-0.08582,-0.1625217,0.9659768,0.1724471
143.886209011,-0.0848447,-0.1637805,0.965238,0.1758426
143.921273708,-0.08564907,-0.1655762,0.9642793,0.1790028
143.953832626,-0.08655427,-0.1678965,0.9632472,0.1819386
143.986392498,-0.08673181,-0.1673196,0.9628262,0.1845945
144.021456242,-0.08476315,-0.1696014,0.9620008,0.1877039
144.054016113,-0.08481132,-0.1712243,0.9617063,0.187718
144.086575985,-0.08587059,-0.1724753,0.9616117,0.1865717
144.119135380,-0.0874274,-0.173031,0.9610838,0.1880486
144.154199600,-0.08949168,-0.1759336,0.9596357,0.191744
144.186759472,-0.09257941,-0.1781593,0.9585348,0.1937186
144.219318390,-0.09642414,-0.1795898,0.9574503,0.1958735
144.254383087,-0.100686,-0.1791677,0.9559522,0.2013566
144.286942005,-0.1015726,-0.1788975,0.9541906,0.2093482
144.319501877,-0.1016655,-0.1788889,0.9523485,0.2175381
144.354566574,-0.1021903,-0.1770871,0.9512128,0.2236495
144.387125492,-0.1029218,-0.1751333,0.9500757,0.2296068
144.419685364,-0.1042314,-0.1735556,0.9479305,0.2388926
144.454749107,-0.106394,-0.1734268,0.9451128,0.2489835
144.487308979,-0.1093994,-0.1737308,0.9430619,0.2551692
144.519868851,-0.1141832,-0.1733543,0.9413767,0.2595153
144.554932594,-0.1177975,-0.1788258,0.9376819,0.2674424
144.587492466,-0.1198955,-0.1863164,0.9333946,0.2762488
144.620052338,-0.1219069,-0.1933658,0.929022,0.2851211
144.652611256,-0.1220352,-0.1997427,0.9240461,0.2966089
144.687675953,-0.1202579,-0.2068704,0.918178,0.3103539
144.720235825,-0.1182684,-0.2126215,0.9131259,0.3219216
144.752794743,-0.11706,-0.2175865,0.9084212,0.332192
144.787859440,-0.1167726,-0.2225443,0.9032369,0.342971
144.820418358,-0.1169807,-0.227201,0.8978222,0.3538899
144.852978229,-0.1168656,-0.2315232,0.8917893,0.3661679
144.888042927,-0.1161257,-0.2359467,0.8847839,0.3803014
144.920601845,-0.1154173,-0.2400901,0.8779564,0.3935174
144.988225460,-0.1142113,-0.2489249,0.8648526,0.4167131
145.020785332,-0.1136568,-0.2524466,0.8596613,0.4253974
145.053345203,-0.1128901,-0.2557627,0.8540801,0.4347595
145.085904121,-0.1116715,-0.2599781,0.8478533,0.4446497
145.120968819,-0.109905,-0.2650105,0.8417479,0.453628
145.153528690,-0.1082276,-0.269627,0.837206,0.4596759
145.186087608,-0.1065604,-0.273463,0.8336099,0.4643114
145.221152306,-0.1052384,-0.2770562,0.8307112,0.4676658
145.253711224,-0.1056741,-0.2785542,0.8283669,0.4708252
145.286271095,-0.1065377,-0.279851,0.8257252,0.474488
145.321335793,-0.1083548,-0.2798812,0.8225861,0.4794849
145.353894711,-0.1099421,-0.2800322,0.8187276,0.4856002
145.386454582,-0.1117348,-0.2805856,0.8135586,0.4934949
145.421518326,-0.1137065,-0.2811699,0.8088872,0.5003433
145.454078198,-0.1132353,-0.2828069,0.8063233,0.5036549
145.486638069,-0.1125593,-0.2853895,0.8037592,0.5064406
145.519196987,-0.1126131,-0.2881359,0.8001145,0.5106275
145.554261685,-0.111941,-0.2924021,0.7942429,0.517471
145.586820603,-0.1095011,-0.29617,0.7898821,0.5225006
145.619380474,-0.1065717,-0.2998799,0.7868085,0.5256184
145.654445171,-0.1050311,-0.3027315,0.7836754,0.5289639
145.687004089,-0.1047956,-0.3038422,0.7810161,0.5322964
145.719563961,-0.1043459,-0.3049059,0.7779201,0.5362951
145.754627705,-0.1031073,-0.3058237,0.7746859,0.5406758
145.787187576,-0.102267,-0.3058543,0.771365,0.5455441
145.819747448,-0.1009679,-0.3060943,0.7675648,0.5509843
145.854811192,-0.09800047,-0.3067447,0.7641933,0.5558237
145.887371063,-0.09557649,-0.3072418,0.7614315,0.5597476
145.919930935,-0.09377637,-0.3071528,0.7580491,0.5646702
145.952489853,-0.09093644,-0.3069765,0.7543696,0.5701318
145.987554550,-0.0867191,-0.3068484,0.7504917,0.5759459
146.020113468,-0.08400536,-0.3064322,0.7481334,0.579626
146.052673340,-0.08440129,-0.303447,0.7466446,0.5830487
146.087738037,-0.08548727,-0.2953839,0.7439443,0.5904362
146.120296955,-0.08591966,-0.2864148,0.7389478,0.6009727
146.152856827,-0.08533356,-0.2766278,0.7327686,0.6130849
146.187920570,-0.0845919,-0.2658752,0.7259526,0.6259195
146.220480442,-0.0832359,-0.2538319,0.7167261,0.6415392
146.253040314,-0.07828105,-0.2430429,0.7019202,0.6623729
146.288104057,-0.07012698,-0.2347507,0.682123,0.6865203
146.320663929,-0.06343546,-0.2280202,0.6628824,0.7079528
146.353222847,-0.05837157,-0.2234212,0.6439469,0.7270734
146.388287544,-0.05439584,-0.2201521,0.6217841,0.7473863
146.420847416,-0.0505988,-0.2186652,0.596943,0.7680573
146.453406334,-0.04841876,-0.217914,0.5691846,0.789193
146.485966206,-0.04339237,-0.2122322,0.5497466,0.804662
146.521029949,-0.03357958,-0.206041,0.5265433,0.8220701
146.553589821,-0.01565223,-0.2004875,0.4919667,0.8450775
146.586149693,0.003111966,-0.1951705,0.4449915,0.8720716
146.621213436,0.01836818,-0.1857298,0.3924011,0.8987859
146.653773308,0.03086523,-0.1752562,0.3424201,0.920711
146.686332226,0.03878992,-0.1653412,0.2894162,0.9402253
146.721396923,0.03839741,-0.1596128,0.2300992,0.9574609
146.753956795,0.03281959,-0.1614154,0.1821328,0.967638
146.786515713,0.02332439,-0.1714877,0.1374835,0.9735368
146.821580410,0.01653296,-0.1841757,0.1081494,0.9750577
146.854139328,0.01448414,-0.1955005,0.09857257,0.9738997
146.886699200,0.01512712,-0.2058863,0.08871634,0.9726968
146.919259071,0.01601099,-0.2135673,0.07261035,0.9723621
146.954322815,0.01638122,-0.2171046,0.05171433,0.9729084
146.986882687,0.01559896,-0.2156437,0.02930085,0.9741785
147.019441605,0.009137659,-0.2082423,0.01375896,0.9762121
147.054506302,-0.001413325,-0.1931738,0.01847851,0.9792693
147.087065220,-0.01402748,-0.1771714,0.0391295,0.9815854
147.119625092,-0.0241609,-0.1564423,0.05995239,0.9838575
147.154689789,-0.03502611,-0.1420707,0.05913281,0.9857587
147.187248707,-0.03627507,-0.1341863,0.05468429,0.9870743
147.219808579,-0.03522738,-0.1282058,0.05767452,0.9877367
147.254872322,-0.03551023,-0.1279829,0.06516913,0.9872893
147.287432194,-0.03643159,-0.1322671,0.07202664,0.986214
147.319992066,-0.03905125,-0.1391557,0.0777502,0.9847299
147.352551460,-0.04334084,-0.1472788,0.08942159,0.9823757
147.387615681,-0.0561753,-0.1547815,0.1125667,0.9781837
147.420175076,-0.06704246,-0.1620833,0.1378132,0.9730722
147.452734470,-0.06994043,-0.17037,0.1685105,0.9665993
147.487799168,-0.06700698,-0.1793434,0.1963796,0.9599004
147.520358086,-0.0636641,-0.1870381,0.217198,0.9541574
147.552917957,-0.05944227,-0.1935291,0.2386752,0.9479846
147.587981701,-0.05400087,-0.1984934,0.2573839,0.9423723
147.620541573,-0.05018404,-0.2012496,0.265392,0.9397739
147.653101444,-0.04785356,-0.2014092,0.2700583,0.938531
147.688165188,-0.04918742,-0.1975331,0.2686346,0.9396937
147.720725059,-0.05377763,-0.1902248,0.2695434,0.9406894
147.753284454,-0.05729403,-0.1814918,0.2757273,0.9404149
147.785844326,-0.06069563,-0.1731087,0.2764275,0.9415758
147.820908070,-0.06946499,-0.1662723,0.2714004,0.9436618
147.853467464,-0.07637846,-0.1622915,0.2713018,0.943849
147.886027336,-0.08052596,-0.160052,0.2705811,0.9440934
147.921091080,-0.08546052,-0.1583647,0.2682257,0.9446163
147.953650951,-0.09126019,-0.1573456,0.2659974,0.9448742
147.986210346,-0.0958503,-0.1567979,0.2648401,0.9448357
148.021274567,-0.09945586,-0.1562344,0.2620924,0.9453225
148.053834438,-0.1025729,-0.1555887,0.2591478,0.9459075
148.086393833,-0.1053459,-0.1552137,0.2561908,0.9464698
148.121458054,-0.1094947,-0.1557051,0.2536891,0.9465919
148.154017448,-0.1137714,-0.1572847,0.2543893,0.9456381
148.186577320,-0.1183258,-0.15935,0.2571246,0.9439922
148.219136715,-0.1217711,-0.1616184,0.260296,0.9422977
148.254200935,-0.124861,-0.1643355,0.2629803,0.9406766
148.286760330,-0.1285363,-0.1654941,0.267791,0.9386191
148.319319725,-0.1316283,-0.1654062,0.2761688,0.9357741
148.354383946,-0.133558,-0.1646827,0.2844125,0.9331555
148.386943340,-0.1356492,-0.1641599,0.2907017,0.9310053
148.419503212,-0.1377483,-0.1631539,0.2971467,0.9288368
148.454566956,-0.139536,-0.1618277,0.3055474,0.9260723
148.487126827,-0.1398077,-0.1624108,0.314638,0.9228798
148.519686699,-0.1410257,-0.1630402,0.3190811,0.9210563
148.554750443,-0.1439,-0.165164,0.3205689,0.9197156
148.587310314,-0.146429,-0.1668659,0.3240859,0.9177747
148.619869232,-0.1463707,-0.1670889,0.3285464,0.9161561
148.652429104,-0.1412675,-0.1653222,0.3262205,0.9181067
148.687493801,-0.129347,-0.1636539,0.3008073,0.9287784
148.720052719,-0.1310607,-0.1736418,0.2504957,0.9415684
148.752612591,-0.1329553,-0.1638721,0.2087678,0.9531592
148.787676334,-0.1408602,-0.1609395,0.210488,0.9521447
148.820236206,-0.1412719,-0.1522658,0.2236721,0.950503
148.852795124,-0.1290142,-0.1437526,0.2169982,0.9551073
148.887859821,-0.1176283,-0.1498066,0.1753846,0.9641521
148.920419693,-0.1227154,-0.1596148,0.1361285,0.9682772
148.952978611,-0.1159689,-0.1592637,0.118508,0.9714782
148.988043308,-0.1078872,-0.1521744,0.1021828,0.9753921
149.020602226,-0.1094877,-0.1470132,0.07599463,0.9783925
149.053162098,-0.1177419,-0.1374041,0.05345692,0.9803199
149.088225842,-0.127441,-0.1204834,0.0349211,0.9821664
149.120785713,-0.1352769,-0.1050089,0.02136811,0.9832824
149.153345585,-0.1346713,-0.09493412,0.01161365,0.9845526
149.185904503,-0.1294753,-0.08971693,0.001873651,0.9858049
149.220969200,-0.1210147,-0.08556473,-0.005574985,0.9872339
149.253528118,-0.113842,-0.07967225,-0.01375696,0.9884992
149.286087990,-0.1079459,-0.07068181,-0.02328792,0.9896652
149.321151733,-0.1014351,-0.05976099,-0.03589355,0.9906962
149.353711605,-0.09572488,-0.05000465,-0.05086609,0.9911491
149.386271477,-0.09053776,-0.04229208,-0.070253,0.990811
149.421335220,-0.08797563,-0.03606456,-0.09043975,0.9896504
149.453895092,-0.08648573,-0.03077126,-0.1073852,0.9882659
149.486454487,-0.08820918,-0.0246592,-0.1217871,0.9866136
149.521518707,-0.08918555,-0.01871047,-0.1331254,0.9851909
149.554078102,-0.08791316,-0.0149631,-0.142185,0.9841028
149.586637497,-0.08483447,-0.009869444,-0.1496398,0.9833318
149.619197369,-0.08482819,-0.006688029,-0.1541711,0.9826589
149.654261112,-0.08009107,-0.002449811,-0.155951,0.9827952
149.686820984,-0.07686634,-0.001180317,-0.1602778,0.9823588
149.719380379,-0.07722937,0.003710658,-0.1685089,0.9809456
149.754444599,-0.08390227,0.01198541,-0.1748565,0.9792189
149.787003994,-0.08732923,0.01550557,-0.1774444,0.978404
149.819563866,-0.08995407,0.01317956,-0.1851768,0.976766
149.854628086,-0.09333933,0.008925129,-0.2011541,0.9733308
149.887187481,-0.0992696,0.01046448,-0.2163187,0.9694689
149.919747353,-0.1063768,0.01248726,-0.2239966,0.9669443
149.954811096,-0.1093239,0.01381471,-0.2329722,0.9644734
149.987370968,-0.1090321,0.01361085,-0.2462013,0.9612177
150.019929886,-0.1064605,0.0152162,-0.2633792,0.9569189
150.052489758,-0.1051538,0.01712869,-0.2754161,0.9536367
150.087553501,-0.1041041,0.01998393,-0.2824606,0.9516337
150.120113373,-0.1048494,0.02094142,-0.2841441,0.9510299
150.152673245,-0.1067792,0.02029386,-0.2810962,0.9517348
150.187736988,-0.1115244,0.01710424,-0.2676873,0.9551131
150.220296860,-0.117364,0.01390562,-0.2469578,0.9600375
150.252855778,-0.1248843,0.0106794,-0.2249073,0.9645384
150.287920475,-0.1327247,0.005879913,-0.2024643,0.9684966
150.320479393,-0.1385363,0.00122672,-0.1812811,0.9718904
150.353039265,-0.1431639,-0.003707749,-0.152742,0.9761085
150.388103962,-0.1414462,-0.005418377,-0.1176223,0.9812014
150.420662880,-0.1356118,-0.003991853,-0.09029132,0.9849206
150.453222752,-0.1312019,-0.002549943,-0.07127329,0.9870802
150.485781670,-0.1263225,-0.001049694,-0.05955086,0.9884953
150.520846367,-0.1212557,-0.001731249,-0.04918244,0.9896984
150.553405285,-0.1183083,-0.005974689,-0.03788841,0.9905349
150.585965157,-0.1188976,-0.01509387,-0.0276239,0.9907069
150.621028900,-0.1210893,-0.03031638,-0.01395046,0.9903795
150.653588772,-0.1252837,-0.04580896,0.004549674,0.9893495
150.686148643,-0.1322606,-0.05642512,0.02664289,0.987543
150.721212387,-0.1371495,-0.05949394,0.05208925,0.9856799
150.753772259,-0.1401683,-0.05963951,0.06966686,0.9841596
150.786331654,-0.1415468,-0.05894519,0.07923475,0.9832799
150.821395874,-0.1414135,-0.05997188,0.08270798,0.982951
150.853955269,-0.1410185,-0.06144112,0.07988845,0.9831502
150.886515141,-0.1415333,-0.06228698,0.07573544,0.9833517
150.919074535,-0.1426392,-0.06236931,0.07364035,0.9833457
150.954138756,-0.143719,-0.06198997,0.07287615,0.9832695
150.986698151,-0.1442961,-0.06154503,0.07312393,0.9831945
151.019257545,-0.1446447,-0.06119921,0.07320704,0.9831586
151.054321766,-0.1449948,-0.06038817,0.0727219,0.9831933
151.086881161,-0.1450789,-0.05913293,0.07203852,0.9833074
151.119441032,-0.1450043,-0.05855434,0.07157109,0.9833872
151.154504776,-0.1451921,-0.05815935,0.07140227,0.9833953
151.187064648,-0.1455416,-0.05688364,0.07225342,0.983356
151.219624519,-0.1459677,-0.0550625,0.07417213,0.9832537
151.254688263,-0.1466772,-0.05375239,0.07633636,0.9830549
151.287248135,-0.1475096,-0.05331918,0.07765567,0.9828506
151.319807053,-0.1482932,-0.05362888,0.07746761,0.9827306
151.354871750,-0.148848,-0.05447731,0.07561988,0.982744
151.387430668,-0.1491892,-0.05524877,0.07383635,0.9827848
151.419990540,-0.1495344,-0.05615209,0.07308367,0.9827374
151.452549458,-0.1496538,-0.05664473,0.07343105,0.9826651
151.487614155,-0.1498536,-0.05722494,0.07430281,0.9825355
151.520173073,-0.1497945,-0.05793405,0.075459,0.9824148
151.552732945,-0.149805,-0.05849027,0.07628693,0.9823163
151.587797642,-0.1499194,-0.05891053,0.07744637,0.982183
151.620356560,-0.1498818,-0.05908339,0.07834865,0.9821068
151.652916431,-0.149646,-0.0588842,0.07876247,0.9821216
151.687980175,-0.1493446,-0.05838445,0.07928053,0.9821557
151.720540047,-0.1490132,-0.05797901,0.07966044,0.9821993
151.753099441,-0.1489001,-0.05757594,0.07951817,0.9822516
151.788163662,-0.1494662,-0.05704222,0.0791725,0.9822247
151.820723057,-0.150726,-0.05677808,0.07894935,0.9820656
151.853282928,-0.1522213,-0.05652405,0.07900462,0.9818451
151.885842323,-0.1530958,-0.05667577,0.07901066,0.9816998
151.920906544,-0.1530669,-0.05711953,0.07938771,0.9816483
151.953465939,-0.1523196,-0.05792239,0.07999209,0.9816683
151.986025333,-0.1515842,-0.05844746,0.08014641,0.9817384
152.021089554,-0.1507362,-0.05843801,0.08050808,0.98184
152.053648949,-0.1499927,-0.05879505,0.0806703,0.9819192
152.086208820,-0.1496781,-0.05969786,0.08040392,0.9819345
152.121272564,-0.1496392,-0.0609142,0.07955791,0.9819347
152.153832436,-0.1496573,-0.06235475,0.07824653,0.9819469
152.186391354,-0.1495454,-0.06411967,0.07711209,0.9819401
152.221456051,-0.1497744,-0.06526455,0.07727869,0.9818166
152.254014969,-0.150141,-0.06552994,0.07905644,0.9816014
152.286574841,-0.1497358,-0.06406794,0.08230782,0.9814926
152.319134712,-0.1498486,-0.06179005,0.08591636,0.9813122
152.354198456,-0.1522372,-0.06027453,0.08948134,0.9807199
152.386758328,-0.155233,-0.06017313,0.09234872,0.9799904
152.419317246,-0.157474,-0.06283753,0.09417306,0.9792919
152.454381943,-0.1592854,-0.06927352,0.09416696,0.9785652
152.486940861,-0.162507,-0.07681236,0.09627219,0.9772669
152.519500733,-0.1676448,-0.08517084,0.1001376,0.975316
152.554564476,-0.1746396,-0.09702032,0.1027698,0.9727045
152.587124348,-0.181607,-0.1114834,0.1061038,0.9695154
152.619683743,-0.1909314,-0.1294557,0.1095339,0.9650992
152.654747963,-0.205341,-0.1533515,0.1123483,0.9582922
152.687307358,-0.2178741,-0.1799009,0.1146959,0.9505993
152.719867229,-0.2301321,-0.2072413,0.1232137,0.9410293
152.752427101,-0.2421081,-0.2320215,0.1415868,0.9295862
152.787490845,-0.2523153,-0.2544003,0.1670749,0.9166957
152.820050240,-0.2570702,-0.2738016,0.1861911,0.9060398
152.852609634,-0.2588152,-0.2932346,0.1986047,0.8967788
152.887673855,-0.2602322,-0.3124872,0.2075098,0.8878053
152.920233250,-0.2628977,-0.3286161,0.2133506,0.8797758
152.952793121,-0.2645922,-0.3450887,0.2168278,0.8720769
152.987856865,-0.2656219,-0.3623858,0.2176221,0.8645171
153.020416737,-0.2673279,-0.3766782,0.2185945,0.8576092
153.052975655,-0.2705145,-0.389074,0.2223232,0.8500844
153.088040352,-0.2753927,-0.4017313,0.2298242,0.8405827
153.120599270,-0.2788465,-0.4124323,0.2399806,0.8313731
153.153159142,-0.2820663,-0.4214368,0.2486861,0.8231723
153.185719013,-0.2862425,-0.4281547,0.2560271,0.8159819
153.220782757,-0.2914125,-0.4331226,0.2650049,0.8086308
153.253342629,-0.2976439,-0.4347919,0.2769708,0.8014231
153.285902023,-0.3024977,-0.4352769,0.2873849,0.795655
153.320966244,-0.3038709,-0.4376281,0.2923872,0.7920112
153.353525639,-0.3025659,-0.441208,0.2912045,0.7909596
153.421149254,-0.3008378,-0.4494438,0.2773078,0.7919754
153.453708649,-0.3003356,-0.4547599,0.2678615,0.7923824
153.486268044,-0.3016157,-0.4601408,0.2610883,0.7910494
153.521332264,-0.3052724,-0.4647677,0.2590715,0.7875972
153.553891659,-0.3096884,-0.4682066,0.2595726,0.7836617
153.586451531,-0.3135402,-0.4710793,0.260846,0.7799768
153.621515274,-0.3173864,-0.4734653,0.2632188,0.7761702
153.654075146,-0.3206862,-0.4747747,0.266605,0.7728512
153.686635017,-0.3236836,-0.4759167,0.2705825,0.7695097
153.719193935,-0.3264048,-0.4767428,0.2746923,0.7663864
153.754258633,-0.3290332,-0.4774613,0.2780131,0.7636126
153.786817551,-0.3313474,-0.4777153,0.2799478,0.7617441
153.819377422,-0.3331173,-0.477823,0.2809763,0.7605248
153.854441166,-0.3347891,-0.4777116,0.2812095,0.7597742
153.887001038,-0.3361054,-0.477632,0.2810068,0.7593179
153.919559956,-0.3379785,-0.4773462,0.2807506,0.7587608
153.954624653,-0.340637,-0.4768258,0.2807647,0.7578934
153.987183571,-0.3434576,-0.4762578,0.281489,0.7567081
154.019743443,-0.3462773,-0.4754046,0.2828915,0.7554355
154.054807186,-0.3479145,-0.474771,0.2841977,0.7545909
154.087367058,-0.3483579,-0.4745758,0.2845935,0.7543598
154.119926453,-0.3484094,-0.4742946,0.2845813,0.7545176
154.152486324,-0.3482052,-0.473708,0.2840753,0.7551708
154.187550068,-0.3467592,-0.4726365,0.2817073,0.7573913
154.220109940,-0.3433573,-0.4714904,0.2754356,0.7619484
154.252669334,-0.3382677,-0.471265,0.264506,0.7682112
154.287733555,-0.3305446,-0.473319,0.2498358,0.7751898
154.320292950,-0.3235485,-0.4770507,0.237742,0.7796443
154.352852345,-0.3168817,-0.4814579,0.2299849,0.7819967
154.387916565,-0.3103186,-0.4851442,0.2265404,0.7833548
154.420475960,-0.3036179,-0.4863582,0.2236511,0.7860532
154.453035832,-0.2955787,-0.4807434,0.2106191,0.7961069
154.488099575,-0.2945237,-0.4658118,0.1851237,0.8115615
154.520659447,-0.3014464,-0.4490653,0.1669665,0.8223261
154.553218365,-0.3137595,-0.4210034,0.1750053,0.8308501
154.585778237,-0.3257762,-0.3906484,0.1976281,0.8359632
154.620841980,-0.3241646,-0.3759501,0.208404,0.8406987
154.653401852,-0.3086385,-0.3844263,0.2053983,0.843444
154.685961246,-0.2891227,-0.4097238,0.1959873,0.8406849
154.721025467,-0.2922189,-0.4265416,0.185899,0.8335105
154.753584862,-0.3103962,-0.4217886,0.2053082,0.8247573
154.786144733,-0.3375261,-0.4056896,0.2190643,0.818615
154.853768349,-0.3730833,-0.3799534,0.2121005,0.8173649
154.886327267,-0.3763858,-0.3724537,0.2107187,0.8196568
154.921391487,-0.3834872,-0.363376,0.2035374,0.8222504
154.953950882,-0.375555,-0.3667045,0.1984824,0.8256626
154.986510754,-0.3725319,-0.3696274,0.1910336,0.8274838
155.019070625,-0.3713223,-0.3731501,0.1862262,0.8275424
155.054134369,-0.3726698,-0.3790026,0.1831339,0.824963
155.086694241,-0.3773795,-0.3833814,0.1838088,0.8206372
155.119253159,-0.3866528,-0.3885959,0.1879041,0.8129038
155.154317856,-0.3979056,-0.3956762,0.1963048,0.8019997
155.186876774,-0.4065381,-0.3987249,0.2090413,0.7928901
155.219436646,-0.4138482,-0.4016513,0.2219812,0.784065
155.254500389,-0.4249117,-0.3861203,0.2158504,0.787653
155.287060261,-0.4260142,-0.3869694,0.2222819,0.7848472
155.319619656,-0.4204505,-0.391976,0.2331009,0.7822199
155.354683876,-0.4211812,-0.3897628,0.2380309,0.7814476
155.387243271,-0.4175188,-0.3896019,0.2462341,0.7809512
155.419802666,-0.4079953,-0.4016266,0.2489703,0.7790233
155.454866886,-0.3994933,-0.4189056,0.2537937,0.7727482
155.487426281,-0.3926688,-0.431048,0.2584895,0.7679972
155.519985676,-0.3959843,-0.4202684,0.2430656,0.7772501
155.552545548,-0.4143738,-0.3964154,0.228303,0.7846365
155.587609291,-0.4460312,-0.350934,0.2361602,0.7866113
155.620169163,-0.4666043,-0.2890017,0.2569719,0.7933168
155.652728081,-0.4673885,-0.2572263,0.2465342,0.8069889
155.687792778,-0.4499947,-0.2702751,0.229196,0.8176508
155.720351696,-0.4214291,-0.3049979,0.2132783,0.8249326
155.752911568,-0.3907221,-0.3528655,0.1981031,0.8247454
155.787975311,-0.3639693,-0.3955041,0.1822863,0.8212808
155.820535183,-0.343327,-0.4230592,0.1780661,0.817354
155.853094578,-0.3262023,-0.4474049,0.1473055,0.8175265
155.888158798,-0.3090025,-0.4679208,0.1028049,0.8195282
155.920718193,-0.2940366,-0.4805428,0.07132369,0.8210734
155.953277588,-0.2721437,-0.4914995,0.03612219,0.8244325
155.985836983,-0.2498587,-0.5015293,-0.005547531,0.8262178
156.020901203,-0.2283715,-0.5072899,-0.05189364,0.8273077
156.053460598,-0.2147509,-0.5052059,-0.09347031,0.8285771
156.086020470,-0.2074098,-0.5017059,-0.1364046,0.8266158
156.121084213,-0.201898,-0.5034876,-0.1760655,0.8193693
156.153644085,-0.2020284,-0.50564,-0.2032462,0.8116843
156.186203003,-0.2059629,-0.5038976,-0.222051,0.806838
156.221267700,-0.2127568,-0.4966142,-0.2354116,0.8058027
156.253826618,-0.2110522,-0.4865509,-0.2477224,0.8086943
156.286386490,-0.2042541,-0.4791917,-0.2720316,0.8070205
156.321450234,-0.19984,-0.4745845,-0.3119466,0.7963356
156.354010105,-0.1939874,-0.4679864,-0.3389072,0.79065
156.386569500,-0.1927034,-0.4612021,-0.3484862,0.7907863
156.419128895,-0.203879,-0.456144,-0.3520572,0.7893348
156.454193115,-0.2196449,-0.4535946,-0.3602446,0.7828535
156.486752510,-0.227533,-0.4570059,-0.384304,0.7670152
156.519312382,-0.2373955,-0.4641159,-0.4076028,0.7474808
156.554376125,-0.2466328,-0.4672102,-0.4221427,0.7343774
156.586935520,-0.2424474,-0.4652552,-0.437394,0.7280598
156.619495392,-0.2336823,-0.4652923,-0.4604706,0.7165822
156.654559135,-0.2158776,-0.4687205,-0.4881622,0.7014436
156.687119007,-0.1993999,-0.4735237,-0.5192385,0.6804661
156.719678879,-0.1917727,-0.4825763,-0.5478287,0.6533411
156.754742622,-0.1978396,-0.4951501,-0.56457,0.627355
156.787301540,-0.2081372,-0.5043838,-0.57302,0.6087295
156.819861412,-0.2206303,-0.5095302,-0.5769519,0.5962009
156.852421284,-0.2375284,-0.5097789,-0.5793025,0.5871475
156.887485027,-0.2590426,-0.5090733,-0.5872552,0.5705263
156.920044899,-0.2861525,-0.5063376,-0.5918226,0.5550789
156.952603817,-0.3208387,-0.4989338,-0.5876236,0.5472235
156.987668037,-0.3560984,-0.4888069,-0.5818458,0.5406892
157.020227432,-0.3819902,-0.4827145,-0.5831712,0.5268863
157.052787304,-0.4029118,-0.4793694,-0.5847112,0.5124526
157.087851048,-0.4239857,-0.4710033,-0.5838162,0.5041611
157.120410919,-0.4422728,-0.4594353,-0.5830566,0.4999868
157.152970314,-0.4567427,-0.4543646,-0.5833359,0.4912086
157.188034058,-0.4640401,-0.4539548,-0.5875351,0.4796061
157.220593929,-0.467917,-0.4527869,-0.5935159,0.4694723
157.253153801,-0.4677039,-0.4518028,-0.6029593,0.4584704
157.285712719,-0.4608856,-0.4557593,-0.6155198,0.4445572
157.320776463,-0.4452498,-0.4630856,-0.6331792,0.4278038
157.353336334,-0.4288293,-0.4673602,-0.650741,0.4133323
157.385896206,-0.4127285,-0.4673095,-0.6676725,0.4026391
157.420959950,-0.4020498,-0.4620693,-0.6842669,0.3914774
157.453519344,-0.3973834,-0.456067,-0.6963698,0.3818196
157.486079216,-0.3900811,-0.4512591,-0.7087733,0.3721156
157.521142960,-0.3734902,-0.449302,-0.7268038,0.3563938
157.553702355,-0.3558944,-0.4475748,-0.7431534,0.3425883
157.586261749,-0.3410409,-0.4416075,-0.7572352,0.3345094
157.621325970,-0.3295209,-0.4315465,-0.7701921,0.3295684
157.653885364,-0.3204779,-0.4224833,-0.7823519,0.3214887
157.686445236,-0.311981,-0.4158404,-0.7938918,0.3100132
157.721508980,-0.3049627,-0.4111071,-0.8042901,0.2961991
157.754068851,-0.300754,-0.4079224,-0.8114114,0.2852812
157.786627769,-0.296992,-0.405194,-0.8159426,0.2801407
157.819187641,-0.2913637,-0.4034055,-0.8199701,0.2768536
157.854251385,-0.2821899,-0.4035064,-0.8251706,0.2706887
157.886811256,-0.2687795,-0.4072024,-0.8307669,0.2615301
157.919370651,-0.248648,-0.4160231,-0.8367369,0.2481891
157.954434872,-0.2168544,-0.4291658,-0.8443116,0.229252
157.986994267,-0.1739913,-0.4427154,-0.8526062,0.208376
158.019554138,-0.1144832,-0.4561761,-0.8640257,0.1699523
158.054617882,-0.05005461,-0.4656778,-0.8781998,0.07766208
158.087177753,-0.02396309,-0.4738632,-0.8771177,0.0466015
158.119736671,-0.006300132,-0.4826859,-0.8737018,0.01572727
158.154801369,0.01479386,-0.4908167,-0.8691651,-0.007719472
158.187360287,0.03865067,-0.4984013,-0.8636914,-0.02769326
158.219920158,0.06710656,-0.5023501,-0.8591296,-0.04080422
158.252479076,0.0936059,-0.5044439,-0.8546473,-0.05458775
158.287543774,0.1169077,-0.507679,-0.8481869,-0.07616599
158.320102692,0.1317413,-0.509786,-0.8422931,-0.09966148
158.352662563,0.1481058,-0.5118111,-0.836334,-0.1152702
158.387726307,0.1587657,-0.5143612,-0.8309079,-0.1282411
158.420286179,0.165344,-0.5156968,-0.8264129,-0.1427849
158.452845574,0.1726463,-0.5160035,-0.822234,-0.156501
158.487909794,0.1837847,-0.5143919,-0.8181581,-0.1699093
158.520469189,0.1927915,-0.5122221,-0.8154997,-0.1790193
158.553029060,0.1968574,-0.5111102,-0.8144149,-0.1826729
158.588092804,0.1969576,-0.50721,-0.816461,-0.1842952
158.620652676,0.197754,-0.5036694,-0.81818,-0.1855257
158.653211594,0.1986133,-0.5002223,-0.8197461,-0.1870143
158.685771465,0.198523,-0.4978639,-0.820751,-0.1889859
158.720835209,0.1980854,-0.4943515,-0.8219213,-0.1935248
158.753395081,0.1987128,-0.4906759,-0.822699,-0.1988581
158.785953999,0.1988987,-0.4873179,-0.8235633,-0.2033025
158.821017742,0.1975264,-0.4844039,-0.8254072,-0.2041246
158.853577614,0.1961502,-0.4806235,-0.8281532,-0.2032639
158.886137009,0.1949185,-0.4758511,-0.8316508,-0.2013879
158.921201229,0.1952214,-0.4704945,-0.8351231,-0.1993003
158.953760624,0.195581,-0.4658549,-0.8381803,-0.1969991
158.986320496,0.1946042,-0.4593089,-0.8426765,-0.1941353
159.021384239,0.1911254,-0.4526187,-0.8482418,-0.1889998
159.053944111,0.1855401,-0.447237,-0.8536792,-0.182794
159.086503029,0.1801593,-0.4401881,-0.8590392,-0.1801569
159.119062901,0.177269,-0.4323977,-0.8633999,-0.1810423
159.154126644,0.1745196,-0.426033,-0.8667589,-0.1827441
159.186686516,0.1720311,-0.4239101,-0.8680426,-0.1839436
159.219245911,0.1692277,-0.4222947,-0.8686561,-0.1873328
159.254310131,0.1658978,-0.4207052,-0.868523,-0.1943723
159.286869526,0.1630569,-0.4190893,-0.867644,-0.2039564
159.319428921,0.1599714,-0.4184214,-0.8663825,-0.2129362
159.354492664,0.1565987,-0.4176597,-0.8652843,-0.2212421
159.387052536,0.1525122,-0.4165152,-0.8650481,-0.2271002
159.419611931,0.1482406,-0.4151337,-0.8660526,-0.2286251
159.454676151,0.1428697,-0.4149917,-0.8684843,-0.2230089
159.487235546,0.1383612,-0.4152733,-0.8710166,-0.2153183
159.519795418,0.1342681,-0.4163496,-0.8729493,-0.2078756
159.552354336,0.1287067,-0.4179543,-0.8747917,-0.2002894
159.587418080,0.1227523,-0.4199408,-0.8767157,-0.1912559
159.619977951,0.1181909,-0.4214783,-0.8780556,-0.1844809
159.652537346,0.1153579,-0.4224056,-0.8786542,-0.1812751
159.687601566,0.1153178,-0.4222904,-0.8784816,-0.1824016
159.720160961,0.1174538,-0.4218722,-0.8775624,-0.1863878
159.752720833,0.1198607,-0.4213019,-0.8765311,-0.1909426
159.787784576,0.1244243,-0.4198309,-0.874761,-0.1992022
159.820344448,0.1291575,-0.4181768,-0.8726071,-0.2088806
159.852903366,0.1331309,-0.4173451,-0.8705096,-0.2166565
159.887968063,0.1380464,-0.4159777,-0.868399,-0.2245359
159.920526981,0.1438701,-0.4142019,-0.8661326,-0.2327666
159.953086853,0.1486718,-0.4125436,-0.8644008,-0.2390469
159.988150597,0.1513466,-0.4116787,-0.8634162,-0.2423946
160.020710468,0.1529575,-0.4109711,-0.8628757,-0.2444995
160.053269386,0.1554136,-0.4078065,-0.863346,-0.2465805
160.085829258,0.1598369,-0.4054563,-0.8634487,-0.2472681
160.120893002,0.165138,-0.4041611,-0.8637494,-0.2448427
160.153452873,0.167926,-0.403138,-0.8634747,-0.2456009
160.186012268,0.1678578,-0.4013991,-0.8630396,-0.2499857
160.221076012,0.169688,-0.3985404,-0.8625578,-0.2549378
160.253635883,0.1728145,-0.3964095,-0.8616092,-0.2593299
160.286194801,0.1750403,-0.3952688,-0.859982,-0.2649191
160.321259499,0.1765684,-0.3947445,-0.8578361,-0.271561
160.353818417,0.1768591,-0.3920341,-0.8574662,-0.2764229
160.386378288,0.1757761,-0.3873421,-0.8591821,-0.2783931
160.421442032,0.1746569,-0.3815994,-0.8618126,-0.2788973
160.454001904,0.1737434,-0.375089,-0.8641254,-0.2811341
160.486560822,0.1726682,-0.3674482,-0.866173,-0.2855512
160.519120693,0.171964,-0.3606776,-0.8679735,-0.2891189
160.554184437,0.1714089,-0.3534009,-0.8703291,-0.2913444
160.586744309,0.1706959,-0.346745,-0.872635,-0.2928597
160.619303703,0.1693416,-0.3403581,-0.8748844,-0.2944227
160.654367924,0.1671052,-0.3336039,-0.8775488,-0.2954995
160.686927319,0.1643783,-0.3273333,-0.8801326,-0.2963562
160.719486237,0.1611467,-0.3216019,-0.882789,-0.296505
160.754550934,0.1568157,-0.3159489,-0.8862816,-0.2944788
160.787109852,0.1523571,-0.3105904,-0.8899032,-0.2915832
160.819669723,0.1476246,-0.3053262,-0.8935456,-0.2884212
160.854733467,0.1414046,-0.2992019,-0.8979424,-0.2842712
160.887293339,0.132597,-0.2940261,-0.9024155,-0.2797151
160.919852734,0.1196021,-0.2894953,-0.9077371,-0.2729997
160.952412605,0.1027253,-0.2857854,-0.9149203,-0.2594661
160.987476349,0.08114736,-0.2867648,-0.9241055,-0.2320291
161.020036221,0.06012274,-0.2933438,-0.9306775,-0.2019941
161.052595139,0.04236538,-0.299778,-0.9347776,-0.176513
161.087658882,0.02609635,-0.3058898,-0.9371237,-0.1554906
161.120218754,0.01257863,-0.3098109,-0.9385135,-0.1402823
161.152778626,0.004603258,-0.3118246,-0.9396281,-0.1283391
161.187842369,0.0005493805,-0.3126687,-0.9402162,-0.1218985
161.220401287,-0.002395857,-0.3127486,-0.9399948,-0.123369
161.252961159,-0.006242031,-0.3120525,-0.9389802,-0.132394
161.288024902,-0.008971713,-0.309606,-0.9369869,-0.1508207
161.320584774,-0.005793315,-0.3057603,-0.934441,-0.1729877
161.353144169,0.001432969,-0.3017621,-0.9318948,-0.1927105
161.385704041,0.005768663,-0.2994302,-0.9303082,-0.2036237
161.420767784,0.006838467,-0.2987783,-0.9292198,-0.2094347
161.453327656,0.00938163,-0.297758,-0.928358,-0.2145487
161.485886574,0.01180257,-0.2973332,-0.928083,-0.2162018
161.520950318,0.0120338,-0.2975112,-0.9287027,-0.2132635
161.553510189,0.01021702,-0.2982447,-0.929617,-0.2082918
161.586069584,0.007562604,-0.2992514,-0.9306005,-0.2024887
161.621133804,0.004900158,-0.3004171,-0.931681,-0.1957649
161.653693199,0.002640893,-0.3013791,-0.9326621,-0.1895591
161.686252594,0.0001923085,-0.3022246,-0.9335681,-0.1836805
161.721316814,-0.002407861,-0.3030595,-0.9344235,-0.1778473
161.753876209,-0.004686436,-0.3037773,-0.9350491,-0.1732288
161.786435604,-0.006468866,-0.3043932,-0.9355224,-0.1694948
161.821499824,-0.007560697,-0.3048203,-0.935832,-0.1669536
161.854059219,-0.008012529,-0.3050078,-0.9359747,-0.165787
161.886619091,-0.008189229,-0.3050782,-0.9359993,-0.1655086
161.919178009,-0.008082599,-0.3050616,-0.9359463,-0.1658437
161.954241753,-0.007679479,-0.3049661,-0.9358335,-0.1666733
161.986801624,-0.007159012,-0.3048488,-0.9357066,-0.1676216
162.019361019,-0.00673206,-0.3047838,-0.9355941,-0.1683826
162.054425240,-0.006466032,-0.3047843,-0.9355298,-0.1687489
162.086984634,-0.006460117,-0.3048095,-0.9355329,-0.1686872
162.119544506,-0.0066741,-0.3048319,-0.9355704,-0.1684304
162.154608250,-0.007109301,-0.3048995,-0.9356132,-0.1680518
162.187168121,-0.007449083,-0.3049803,-0.9356963,-0.167427
162.219727039,-0.007767397,-0.3050778,-0.9358189,-0.166547
162.254790783,-0.008221592,-0.3052008,-0.9359711,-0.1654413
162.287350655,-0.008769081,-0.3053679,-0.9361116,-0.1643052
162.319910050,-0.009333117,-0.3055374,-0.9362486,-0.1631747
162.352469444,-0.009795135,-0.3056958,-0.9363641,-0.1621856
162.387533665,-0.01011557,-0.3058231,-0.936457,-0.1613872
162.420093060,-0.0103335,-0.3058819,-0.9365098,-0.1609557
162.452652454,-0.01046602,-0.3058817,-0.9365045,-0.160978
162.487716675,-0.010823,-0.3058944,-0.9364173,-0.1614371
162.520276070,-0.01114426,-0.3059353,-0.9363516,-0.1617185
162.552834988,-0.01130127,-0.3059862,-0.9363407,-0.1616738
162.587899685,-0.01123568,-0.3059839,-0.9363835,-0.1614349
162.620458603,-0.01123192,-0.3059594,-0.936437,-0.1611719
162.653018474,-0.01141713,-0.3059533,-0.936496,-0.1608263
162.688082218,-0.01180824,-0.3060057,-0.9365538,-0.1603614
162.720642090,-0.01233022,-0.3060807,-0.9365972,-0.1599248
162.753201485,-0.01289005,-0.3061731,-0.936637,-0.1594706
162.785761356,-0.01335631,-0.3062522,-0.9366921,-0.1589554
162.820825100,-0.01378752,-0.3063164,-0.9367585,-0.1584019
162.853384018,-0.01414603,-0.306398,-0.936816,-0.1578722
162.885943890,-0.01433466,-0.3064542,-0.9368619,-0.1574735
162.921007633,-0.01438813,-0.3064949,-0.9368903,-0.15722
162.953567505,-0.01437901,-0.3065106,-0.9368957,-0.157158
162.986126900,-0.01437665,-0.3065435,-0.9368883,-0.1571379
163.021191120,-0.01434953,-0.3065783,-0.9368532,-0.1572821
163.053750515,-0.01420405,-0.3066106,-0.9368017,-0.1575385
163.086309910,-0.01391507,-0.306654,-0.936734,-0.157882
163.121374130,-0.01408251,-0.30684,-0.9366198,-0.1581831
163.153933048,-0.01366163,-0.3069552,-0.9366496,-0.1578202
163.186492920,-0.01304071,-0.3066959,-0.9366584,-0.1583234
163.219051838,-0.01284393,-0.3063452,-0.9365955,-0.1593869
163.254116535,-0.01335646,-0.3061743,-0.9365971,-0.1596632
163.286675453,-0.01421988,-0.3062841,-0.9366933,-0.158812
163.319235325,-0.01530929,-0.3065708,-0.9368576,-0.1571794
163.354299069,-0.01654059,-0.3069676,-0.9370444,-0.1551541
163.386858463,-0.01727666,-0.3072639,-0.9372374,-0.1533108
163.419418335,-0.01732992,-0.3073986,-0.9374654,-0.1516311
163.454482079,-0.01746662,-0.3075466,-0.9375751,-0.1506346
163.487041950,-0.0172561,-0.3075658,-0.9375898,-0.1505279
163.519600868,-0.01661087,-0.3075118,-0.9375202,-0.1511429
163.554664612,-0.01621661,-0.3075055,-0.9373549,-0.1522205
163.587224484,-0.01636119,-0.3076529,-0.9371789,-0.1529884
163.619783878,-0.01657346,-0.3078127,-0.9370348,-0.1535252
163.652343750,-0.01643448,-0.3078486,-0.9369646,-0.1538963
163.687407494,-0.01606836,-0.3077549,-0.9369227,-0.1543775
163.719967365,-0.01577642,-0.3076131,-0.9369072,-0.1547833
163.752526283,-0.01558171,-0.3074482,-0.9369662,-0.154773
163.787590027,-0.01573022,-0.3074122,-0.9370735,-0.1541792
163.820149898,-0.01630274,-0.3075298,-0.9371822,-0.1532213
163.852708816,-0.01708008,-0.3077165,-0.9373345,-0.1518239
163.887773514,-0.01795944,-0.3079407,-0.9375178,-0.1501267
163.920332432,-0.01866545,-0.3081199,-0.9376746,-0.1486867
163.952892303,-0.01909488,-0.3082558,-0.9377877,-0.1476343
163.987956047,-0.01915143,-0.3082701,-0.9378256,-0.1473558
164.020515442,-0.0189711,-0.3082433,-0.9377573,-0.1478683
164.053075314,-0.01874314,-0.3081885,-0.9376422,-0.1487399
164.088139057,-0.01835853,-0.3081087,-0.9375365,-0.1496159
164.120698929,-0.01795983,-0.3080326,-0.9374728,-0.1502195
164.153257847,-0.01771268,-0.3079857,-0.9374354,-0.1505776
164.185817719,-0.01762572,-0.3079963,-0.937422,-0.1506499
164.220881462,-0.01775266,-0.3080561,-0.9374403,-0.1503978
164.253440857,-0.01817347,-0.308167,-0.9374956,-0.1497748
164.286000729,-0.0189573,-0.3083428,-0.9376375,-0.1484214
164.321064472,-0.02008461,-0.3086596,-0.9379197,-0.1458087
164.353624344,-0.0211831,-0.3091291,-0.9382981,-0.1421791
164.386183262,-0.02200355,-0.3095244,-0.9386721,-0.1386835
164.421247006,-0.02243766,-0.3097288,-0.9390035,-0.1358853
164.453806877,-0.02264896,-0.3098232,-0.9392142,-0.1341674
164.486366272,-0.02272552,-0.3098455,-0.9393062,-0.1334573
164.521430493,-0.02281242,-0.3098421,-0.9392979,-0.1335097
164.553989887,-0.02274593,-0.3097523,-0.9391779,-0.1345687
164.586549282,-0.02242289,-0.3095252,-0.9389791,-0.136518
164.619108677,-0.02210191,-0.3093216,-0.9387293,-0.138732
164.654172420,-0.02199995,-0.3091948,-0.9384787,-0.1407121
164.686732292,-0.02211871,-0.3091439,-0.9383277,-0.1418084
164.719291210,-0.02247138,-0.3091334,-0.9382514,-0.1422802
164.754355907,-0.02312666,-0.3091988,-0.9382432,-0.1420867
164.786914825,-0.02398795,-0.3093574,-0.9383032,-0.1411992
164.819474220,-0.02504798,-0.3097079,-0.9384404,-0.1393233
164.854538441,-0.02628033,-0.3102081,-0.9386958,-0.1362285
164.887097836,-0.02714956,-0.3106215,-0.938977,-0.1331432
164.919657707,-0.02748724,-0.3108056,-0.9392384,-0.1307801
164.954721451,-0.02729315,-0.3107784,-0.9394322,-0.1294861
164.987280369,-0.02706701,-0.3107178,-0.9395416,-0.1288842
165.019840240,-0.02699312,-0.3106382,-0.9395809,-0.1288046
165.052399635,-0.02685501,-0.3106071,-0.9395992,-0.1287749
165.087463856,-0.02666392,-0.310676,-0.9396249,-0.1284605
165.120023251,-0.0264731,-0.3108113,-0.9396381,-0.1280754
165.152582169,-0.02669658,-0.3110222,-0.9395974,-0.1278165
165.187646866,-0.02688291,-0.3112302,-0.9395666,-0.1274975
165.220205784,-0.02700404,-0.3113956,-0.9395995,-0.1268225
165.252765656,-0.0273705,-0.3115781,-0.9396766,-0.1257195
165.287829399,-0.02784446,-0.3117438,-0.9398542,-0.1238636
165.320388794,-0.02826794,-0.3118994,-0.9400821,-0.1216267
165.352948189,-0.02857952,-0.312113,-0.9403224,-0.1191221
165.388012409,-0.02905467,-0.3124979,-0.9405944,-0.1158054
165.420571804,-0.02957803,-0.3129963,-0.9408803,-0.1119397
165.453131199,-0.02968211,-0.3133698,-0.9412258,-0.1078891
165.485690117,-0.02948291,-0.3136932,-0.9415703,-0.1039251
165.520754814,-0.02911513,-0.3138609,-0.94192,-0.1002893
165.553313732,-0.02905581,-0.313927,-0.9422578,-0.09686887
165.585873604,-0.028862,-0.3141821,-0.9426407,-0.09226576
165.620937348,-0.0284006,-0.3145125,-0.9430312,-0.08715072
165.653496742,-0.02780073,-0.3146659,-0.9433538,-0.08321036
165.686056614,-0.027607,-0.3150092,-0.9436271,-0.07875827
165.721120357,-0.02826932,-0.3157559,-0.9439,-0.07197019
165.753680229,-0.0291755,-0.316672,-0.9440741,-0.06495672
165.786239147,-0.03021252,-0.3173811,-0.9441506,-0.05969823
165.821302891,-0.03128786,-0.3177648,-0.9441463,-0.05711375
165.853862762,-0.03194856,-0.3180022,-0.9440847,-0.05644125
165.886422157,-0.03216005,-0.3180304,-0.9440235,-0.05718182
165.918982029,-0.0316656,-0.3178735,-0.9439695,-0.05918583
165.954045773,-0.0307156,-0.3176332,-0.9439023,-0.06198494
165.986604691,-0.02992684,-0.3174902,-0.9438528,-0.06382685
166.019164562,-0.02947409,-0.3174476,-0.9438581,-0.06416968
166.054228306,-0.02970032,-0.3175761,-0.9438946,-0.06287981
166.086787701,-0.03019724,-0.3177664,-0.9439389,-0.06098982
166.119347572,-0.03043256,-0.3179007,-0.9439861,-0.05942301
166.154411316,-0.0305307,-0.3180235,-0.9440135,-0.05826681
166.186970234,-0.03091977,-0.3181504,-0.9439914,-0.05772466
166.219530106,-0.03099699,-0.3182254,-0.9439639,-0.05771893
166.254593849,-0.03076503,-0.3181278,-0.9439309,-0.05890892
166.287153721,-0.03043302,-0.3179893,-0.9438531,-0.06103769
166.319712639,-0.029682,-0.3177068,-0.9437746,-0.06401923
166.354776859,-0.02862331,-0.31731,-0.9437132,-0.06729072
166.387336254,-0.0277896,-0.3168263,-0.943687,-0.07022472
166.419895649,-0.02745978,-0.3163139,-0.9436699,-0.07284404
166.452455521,-0.02796478,-0.3159702,-0.9436283,-0.07465947
166.487519264,-0.02908069,-0.3160231,-0.9435571,-0.07490838
166.520078182,-0.02963097,-0.315861,-0.9434953,-0.07614554
166.552638054,-0.03044574,-0.3157588,-0.9432916,-0.07872728
166.587701798,-0.03155262,-0.3160984,-0.9429312,-0.08120674
166.620261192,-0.03241418,-0.316288,-0.9426102,-0.08381426
166.652821064,-0.03128671,-0.3158574,-0.9424251,-0.08785121
166.687884808,-0.028599,-0.3150459,-0.9424297,-0.09155396
166.720443726,-0.0263435,-0.3144578,-0.9424865,-0.09364298
166.753003597,-0.02512954,-0.3137908,-0.9425356,-0.09569845
166.788067341,-0.02567046,-0.3128041,-0.9427444,-0.09672257
166.820627212,-0.02815864,-0.3108059,-0.9435012,-0.09507873
166.853186607,-0.03315579,-0.3077847,-0.9449533,-0.08865773
166.885745525,-0.03962053,-0.3051344,-0.9465483,-0.07744187
166.920810223,-0.04481018,-0.3030297,-0.9480563,-0.06310213
166.953369141,-0.04713878,-0.3014584,-0.9491639,-0.0511485
166.985928535,-0.0499674,-0.2995165,-0.9501973,-0.0393167
167.020992756,-0.05524548,-0.2969302,-0.9511898,-0.02541731
167.053552151,-0.06254103,-0.2954766,-0.9514771,-0.01005877
167.086111546,-0.07159722,-0.2956501,-0.9508066,0.007709289
167.121175766,-0.08031157,-0.296708,-0.9494498,0.02621543
167.153734684,-0.08679619,-0.2975956,-0.9481483,0.03931604
167.186294556,-0.09196018,-0.2980983,-0.9470392,0.04924475
167.221358299,-0.09557774,-0.2984508,-0.9461314,0.05705256
167.253917694,-0.09802336,-0.298503,-0.9454666,0.06330838
167.286477089,-0.1004812,-0.2984065,-0.9447433,0.07032102
167.319036484,-0.1029164,-0.2982401,-0.9440461,0.07658842
167.354100227,-0.1054861,-0.298024,-0.9433837,0.08191053
167.386660099,-0.1073705,-0.297806,-0.942929,0.08541517
167.419219017,-0.1093205,-0.2978087,-0.9424681,0.08798067
167.454282761,-0.1111539,-0.2981214,-0.941875,0.09092559
167.486842632,-0.1123915,-0.2988663,-0.9410219,0.09566817
167.519402027,-0.1142237,-0.3004351,-0.9392889,0.1051462
167.554465771,-0.1172523,-0.3017495,-0.9367837,0.1194286
167.587025643,-0.1204053,-0.3023171,-0.9350146,0.1283832
167.619584561,-0.1219677,-0.3023405,-0.9348074,0.1283629
167.654649258,-0.1234036,-0.3034272,-0.9346299,0.125691
167.687208176,-0.1262455,-0.3073845,-0.9328911,0.1261693
167.719767570,-0.1293476,-0.3132413,-0.9301522,0.1288163
167.752327442,-0.1305356,-0.3184381,-0.9281955,0.1289905
167.787391186,-0.128219,-0.3253209,-0.9267731,0.1242797
167.819950104,-0.1237615,-0.3327144,-0.9254854,0.1186956
167.852509975,-0.1193579,-0.339981,-0.9239329,0.1146395
167.887573719,-0.1166758,-0.3462934,-0.9222506,0.1120236
167.920133114,-0.1187686,-0.3506192,-0.9195515,0.1183757
167.952692986,-0.1183932,-0.3534837,-0.9180847,0.1215746
167.987756729,-0.1104778,-0.3580337,-0.9188825,0.109038
168.020315647,-0.1055928,-0.3620759,-0.9195689,0.09365765
168.052875519,-0.1032523,-0.3665473,-0.9189416,0.08459297
168.087939262,-0.1007443,-0.3692636,-0.9185743,0.07964797
168.120498657,-0.09724563,-0.3702926,-0.9188045,0.07650386
168.153058529,-0.09229252,-0.3711761,-0.9192297,0.07317805
168.188122273,-0.08771327,-0.3717645,-0.9197606,0.06903373
168.220681191,-0.08419838,-0.372178,-0.9202392,0.06466582
168.253241062,-0.08124839,-0.3725632,-0.9206301,0.06052451
168.285799980,-0.07886863,-0.372997,-0.9208716,0.0572368
168.320864201,-0.07784793,-0.3735764,-0.9208453,0.05524518
168.353423596,-0.07888125,-0.3739889,-0.9205863,0.05530528
168.385982990,-0.08106828,-0.3741765,-0.9202088,0.05712551
168.421046734,-0.08408381,-0.3741117,-0.9197447,0.06056184
168.453606606,-0.08722124,-0.3739928,-0.9192048,0.06489974
168.486165524,-0.09016375,-0.3738955,-0.9185505,0.07046582
168.521229744,-0.092931,-0.3735166,-0.9180166,0.07564559
168.553789139,-0.09539548,-0.3730679,-0.9176555,0.0790954
168.586348534,-0.09692834,-0.3726607,-0.9174101,0.08194619
168.621412277,-0.09719778,-0.3723716,-0.9173818,0.08324833
168.653972149,-0.09558073,-0.3722602,-0.9176792,0.0823358
168.686531067,-0.0929086,-0.3723238,-0.9181523,0.07979344
168.719090462,-0.08962829,-0.3725643,-0.9186141,0.07706068
168.754154682,-0.086191,-0.3728593,-0.9189864,0.07509126
168.786714077,-0.0839249,-0.3726702,-0.9193313,0.07437082
168.819272995,-0.08302408,-0.3722321,-0.9195887,0.07439384
168.854337692,-0.0844185,-0.3720097,-0.9195441,0.0744891
168.886896610,-0.08650071,-0.3720917,-0.9191918,0.07602261
168.919456005,-0.08909977,-0.3723688,-0.918635,0.07835913
168.954520226,-0.09147536,-0.3728221,-0.9180426,0.08038273
168.987079620,-0.09243841,-0.3732856,-0.917633,0.08179538
169.019638538,-0.09138794,-0.3736041,-0.9176805,0.08098358
169.054702282,-0.08859623,-0.3738119,-0.9181368,0.07789649
169.087262154,-0.08424404,-0.3737975,-0.9188703,0.07405131
169.119821548,-0.07819016,-0.3733952,-0.9200258,0.06813625
169.152381420,-0.07055824,-0.3726406,-0.9214715,0.06065008
169.187445164,-0.05950275,-0.371595,-0.9232753,0.05066666
169.220004082,-0.04764682,-0.3704185,-0.9249274,0.0407064
169.252563953,-0.03379924,-0.3686834,-0.9266425,0.02985672
169.287627697,-0.01877237,-0.3662433,-0.9283625,0.01685571
169.320187092,-0.006019271,-0.3633239,-0.9298227,0.004110563
169.352746010,0.005309653,-0.3603153,-0.9309617,-0.009099925
169.387810707,0.01467897,-0.3567474,-0.9320088,-0.02243324
169.420369625,0.02137144,-0.3524635,-0.9332029,-0.03275037
169.452929020,0.02458158,-0.3487669,-0.9342034,-0.04060758
169.487993240,0.0231949,-0.3466495,-0.9348919,-0.04359791
169.520552635,0.02044058,-0.3465084,-0.934997,-0.04384603
169.553111553,0.01697227,-0.3468744,-0.9350051,-0.04222792
169.585671425,0.01267312,-0.3475975,-0.9349748,-0.03827692
169.620735169,0.005802217,-0.3489914,-0.9348612,-0.02886779
169.653294563,-0.003446521,-0.3508475,-0.9345078,-0.01472752
169.685853958,-0.01375801,-0.3526805,-0.9338366,0.002045847
169.720918178,-0.0250092,-0.3540571,-0.9328471,0.02102547
169.753477097,-0.03508572,-0.3547849,-0.9316567,0.03924573
169.786036015,-0.04424767,-0.3548178,-0.930387,0.05616358
169.821100712,-0.05276548,-0.3544632,-0.9289942,0.07189739
169.853659630,-0.05962775,-0.3538704,-0.9277879,0.08400892
169.886219025,-0.06558893,-0.3530217,-0.9267331,0.0941652
169.921283245,-0.0711918,-0.3520715,-0.9257076,0.1032978
169.953842640,-0.07554413,-0.3512703,-0.9248865,0.110068
169.986401558,-0.07851948,-0.3504949,-0.924445,0.1140926
170.018961430,-0.07944852,-0.3498433,-0.9245644,0.1144811
170.054025173,-0.07884638,-0.3498554,-0.9252027,0.1095997
170.086584568,-0.07869182,-0.3532292,-0.9247027,0.1029041
170.119143486,-0.07780681,-0.3544045,-0.9251682,0.09505269
170.154208183,-0.07486398,-0.3538309,-0.9266008,0.08507404
170.186767101,-0.07091346,-0.3527983,-0.9282108,0.07454458
170.219326496,-0.06618148,-0.3503822,-0.9303967,0.0619836
170.254390717,-0.06111149,-0.3460765,-0.9332418,0.04673206
170.286950111,-0.0608629,-0.3406875,-0.9358786,0.03141
170.319509029,-0.06507072,-0.334301,-0.9382866,0.01595818
170.354572773,-0.07647062,-0.3234863,-0.941279,0.01142283
170.387132645,-0.09150084,-0.3141631,-0.9427605,0.02755524
170.419692040,-0.1056521,-0.3056759,-0.9431312,0.05030951
170.454755783,-0.1151731,-0.2975424,-0.9436918,0.06540093
170.487315655,-0.1143571,-0.2919622,-0.9458458,0.06069405
170.519874573,-0.1088452,-0.2883438,-0.9483842,0.04696456
170.552433968,-0.1060009,-0.2871028,-0.9493086,0.04214901
170.587497711,-0.1080439,-0.2879902,-0.9483981,0.05056639
170.620057583,-0.1126198,-0.2892724,-0.9467008,0.06343189
170.652616501,-0.1166982,-0.2902414,-0.9449835,0.07599416
170.687680244,-0.1194551,-0.2912728,-0.94348,0.08581249
170.720240116,-0.1215401,-0.2921095,-0.9421807,0.09393198
170.752799511,-0.1233759,-0.2928953,-0.9409612,0.1010458
170.787863254,-0.1247294,-0.2934527,-0.9401507,0.1052264
170.820422173,-0.1257602,-0.2966456,-0.938816,0.1069486
170.852982044,-0.12673,-0.3002769,-0.9373643,0.1083937
170.888045788,-0.1281837,-0.3044693,-0.935535,0.1107672
170.920605183,-0.129961,-0.3085303,-0.9335729,0.113967
170.953165054,-0.1318119,-0.3127669,-0.93149,0.1172881
170.985723972,-0.1333813,-0.3168705,-0.9295497,0.1198645
171.020787716,-0.1344448,-0.321042,-0.9278072,0.1210706
171.053347111,-0.134717,-0.3248029,-0.9265273,0.1205382
171.085906982,-0.1341897,-0.3285901,-0.9255661,0.1182236
171.120970726,-0.1329734,-0.3325493,-0.9247954,0.1144999
171.153529644,-0.1318451,-0.3362858,-0.9240407,0.1109282
171.186089039,-0.1311186,-0.3400073,-0.923102,0.1082275
171.221153259,-0.1309397,-0.3436996,-0.9219394,0.1066814
171.253712654,-0.1315467,-0.3469534,-0.9206053,0.1069222
171.286271572,-0.1328556,-0.3501107,-0.9190181,0.1086526
171.321336269,-0.1347098,-0.3536876,-0.9170672,0.1112367
171.353895187,-0.1364327,-0.3568812,-0.9152759,0.113664
171.386454582,-0.1380311,-0.3599183,-0.9135913,0.1156933
171.419013500,-0.1392519,-0.3630616,-0.9119998,0.1169593
171.454078198,-0.1400417,-0.3663273,-0.9105679,0.1169886
171.486637116,-0.1404394,-0.3692394,-0.9094021,0.1164239
171.519196510,-0.1410469,-0.3723703,-0.9080404,0.1163462
171.554260254,-0.1422286,-0.3755229,-0.9064097,0.1174843
171.586820126,-0.1438696,-0.378361,-0.9046599,0.1198441
171.619379044,-0.1462636,-0.3812665,-0.9025777,0.1233859
171.654442787,-0.149725,-0.3847582,-0.8997722,0.128768
171.687002182,-0.1535356,-0.3883362,-0.8966477,0.1351752
171.719561577,-0.1572843,-0.391573,-0.8936135,0.1414736
171.754625797,-0.1604844,-0.3942965,-0.8911064,0.1460555
171.787184715,-0.1624688,-0.3963455,-0.8895178,0.1479856
171.819744587,-0.1633633,-0.3985282,-0.888271,0.1486278
171.854808331,-0.1627619,-0.4009134,-0.8874323,0.1478811
171.887367725,-0.1612126,-0.4033054,-0.8871877,0.1445026
171.919926643,-0.1594166,-0.4061005,-0.8869897,0.1398061
171.952486515,-0.1578512,-0.4091099,-0.8863724,0.136688
171.987550259,-0.1571679,-0.412309,-0.8852417,0.1351829
172.020109177,-0.1573037,-0.4151674,-0.8838878,0.1351356
172.052668571,-0.1571769,-0.4183862,-0.8823622,0.135326
172.087732792,-0.1567976,-0.4225883,-0.8803857,0.1355812
172.120292187,-0.154557,-0.4273208,-0.8784001,0.1361991
172.152851105,-0.1493549,-0.4316359,-0.877377,0.1349842
172.187915325,-0.1409169,-0.4362477,-0.8770155,0.1315355
172.220474720,-0.1344101,-0.4395906,-0.8780511,0.1197838
172.253034115,-0.1283237,-0.4410475,-0.8801748,0.1045471
172.288097858,-0.1229646,-0.4409876,-0.8820519,0.09498365
172.320656777,-0.1160349,-0.4434059,-0.8822165,0.09082238
172.353216648,-0.1120074,-0.4466601,-0.8813395,0.08841705
172.385776043,-0.1108606,-0.4481036,-0.8807671,0.08826118
172.420839787,-0.1070636,-0.4506099,-0.8804581,0.08312183
172.453398705,-0.1027021,-0.4521452,-0.8808735,0.07554139
172.485958576,-0.0997154,-0.4513254,-0.8821961,0.06870224
172.521022320,-0.1002176,-0.4492386,-0.8834081,0.06602078
172.553581715,-0.1051891,-0.4482319,-0.8829352,0.07124835
172.586140633,-0.1146942,-0.4476638,-0.8809705,0.08343273
172.621204376,-0.1270561,-0.4476921,-0.8775439,0.09986421
172.653764248,-0.1408043,-0.4498762,-0.872301,0.116208
172.686323643,-0.1551664,-0.4529087,-0.8655365,0.1351719
172.721387386,-0.1676231,-0.4553235,-0.8584852,0.1556079
172.753946304,-0.1793111,-0.4569452,-0.8513939,0.1755128
172.786506176,-0.1918641,-0.4574941,-0.8434599,0.197713
172.819065571,-0.2024873,-0.4577032,-0.836251,0.2163763
172.854129314,-0.2093554,-0.4582466,-0.8314906,0.2267855
172.886688232,-0.211219,-0.4594941,-0.8302373,0.2271246
172.919248104,-0.2105942,-0.4617146,-0.8304376,0.2224206
172.954311848,-0.2100271,-0.4642101,-0.8306762,0.2168005
172.986871243,-0.2108781,-0.4660455,-0.8300942,0.2142509
173.019430161,-0.2129749,-0.4673207,-0.8287857,0.2144644
173.054494858,-0.2160791,-0.4682543,-0.8267618,0.2171182
173.087053776,-0.2203719,-0.4687477,-0.824063,0.2219451
173.119613171,-0.2260507,-0.4690009,-0.8204917,0.2288237
173.154676914,-0.23292,-0.469415,-0.8159242,0.2372618
173.187236786,-0.2386039,-0.4700523,-0.8117811,0.244455
173.219795704,-0.2431477,-0.4709569,-0.8082605,0.249843
173.252355099,-0.2459941,-0.4721561,-0.8057774,0.2527966
173.287418842,-0.2475609,-0.4737317,-0.8041767,0.2534156
173.319977760,-0.2484791,-0.4754456,-0.8029773,0.2531104
173.352537632,-0.2493919,-0.4772081,-0.8018166,0.2525747
173.387601376,-0.2501852,-0.4791329,-0.8006654,0.2517968
173.420160771,-0.2507201,-0.4808358,-0.7996947,0.2511024
173.452719689,-0.2515283,-0.4823431,-0.7987125,0.2505286
173.487784386,-0.2527614,-0.4838155,-0.7974298,0.2505347
173.520343304,-0.2540683,-0.4851331,-0.7962084,0.2505492
173.552902699,-0.2553414,-0.4865224,-0.7950312,0.2502998
173.587966442,-0.2568276,-0.4879758,-0.7936998,0.250175
173.620525360,-0.2583319,-0.4892969,-0.7921997,0.2508001
173.653085232,-0.2598951,-0.4903519,-0.7906713,0.2519446
173.685644627,-0.2613395,-0.491518,-0.7891655,0.2528976
173.720708370,-0.2625206,-0.4929093,-0.7877387,0.2534141
173.753267288,-0.2631938,-0.4942707,-0.7868061,0.2529609
173.785827160,-0.2637111,-0.4956805,-0.7859787,0.2522346
173.820890903,-0.2647391,-0.4969867,-0.784918,0.2518903
173.853450298,-0.266446,-0.4977499,-0.7837167,0.2523244
173.886009216,-0.2691081,-0.4979877,-0.7821192,0.2539813
173.921072960,-0.2733985,-0.4976413,-0.7795762,0.257866
173.953632832,-0.2786142,-0.4967631,-0.7765145,0.2631604
173.986192226,-0.28441,-0.4956322,-0.77301,0.2693377
174.021255970,-0.2904008,-0.4943055,-0.7692776,0.2759874
174.053814888,-0.2954263,-0.4932999,-0.7661283,0.2811649
174.086374760,-0.2995702,-0.4925064,-0.763606,0.2850068
174.121438503,-0.3028135,-0.4922371,-0.7617795,0.2869255
174.153997898,-0.3047756,-0.4925809,-0.7608122,0.2868248
174.186556816,-0.3062484,-0.4931787,-0.7601889,0.2858798
174.219116211,-0.3081388,-0.4936934,-0.7592772,0.2853826
174.254180431,-0.3114465,-0.4937824,-0.7573817,0.2866718
174.286739826,-0.3157857,-0.4932887,-0.7550876,0.2888187
174.319298744,-0.3204865,-0.4924731,-0.7523481,0.2921618
174.354362488,-0.3259631,-0.4914027,-0.748634,0.2973993
174.386921883,-0.331074,-0.4905475,-0.7450074,0.3022329
174.419481754,-0.3355068,-0.4898617,-0.7417275,0.3064941
174.454545498,-0.3407466,-0.4889533,-0.7389398,0.3088886
174.487104416,-0.3468896,-0.4875757,-0.7362117,0.3107371
174.519663811,-0.35443,-0.485143,-0.7322499,0.3153625
174.554727554,-0.3646031,-0.4807837,-0.7267567,0.323054
174.587287426,-0.3755634,-0.4750082,-0.7212347,0.3313119
174.619846344,-0.3878877,-0.4672314,-0.7150671,0.3413864
174.652405739,-0.40109,-0.4576766,-0.7073505,0.3548831
174.687469482,-0.4157069,-0.4461538,-0.6997468,0.3675822
174.720028400,-0.4298901,-0.4348228,-0.692699,0.3780469
174.752588272,-0.4462597,-0.42143,-0.6827452,0.3920915
174.787652016,-0.4658449,-0.4009249,-0.6676957,0.4160021
174.820211410,-0.4860329,-0.376557,-0.6488011,0.4445914
174.852770328,-0.5070387,-0.3443315,-0.6248675,0.4801206
174.887834072,-0.5241682,-0.2941886,-0.5914897,0.5342922
174.920393944,-0.5235615,-0.2280859,-0.5567386,0.6004414
174.952953339,-0.5077151,-0.1443802,-0.514363,0.6733779
174.988017082,-0.4967386,-0.06601906,-0.4905652,0.710539
175.020576000,-0.5036992,-0.0265031,-0.4948619,0.7052121
175.053135395,-0.5289431,-0.01386471,-0.5044695,0.6798272
175.085695267,-0.5538634,-0.0287449,-0.5134606,0.6522231
175.120759010,-0.5604436,-0.05940877,-0.5377296,0.6243781
175.153317928,-0.560617,-0.07629814,-0.5545005,0.6074898
175.185877323,-0.5536706,-0.1069637,-0.5551134,0.6086742
175.220941067,-0.5622342,-0.1961186,-0.507894,0.619759
175.253499985,-0.5799413,-0.1904755,-0.3555641,0.7053992
175.286059856,-0.6133674,-0.07958864,-0.1746624,0.7639149
175.321123600,-0.6175812,0.02457787,-0.1135342,0.7757105
175.353682995,-0.6294056,0.02912956,-0.1613186,0.7573664
175.386241913,-0.6649691,-0.0026823,-0.2152418,0.7128167
175.421305657,-0.7085591,-0.0465951,-0.2322171,0.6621749
175.453865528,-0.7186943,-0.1005576,-0.2533543,0.6370289
175.486424923,-0.7175429,-0.1442496,-0.2519081,0.6304713
175.518983841,-0.7166567,-0.1567482,-0.2360147,0.6346321
175.554047585,-0.721104,-0.1637224,-0.2073969,0.6378229
175.586606980,-0.7232687,-0.1885723,-0.1697934,0.6396254
175.619166851,-0.7182981,-0.1862264,-0.1507984,0.6505805
175.654230595,-0.7196001,-0.1514781,-0.139654,0.6605714
175.686789513,-0.7286646,-0.1574309,-0.1360824,0.6499021
175.719348907,-0.7297814,-0.1511272,-0.1291131,0.6515652
175.754412651,-0.7336193,-0.1467292,-0.1280921,0.6484548
175.786971569,-0.7343779,-0.1478285,-0.1268865,0.6475827
175.819531441,-0.733461,-0.1468161,-0.1196796,0.6502188
175.854595184,-0.7316446,-0.1454729,-0.1198634,0.6525291
175.887154579,-0.7311273,-0.1522543,-0.1253136,0.650535
175.919713497,-0.7303714,-0.1538699,-0.1283726,0.6504076
175.952272892,-0.7295841,-0.1543045,-0.129278,0.6510085
175.987336636,-0.7292308,-0.1531543,-0.1265657,0.6522079
176.019896507,-0.7292911,-0.1505368,-0.1228842,0.6534528
176.052455425,-0.7295982,-0.1484836,-0.1205659,0.6540112
176.087519169,-0.7299718,-0.1473296,-0.1196087,0.6540312
176.120078564,-0.7301726,-0.1470471,-0.1192742,0.6539315
176.152637482,-0.7301857,-0.1476976,-0.1187791,0.6538604
176.187701225,-0.7303886,-0.1494147,-0.1188919,0.6532229
176.220261097,-0.7305846,-0.1504011,-0.1189383,0.6527687
176.252820492,-0.7308255,-0.1509825,-0.1192535,0.6523072
176.287884235,-0.7312183,-0.1511403,-0.1195269,0.6517801
176.320443153,-0.7314161,-0.1512322,-0.1201013,0.6514312
176.353002548,-0.7315522,-0.1513932,-0.1212248,0.6510329
176.388066292,-0.7317562,-0.1517346,-0.1223446,0.6505144
176.420626164,-0.7318161,-0.1520732,-0.123381,0.6501721
176.453185082,-0.731986,-0.1520583,-0.1240101,0.6498646
176.485744476,-0.7322176,-0.1519159,-0.124482,0.6495466
176.520808220,-0.7324901,-0.1512608,-0.1246319,0.6493635
176.553367138,-0.7325854,-0.1506244,-0.1249906,0.6493349
176.585926533,-0.7325999,-0.1500852,-0.1255521,0.6493353
176.620990753,-0.7324048,-0.1497387,-0.1265502,0.6494415
176.653550148,-0.7322971,-0.149259,-0.127265,0.6495338
176.686109066,-0.7325242,-0.1478271,-0.1270747,0.6496423
176.721172810,-0.7329665,-0.1449061,-0.1254106,0.6501249
176.753732204,-0.7335027,-0.1409562,-0.1237941,0.6506979
176.786291122,-0.7342436,-0.1384595,-0.124727,0.6502202
176.821355820,-0.7349451,-0.1391013,-0.1285175,0.6485503
176.853914738,-0.7351633,-0.1405608,-0.1345643,0.6467595
176.886474133,-0.73423,-0.1429632,-0.14669,0.6446531
176.919033051,-0.7314238,-0.1460885,-0.168717,0.6417474
176.954096794,-0.7294089,-0.1511555,-0.1872889,0.6377031
176.986656189,-0.7266928,-0.1524193,-0.2029102,0.635721
177.019216061,-0.7247441,-0.1496786,-0.2137586,0.6350411
177.054279804,-0.7244329,-0.1415561,-0.2193516,0.6353514
177.086838722,-0.7247387,-0.1311581,-0.2188916,0.6373897
177.119398117,-0.7248746,-0.118672,-0.2157915,0.6407304
177.154461861,-0.7261779,-0.1034322,-0.2108071,0.6435492
177.187021256,-0.7280701,-0.09205914,-0.2054205,0.6448791
177.219580174,-0.7297007,-0.0822162,-0.1989092,0.6464056
177.254643917,-0.7301079,-0.07347102,-0.1902707,0.6495916
177.287203789,-0.7284912,-0.06794271,-0.1831441,0.6540414
177.319762707,-0.7264016,-0.0644513,-0.1768774,0.6584291
177.352322102,-0.7250666,-0.06188748,-0.1699862,0.6619521
177.387385845,-0.7249987,-0.05677796,-0.1587594,0.6652641
177.419945240,-0.7259737,-0.04703245,-0.1438826,0.668338
177.452504635,-0.726817,-0.0326981,-0.1266348,0.6717584
177.487568855,-0.7274642,-0.01710013,-0.107268,0.6749998
177.520127773,-0.7282847,-0.004065125,-0.08758695,0.6771567
177.552686691,-0.7283721,0.01022778,-0.06557965,0.6794825
177.587750912,-0.7275249,0.02567008,-0.04157456,0.6818708
177.620309830,-0.7258677,0.03862576,-0.01930957,0.6840167
177.652869224,-0.7253801,0.05014659,0.002516682,0.6840543
177.687932968,-0.7252046,0.06244327,0.02685761,0.6827044
177.720492840,-0.7215484,0.07269914,0.05261483,0.6840628
177.753051758,-0.7165496,0.0826033,0.07758643,0.6858143
177.785611153,-0.7133869,0.09221824,0.09932326,0.6850821
177.820674896,-0.7115915,0.1017902,0.1199316,0.6822906
177.853233814,-0.7102825,0.1111238,0.1388355,0.6786035
177.885793209,-0.708788,0.1201339,0.1571472,0.6746257
177.920856953,-0.7020721,0.1263094,0.1774139,0.6754944
177.953416824,-0.6982253,0.1306224,0.1936286,0.6742069
177.985975742,-0.6922978,0.1326989,0.2081273,0.6755927
178.021039486,-0.6840432,0.1333126,0.2204977,0.6799419
178.053598881,-0.6784565,0.1327151,0.2311608,0.6821112
178.086157799,-0.6730132,0.1315119,0.2448885,0.682946
178.121221542,-0.6668167,0.1287804,0.260263,0.6838581
178.153780937,-0.6603933,0.1274531,0.2736192,0.6851253
178.186340809,-0.6517122,0.1264753,0.2865079,0.6883429
178.221404553,-0.6435412,0.1260885,0.298234,0.6911153
178.253963471,-0.6359296,0.1283691,0.3103462,0.6924073
178.286522865,-0.6254022,0.1299375,0.3241539,0.6953706
178.319081783,-0.6146622,0.1288646,0.3362095,0.6994106
178.354145527,-0.6039924,0.1242525,0.3446729,0.7053955
178.386704922,-0.5951562,0.1185598,0.3492023,0.7116306
178.419263840,-0.5881084,0.1128271,0.3514421,0.7172968
178.454328537,-0.5831258,0.1057768,0.3513823,0.72245
178.486887455,-0.5806803,0.09983175,0.3495789,0.726131
178.519446850,-0.5773556,0.09393086,0.3482737,0.7301853
178.554510594,-0.5754738,0.08942751,0.3452592,0.7336596
178.587069512,-0.5741808,0.0879231,0.3440698,0.7354112
178.619628906,-0.5731154,0.08810847,0.3441614,0.7361768
178.654692650,-0.5708435,0.08821214,0.345871,0.7371278
178.687251568,-0.5675924,0.08747814,0.347711,0.738858
178.719811439,-0.5642231,0.08591218,0.3481771,0.7413986
178.752370834,-0.5604631,0.08394974,0.3479337,0.7445828
178.787434578,-0.5573751,0.08082923,0.3461903,0.7480507
178.852552891,-0.5542467,0.07621314,0.3460962,0.7508976
178.887616634,-0.55054,0.07489843,0.3518519,0.7510818
178.920175552,-0.5448281,0.07340849,0.3594759,0.7517834
178.952734947,-0.5392669,0.07188202,0.3669808,0.7523144
178.987798691,-0.5342597,0.07043327,0.3740037,0.7525654
179.020358562,-0.527915,0.06961925,0.3812853,0.7534641
179.052917480,-0.5207121,0.06865019,0.3869076,0.7556958
179.087981224,-0.5139678,0.06704205,0.389511,0.7591122
179.120540619,-0.5073454,0.06525847,0.3912735,0.7628073
179.153099537,-0.5016232,0.06274694,0.392581,0.7661234
179.185658932,-0.4980213,0.06014257,0.3930065,0.7684603
179.220722675,-0.4957324,0.0585236,0.3938194,0.7696481
179.253281593,-0.4936317,0.0578857,0.3955086,0.7701803
179.285841465,-0.4908083,0.05703719,0.3982823,0.7706186
179.320905209,-0.4873274,0.0557907,0.4026518,0.7706482
179.353464604,-0.4840498,0.05444426,0.4073726,0.7703291
179.386023522,-0.4799777,0.05345167,0.4132515,0.7698151
179.421087742,-0.4732867,0.05189407,0.4209253,0.7699066
179.453646660,-0.4674911,0.05088556,0.4264399,0.7704801
179.486205578,-0.4644826,0.05200354,0.4301192,0.7701797
179.521269798,-0.4560061,0.05187031,0.4389326,0.7702815
179.553828716,-0.4478791,0.05106615,0.4472863,0.7702981
179.586388588,-0.4380001,0.04835248,0.4564447,0.7707813
179.618947506,-0.4293405,0.04614471,0.463826,0.7713822
179.654011726,-0.4203929,0.04279594,0.4706245,0.7723849
179.686570644,-0.41328,0.03921171,0.4748036,0.7738549
179.719129562,-0.4079433,0.03612132,0.47801,0.7748623
179.754193783,-0.4037982,0.0340035,0.4819299,0.7747013
179.786752701,-0.3991897,0.03184183,0.4864502,0.7743562
179.819312096,-0.3947759,0.02902321,0.4901991,0.7743657
179.854375839,-0.3913456,0.02684269,0.4918689,0.7751262
179.886934757,-0.3887319,0.02514031,0.4909652,0.777069
179.919494629,-0.3853287,0.02216261,0.4886809,0.780288
179.954558372,-0.3813191,0.0185561,0.4847093,0.784816
179.987117767,-0.3787059,0.0157422,0.4783574,0.7900227
180.019676685,-0.3784818,0.01476077,0.4701141,0.7950812
180.052236080,-0.377666,0.01526447,0.4638575,0.7991241
180.087299824,-0.3753738,0.01558767,0.4585019,0.8032779
180.119858742,-0.3734401,0.01597836,0.4529547,0.8073084
180.152418137,-0.3726801,0.01655561,0.4463842,0.811298
180.187481880,-0.3721048,0.01616044,0.4401144,0.8149871
180.220040798,-0.3729725,0.01698899,0.4345484,0.8175563
180.252600670,-0.3734338,0.01770861,0.4294493,0.820021
180.287664414,-0.3746155,0.01922976,0.4219183,0.8233505
180.320223808,-0.3746617,0.02028066,0.4128493,0.8278891
180.352782726,-0.3744309,0.02011195,0.3995834,0.8344806
180.387846470,-0.3756408,0.01813528,0.3804217,0.8428951
180.420405865,-0.3803035,0.0169982,0.3620127,0.8489139
180.452964783,-0.3837018,0.01700077,0.3458906,0.8540909
180.488028526,-0.385024,0.017062,0.3267204,0.8610151
180.520587921,-0.389459,0.01618684,0.3059473,0.8666508
180.553146839,-0.3953517,0.01447921,0.2853589,0.8710255
180.585706711,-0.4021349,0.01189202,0.2647409,0.8744633
180.620770455,-0.4112082,0.008054203,0.2427061,0.876678
180.653329849,-0.4205361,0.003022477,0.2217253,0.8778415
180.685888767,-0.4299919,-0.003311755,0.2014832,0.8781391
180.720952511,-0.4419336,-0.01161274,0.1813757,0.8765218
180.753511906,-0.4520092,-0.01778168,0.1694171,0.8736686
180.786070824,-0.4601763,-0.02478406,0.1617378,0.8706849
180.821134567,-0.4728477,-0.03677054,0.1518446,0.8652363
180.853693962,-0.4858689,-0.05030524,0.1436318,0.8587191
180.886252880,-0.4987595,-0.0605863,0.1394021,0.8513302
180.921317101,-0.515853,-0.06844044,0.1355431,0.8411108
180.953876495,-0.5339243,-0.07662631,0.1274906,0.8303175
180.986435890,-0.5430524,-0.07956341,0.1248514,0.8245021
181.018994808,-0.53798,-0.0762165,0.1281257,0.8276352
181.054058552,-0.520927,-0.07910952,0.1144107,0.8401873
181.086617947,-0.5078121,-0.08611336,0.08681595,0.8507655
181.119176865,-0.4996264,-0.09455219,0.04967819,0.8576673
181.154241085,-0.4931662,-0.1010631,0.01087122,0.8620225
181.186800003,-0.4873291,-0.1033626,-0.007016102,0.865104
181.219359398,-0.4851092,-0.1063992,-0.01079561,0.8659443
181.254423142,-0.4850308,-0.1145583,-0.01358118,0.8649074
181.286982060,-0.4851156,-0.1211867,-0.01199602,0.8639795
181.319541454,-0.4862029,-0.1262055,-0.006546448,0.8627073
181.387165070,-0.4910589,-0.1351637,0.008519493,0.8585725
181.419723988,-0.496421,-0.1331348,0.02511394,0.8554755
181.452283383,-0.5035374,-0.1248365,0.05140042,0.8513821
181.487347126,-0.5076244,-0.1115343,0.08835937,0.8477604
181.519906044,-0.5026883,-0.09863357,0.1174816,0.8487647
181.552465439,-0.4941067,-0.08978185,0.1297012,0.8529964
181.587529183,-0.4858007,-0.08716172,0.1214674,0.8592287
181.620088101,-0.4809183,-0.08707951,0.1041577,0.8642417
181.652647495,-0.4787045,-0.0847943,0.0924093,0.8670295
181.687711239,-0.4786177,-0.07701741,0.09294283,0.8677458
181.720270157,-0.478808,-0.07023024,0.09826338,0.8676304
181.752830028,-0.4739805,-0.07327902,0.1005764,0.8697613
181.787893772,-0.477078,-0.08425672,0.0929662,0.8679183
181.820453167,-0.4810854,-0.09117497,0.09593199,0.8646783
181.853012085,-0.4774075,-0.09716368,0.1109775,0.8642644
181.885571480,-0.4709776,-0.1099972,0.1149816,0.8657295
181.920635223,-0.4751948,-0.1036362,0.1072998,0.8651959
181.953194141,-0.4786882,-0.09922028,0.1036825,0.8642283
181.985753536,-0.4718702,-0.1013956,0.09331707,0.8688942
182.020817280,-0.4673426,-0.1051499,0.0851863,0.8717256
182.053376198,-0.4649821,-0.1043939,0.07840086,0.8737131
182.085935593,-0.4635082,-0.1074048,0.06623143,0.8751374
182.120999336,-0.4590417,-0.1090452,0.05620051,0.8779858
182.153558254,-0.4552273,-0.109837,0.05009607,0.8802397
182.186117649,-0.4509219,-0.1118271,0.04317549,0.8825688
182.221181393,-0.445816,-0.1136082,0.03784604,0.8851761
182.253741264,-0.4403198,-0.1162844,0.03215921,0.8878006
182.286300182,-0.434063,-0.1202668,0.02646649,0.8905349
182.321364403,-0.4267128,-0.1265806,0.01976546,0.8933814
182.353923321,-0.4202269,-0.1344745,0.01397735,0.8954095
182.386482239,-0.4160087,-0.1429784,0.01313911,0.8960742
182.419041634,-0.4149314,-0.1509895,0.02179351,0.8950903
182.454105377,-0.4173887,-0.1587095,0.03958727,0.8919969
182.486664772,-0.4221777,-0.1640357,0.06282549,0.8874339
182.554287434,-0.4377953,-0.1677415,0.1159347,0.873719
182.586846829,-0.447358,-0.1667579,0.1438758,0.8648642
182.619405747,-0.4585075,-0.1654778,0.1749211,0.8534741
182.654469490,-0.4720646,-0.1630161,0.2150307,0.8372396
182.687028885,-0.4839755,-0.1596171,0.259244,0.8183582
182.719588756,-0.4930439,-0.1555089,0.308252,0.7964503
182.754652500,-0.4969804,-0.1535953,0.3546036,0.7747921
182.787211418,-0.4917014,-0.1578491,0.3880224,0.7611699
182.819770813,-0.4767442,-0.150544,0.4417407,0.7426602
182.852329731,-0.4466619,-0.1339747,0.5115842,0.7193422
182.887393475,-0.4138572,-0.1303954,0.5666308,0.6980519
182.919952869,-0.3920338,-0.1418142,0.5827078,0.6951815
182.952511787,-0.3731861,-0.1597179,0.5882152,0.6970315
182.987575531,-0.3648363,-0.1719629,0.5829059,0.7029734
183.020134926,-0.36689,-0.1701272,0.579139,0.7054603
183.052693844,-0.3727434,-0.1590928,0.579522,0.7046515
183.087757587,-0.380715,-0.1451721,0.5769004,0.7055458
183.120316982,-0.3874908,-0.1331164,0.5704314,0.7094834
183.152875900,-0.3925338,-0.1279099,0.5588784,0.7168256
183.187939644,-0.3924891,-0.1334212,0.5459483,0.7257543
183.220499039,-0.3918609,-0.1337553,0.5445341,0.7270935
183.253058910,-0.387416,-0.1286144,0.5526952,0.7242393
183.285617828,-0.3830129,-0.1251754,0.5535028,0.7265635
183.320681572,-0.3803564,-0.1311808,0.5484896,0.7306898
183.353240967,-0.3797153,-0.1328649,0.5486233,0.7306186
183.385799885,-0.3792281,-0.1302456,0.5523766,0.7285121
183.420863628,-0.3777142,-0.1289999,0.5527837,0.729211
183.453423023,-0.3768487,-0.1270829,0.551109,0.7312603
183.485981941,-0.3773591,-0.1232989,0.549149,0.733117
183.521046162,-0.3769995,-0.1189879,0.5474365,0.735292
183.553605080,-0.3745252,-0.1170238,0.5455593,0.7382609
183.586163998,-0.3723061,-0.1163215,0.5425752,0.7416854
183.621228218,-0.3714388,-0.1154334,0.5397249,0.7443339
183.653787136,-0.3706677,-0.1153748,0.5382939,0.7457623
183.686346531,-0.3701254,-0.1165018,0.5367982,0.7469336
183.718905449,-0.3696961,-0.11839,0.535423,0.7478359
183.753969192,-0.3685252,-0.1208176,0.5341614,0.7489271
183.786528587,-0.3661196,-0.1232674,0.5332893,0.7503279
183.819087505,-0.3623735,-0.125522,0.5330504,0.7519405
183.854151249,-0.3573996,-0.1289746,0.5321168,0.7543942
183.886710644,-0.3520865,-0.1328391,0.5304272,0.7574058
183.919270515,-0.3470877,-0.1366827,0.5278143,0.7608468
183.954334259,-0.342582,-0.1398988,0.525951,0.7635897
183.986893177,-0.3382724,-0.1422162,0.5252688,0.7655499
184.019452572,-0.3345263,-0.1443574,0.5237674,0.7678207
184.054516315,-0.3315885,-0.1466179,0.5211354,0.770453
184.087075233,-0.3295042,-0.1482296,0.519051,0.7724434
184.119634628,-0.3277074,-0.148738,0.5178611,0.7739072
184.154698372,-0.3253407,-0.1493698,0.5167979,0.7754933
184.187257290,-0.3232337,-0.1504002,0.5159389,0.7767462
184.219816685,-0.321199,-0.1519546,0.5153862,0.777654
184.252375603,-0.3185707,-0.1542573,0.5157385,0.778048
184.287439346,-0.3150997,-0.1573877,0.516534,0.7783068
184.319998741,-0.311318,-0.1605887,0.5173346,0.7786431
184.352557659,-0.3070598,-0.1639253,0.5178757,0.7792787
184.387621403,-0.3032462,-0.1668477,0.5178754,0.7801515
184.420180798,-0.3000693,-0.1687888,0.518545,0.7805175
184.452739716,-0.2970718,-0.1704429,0.5201083,0.7802644
184.487803936,-0.2945678,-0.1716826,0.5215699,0.7799663
184.520362854,-0.2923103,-0.1724434,0.5220855,0.7803027
184.552921772,-0.2898525,-0.1734635,0.5210099,0.7817112
184.587985993,-0.287182,-0.1751825,0.51882,0.7837673
184.620544911,-0.285091,-0.1765998,0.516906,0.7854754
184.653104305,-0.2835297,-0.1780637,0.515134,0.7868727
184.685663700,-0.2833812,-0.1781498,0.5148677,0.7870811
184.720726967,-0.2824372,-0.1779681,0.5146787,0.7875851
184.753286838,-0.2797481,-0.1784224,0.5137264,0.7890624
184.785846233,-0.2781719,-0.1781433,0.5122613,0.7906336
184.820909977,-0.2782357,-0.1769985,0.5112716,0.7915083
184.853468895,-0.2784731,-0.1760322,0.5117198,0.7913508
184.886028290,-0.2781527,-0.175456,0.5124719,0.7911047
184.921092033,-0.2769823,-0.1755068,0.5127565,0.7913196
184.953650951,-0.2750847,-0.1767583,0.5123957,0.7919364
184.986210346,-0.2740521,-0.1782418,0.5115902,0.7924826
185.021274090,-0.2729428,-0.1797494,0.511768,0.79241
185.053833008,-0.2713992,-0.1815938,0.5124009,0.7921106
185.086392403,-0.2697007,-0.1831573,0.5121493,0.7924933
185.118951321,-0.2682388,-0.1839783,0.5112859,0.7933564
185.154015064,-0.2658309,-0.1837315,0.5099256,0.7950975
185.186574459,-0.2619346,-0.1826635,0.505757,0.7992883
185.219133377,-0.2560778,-0.1801587,0.4980724,0.8065473
185.254197121,-0.2457985,-0.1776708,0.4858628,0.8176683
185.286756516,-0.236372,-0.174956,0.4700067,0.8302048
185.319315434,-0.228631,-0.1726151,0.4497409,0.8439744
185.354379177,-0.2243825,-0.1703452,0.4265819,0.8574908
185.386938572,-0.2240087,-0.168063,0.4083533,0.8668623
185.419497490,-0.2268425,-0.1657363,0.3947324,0.8728618
185.454561710,-0.2300677,-0.1650781,0.3815903,0.8779719
185.487120628,-0.2331193,-0.1672969,0.367626,0.8826925
185.519679546,-0.2379221,-0.1716643,0.3547764,0.8858249
185.552238941,-0.2449965,-0.1765545,0.3467793,0.8861021
185.587302685,-0.2545707,-0.1812616,0.3433484,0.8837859
185.619862080,-0.2629775,-0.1864886,0.343318,0.8802416
185.652421474,-0.2717223,-0.1933377,0.3419999,0.8766136
185.687484741,-0.2810969,-0.2031094,0.3384035,0.8728354
185.720044136,-0.2876356,-0.2145145,0.3349226,0.8693123
185.752604008,-0.2928377,-0.2286228,0.3320211,0.8650823
185.787666798,-0.2976403,-0.245776,0.3303418,0.859364
185.820226669,-0.3016306,-0.2622532,0.3288067,0.8536721
185.852786064,-0.3053526,-0.2781552,0.3276013,0.8477586
185.887849808,-0.3093725,-0.2942844,0.3253131,0.8417152
185.920408726,-0.3125046,-0.3067569,0.3226011,0.8371363
185.952968121,-0.3141253,-0.3184984,0.3171707,0.8342149
185.985527039,-0.3155382,-0.3290229,0.3084251,0.8328753
186.020590782,-0.3170298,-0.3380733,0.3001204,0.8317174
186.053150177,-0.3175567,-0.3459025,0.2939336,0.8305058
186.085709095,-0.3176095,-0.3546178,0.2848699,0.8299683
186.120772839,-0.3199464,-0.3641674,0.2764626,0.8277757
186.153332233,-0.3257808,-0.3720081,0.2768411,0.8218659
186.185891151,-0.3330091,-0.3797638,0.2817093,0.8137272
186.220954895,-0.3415881,-0.3885916,0.2888083,0.8034497
186.253514290,-0.3488131,-0.3960307,0.29717,0.7936037
186.286073208,-0.3545927,-0.4019535,0.3069731,0.7842784
186.321136952,-0.3582718,-0.4077368,0.3154672,0.7762088
186.353696346,-0.3598361,-0.4136957,0.3172364,0.7715975
186.386255264,-0.3599657,-0.4198309,0.3140185,0.7695367
186.421319485,-0.359399,-0.426401,0.3101122,0.7677711
186.453878403,-0.3584923,-0.4330844,0.3054982,0.7663025
186.486437321,-0.3576877,-0.440701,0.2991636,0.7648339
186.518996716,-0.3580033,-0.448541,0.2934698,0.7623304
186.554060459,-0.3598601,-0.4563612,0.2910801,0.7577173
186.586619854,-0.3627288,-0.4629426,0.2915321,0.7521626
186.619178772,-0.3665402,-0.4690664,0.2940015,0.7455305
186.654242515,-0.3720095,-0.4737226,0.2994455,0.7376693
186.686801910,-0.3766918,-0.4760391,0.3054369,0.7313181
186.719360828,-0.3791896,-0.477317,0.3092146,0.7275972
186.754424572,-0.379466,-0.478387,0.3086118,0.7270061
186.786983967,-0.3791657,-0.4794031,0.3049963,0.7280186
186.819542885,-0.3791651,-0.4801474,0.3014132,0.7290199
186.854606628,-0.379784,-0.480751,0.2984707,0.7295105
186.887166023,-0.3808354,-0.4817485,0.2971333,0.7288499
186.919724941,-0.3820032,-0.4829408,0.2977314,0.7272038
186.952284336,-0.3829221,-0.4845036,0.2985403,0.7253469
186.987348080,-0.383536,-0.4867165,0.2991831,0.7232735
187.019906998,-0.3835567,-0.4892378,0.29912,0.7215855
187.052466393,-0.3835075,-0.4917886,0.2987153,0.7200438
187.087530136,-0.3834504,-0.4939945,0.2986702,0.7185814
187.120089054,-0.3827704,-0.4958798,0.2986085,0.7176703
187.152648449,-0.3818049,-0.4975461,0.2981082,0.7172392
187.187712193,-0.3809776,-0.4989763,0.2974921,0.7169414
187.220271111,-0.3805194,-0.499888,0.2971084,0.7167086
187.252830505,-0.3804713,-0.5004409,0.2969626,0.7164086
187.287894249,-0.3804936,-0.5010146,0.2971317,0.7159256
187.320453644,-0.3803146,-0.5017467,0.297151,0.7154999
187.353012562,-0.380262,-0.5025672,0.2967623,0.7151132
187.385571480,-0.3807261,-0.503338,0.2963543,0.714493
187.420635700,-0.3817655,-0.5038043,0.2968767,0.713392
187.453194618,-0.382729,-0.5038393,0.2979441,0.7124054
187.485754013,-0.3830567,-0.5038092,0.2990399,0.7117912
187.520817757,-0.3831622,-0.503684,0.2997133,0.7115399
187.553376675,-0.383336,-0.5034105,0.3003665,0.7113642
187.585936070,-0.3835487,-0.5030833,0.3012815,0.711094
187.620999813,-0.3839198,-0.5028031,0.3024766,0.7105844
187.653558731,-0.3843041,-0.5022424,0.3042882,0.7099995
187.686118126,-0.3846638,-0.5012648,0.3061953,0.7096756
187.721181869,-0.3851145,-0.499692,0.3078596,0.7098203
187.753740787,-0.3853737,-0.4976753,0.3090652,0.7105723
187.786300182,-0.3852852,-0.4953204,0.3102808,0.7117349
187.818859100,-0.3850039,-0.4929058,0.3120555,0.7127867
187.853922844,-0.3840131,-0.4906816,0.3149392,0.713587
187.886482239,-0.3822969,-0.4891686,0.3174993,0.7144124
187.919041157,-0.379954,-0.488085,0.3198281,0.7153641
187.954104900,-0.376858,-0.4873475,0.3220928,0.7164875
187.986664295,-0.3732913,-0.4870873,0.3239221,0.7177059
188.019223213,-0.3693634,-0.4873553,0.3248885,0.7191181
188.054287434,-0.3650111,-0.4883096,0.3249058,0.7206835
188.086846352,-0.3612241,-0.4894259,0.3246787,0.7219355
188.119405270,-0.3581153,-0.4906187,0.3247914,0.7226236
188.154469490,-0.3555695,-0.4916157,0.325677,0.7228046
188.187028408,-0.3538266,-0.4923725,0.3272031,0.7224554
188.219587803,-0.3523443,-0.4932555,0.3290146,0.7217545
188.254651547,-0.3509893,-0.4943013,0.3311421,0.7207255
188.287210465,-0.3499328,-0.4950423,0.333228,0.7197687
188.319769859,-0.3485776,-0.4961863,0.3347488,0.7189324
188.352328777,-0.3473189,-0.4976374,0.3353048,0.7182792
188.387392521,-0.3466236,-0.4989621,0.3352015,0.717744
188.419951916,-0.3465257,-0.4999153,0.3348111,0.7173102
188.452510834,-0.3471362,-0.5002684,0.3343981,0.7169614
188.487574577,-0.3483891,-0.5001242,0.3339788,0.7166496
188.520133972,-0.3499905,-0.4994693,0.3339181,0.7163543
188.552692890,-0.3516092,-0.4985973,0.3336688,0.7162851
188.587756634,-0.3533963,-0.4978729,0.3324271,0.7164871
188.620316029,-0.3554153,-0.4969802,0.3311568,0.7166963
188.652874947,-0.3575678,-0.4962867,0.3291979,0.7170085
188.687938690,-0.3605151,-0.4958084,0.3270203,0.7168601
188.720498085,-0.3642966,-0.4946568,0.3267135,0.7158831
188.753057003,-0.3680719,-0.4931456,0.3278589,0.7144695
188.785616398,-0.371317,-0.4915075,0.3296809,0.7130795
188.820680141,-0.373834,-0.4892232,0.3319882,0.7122642
188.853239059,-0.3746328,-0.4872324,0.3337502,0.7123857
188.885798454,-0.374207,-0.4857877,0.334566,0.713213
188.920862198,-0.3728853,-0.4843148,0.3355715,0.7144334
188.953421593,-0.3712607,-0.4829643,0.3375703,0.7152517
188.985980511,-0.3687702,-0.482103,0.3400895,0.7159274
189.021044254,-0.365052,-0.4819459,0.342863,0.7166156
189.053603649,-0.3606358,-0.4826476,0.3450867,0.7173118
189.086162567,-0.3553908,-0.4840083,0.3474081,0.7178919
189.121226311,-0.3492096,-0.4861836,0.3493272,0.7185239
189.153785706,-0.3432956,-0.4890229,0.3500096,0.7191145
189.186344624,-0.3380679,-0.4924833,0.349864,0.7193006
189.218904018,-0.3340141,-0.4957067,0.3496764,0.7190712
189.253967762,-0.3307149,-0.4985279,0.34931,0.718824
189.286526680,-0.3297262,-0.4998334,0.3488794,0.7185806
189.319086075,-0.3299154,-0.4998576,0.3484381,0.7186911
189.354149819,-0.331195,-0.4989501,0.3472848,0.719291
189.386708737,-0.3325356,-0.4973507,0.3458758,0.7204581
189.419268131,-0.3338545,-0.4959,0.343185,0.7221331
189.454331875,-0.3356911,-0.4945664,0.3400268,0.7236885
189.486890793,-0.3381571,-0.4931884,0.3386129,0.7241436
189.519450188,-0.3410806,-0.4914789,0.3388011,0.7238468
189.554513931,-0.3439618,-0.4900475,0.3385468,0.7235728
189.587072849,-0.3468793,-0.4889988,0.3380736,0.7231106
189.619632244,-0.3503736,-0.4876115,0.3387043,0.7220668
189.652191162,-0.3533765,-0.4860307,0.3392373,0.7214187
189.687255382,-0.3563333,-0.4845216,0.3384258,0.7213607
189.719814300,-0.3591763,-0.4830793,0.3371853,0.7214988
189.752373218,-0.3621598,-0.4818275,0.3355835,0.7215912
189.787437439,-0.3657184,-0.4806927,0.3332667,0.7216272
189.819996357,-0.3690028,-0.4799879,0.3306041,0.7216488
189.852555752,-0.3725981,-0.4799653,0.3271859,0.7213745
189.887619495,-0.3775518,-0.4794951,0.3243092,0.7204099
189.920178413,-0.3825465,-0.4786891,0.3233643,0.7187338
189.952737808,-0.3868487,-0.4784015,0.3229123,0.7168232
189.987801552,-0.3907208,-0.4791713,0.3215329,0.7148262
190.020360470,-0.3941413,-0.480286,0.3198461,0.7129545
190.052919865,-0.3974202,-0.481287,0.3183575,0.7111232
190.087982655,-0.4005266,-0.4828477,0.3166531,0.7090804
190.120542526,-0.4034397,-0.4846365,0.3158733,0.706552
190.153101921,-0.4063985,-0.4864452,0.3165386,0.7033082
190.185660839,-0.4085715,-0.4885168,0.3176566,0.700102
190.220724106,-0.4097897,-0.491158,0.3181261,0.6973233
190.253283024,-0.4103383,-0.4934551,0.3181249,0.6953766
190.285842419,-0.4105501,-0.495419,0.3178522,0.6939785
190.320906162,-0.4107445,-0.496903,0.3179323,0.6927649
190.353465080,-0.4107572,-0.4978622,0.3183195,0.6918903
190.386024475,-0.4105694,-0.498616,0.3185921,0.6913331
190.421088219,-0.4104146,-0.4993467,0.3185209,0.6909304
190.453647614,-0.4105403,-0.4997957,0.3185322,0.6905257
190.486206532,-0.4105489,-0.5000767,0.3187957,0.6901956
190.521270275,-0.4103301,-0.5003415,0.3191844,0.689954
190.553829670,-0.4100834,-0.5005506,0.3197028,0.6897091
190.586388588,-0.4096422,-0.5007895,0.3200858,0.6896201
190.618947983,-0.4092711,-0.5009069,0.3203086,0.6896518
190.654011726,-0.4089777,-0.5008977,0.3205647,0.6897135
190.686570644,-0.4085986,-0.5008163,0.3207471,0.6899125
190.719130039,-0.4082324,-0.5006495,0.320848,0.6902032
190.754193783,-0.4080355,-0.5002432,0.3210092,0.6905394
190.786752701,-0.4080776,-0.4995961,0.3212655,0.6908637
190.819312096,-0.4081893,-0.4988089,0.3213418,0.6913309
190.854375839,-0.4083184,-0.4979663,0.3212393,0.6919095
190.886934757,-0.4085926,-0.4971185,0.3212814,0.6923376
190.919494152,-0.4087973,-0.4963374,0.3212481,0.6927925
190.954557896,-0.4090832,-0.495567,0.321221,0.6931877
190.987116814,-0.4092833,-0.494839,0.3212886,0.6935582
191.019676209,-0.4094341,-0.4941456,0.3213476,0.6939362
191.052235127,-0.4096938,-0.4934096,0.3215034,0.6942344
191.087298870,-0.4099289,-0.4926353,0.3216138,0.6945942
191.119858265,-0.4102113,-0.4918708,0.3217295,0.6949155
191.152417183,-0.4104348,-0.4911282,0.3218961,0.6952317
191.187481403,-0.4105793,-0.4904006,0.3218967,0.6956596
191.220040321,-0.4106788,-0.4897739,0.321816,0.6960796
191.252599716,-0.4106091,-0.4893304,0.3217467,0.6964644
191.287662506,-0.4105695,-0.4889904,0.3218321,0.6966872
191.320222378,-0.4105166,-0.4887722,0.3219581,0.6968132
191.352781773,-0.4103202,-0.4886388,0.3220939,0.6969597
191.387844563,-0.410256,-0.4884133,0.3223908,0.6970182
191.420403957,-0.4100651,-0.4882731,0.3226622,0.6971031
191.452962875,-0.4097802,-0.4881425,0.3229263,0.6972398
191.485522270,-0.4095765,-0.4879778,0.3232621,0.6973193
191.520586014,-0.4094551,-0.4877913,0.3237581,0.697291
191.553144932,-0.4092583,-0.4877249,0.3241613,0.6972656
191.585704327,-0.4090099,-0.4876516,0.3244104,0.6973467
191.620768070,-0.4089005,-0.4874957,0.3244645,0.6974947
191.653326988,-0.409159,-0.4871322,0.3245027,0.6975793
191.685886383,-0.409503,-0.4866904,0.3244017,0.6977328
191.720950127,-0.409844,-0.4861406,0.324146,0.6980346
191.753509045,-0.4102183,-0.4856107,0.3238464,0.6983227
191.786068439,-0.4104905,-0.4852319,0.3237595,0.6984661
191.821132183,-0.4109545,-0.4848039,0.3238763,0.6984363
191.853691578,-0.4113762,-0.4844388,0.3239773,0.6983947
191.886250496,-0.4117937,-0.4841267,0.3239165,0.6983933
191.921314239,-0.4122057,-0.4838156,0.3235576,0.6985321
191.953873634,-0.4126965,-0.4834202,0.323241,0.6986627
191.986432552,-0.4133305,-0.4828708,0.3231581,0.698706
192.018991947,-0.4141509,-0.4821372,0.3234693,0.6985829
192.054055691,-0.4149925,-0.4814606,0.323933,0.6983352
192.086614609,-0.4154611,-0.481069,0.3243316,0.6981414
192.119174004,-0.4156792,-0.4810005,0.3245561,0.6979545
192.154237747,-0.4158464,-0.4812649,0.3246996,0.6976058
192.186796665,-0.4160414,-0.4816005,0.3248602,0.6971831
192.219356060,-0.4161921,-0.4818819,0.3249616,0.6968513
192.254418850,-0.4162632,-0.4819959,0.3250798,0.6966748
192.286978245,-0.4162435,-0.4819902,0.3251876,0.6966401
192.319537163,-0.4162828,-0.4818223,0.3253513,0.6966564
192.354600906,-0.4164037,-0.4815398,0.3255018,0.6967092
192.387160301,-0.416464,-0.4813172,0.3256923,0.6967379
192.419719219,-0.4164143,-0.4811752,0.3257771,0.696826
192.452278614,-0.4163823,-0.4810251,0.3257303,0.6969706
192.487342358,-0.4164399,-0.4809123,0.3256633,0.6970454
192.519901753,-0.4164578,-0.4808605,0.3255726,0.6971129
192.552460671,-0.4164298,-0.4808278,0.3255757,0.6971506
192.587524414,-0.416436,-0.4808075,0.3256248,0.697138
192.620083809,-0.4163263,-0.4808229,0.3256226,0.6971939
192.652642727,-0.4162817,-0.4807505,0.3255522,0.6973033
192.687706470,-0.4162875,-0.480589,0.3254954,0.6974379
192.720265865,-0.416449,-0.4802815,0.325624,0.697493
192.752824783,-0.416567,-0.4799478,0.3257917,0.6975741
192.787888527,-0.4165572,-0.4797053,0.3258532,0.697718
192.820447922,-0.416468,-0.4794885,0.3259466,0.6978765
192.853006840,-0.4163325,-0.4792955,0.3259846,0.6980722
192.885566235,-0.4162801,-0.479055,0.3259376,0.6982905
192.920629978,-0.4162323,-0.4788198,0.3258897,0.6985025
192.953188896,-0.4161181,-0.4786125,0.3259812,0.6986701
192.985748291,-0.4160372,-0.4783733,0.3260867,0.6988328
193.020811081,-0.4158253,-0.4781692,0.3261709,0.6990592
193.053370476,-0.415574,-0.477974,0.3262234,0.6993175
193.085929394,-0.4152608,-0.4777656,0.3262581,0.6996297
193.120993614,-0.4151128,-0.477441,0.3264153,0.6998659
193.153552532,-0.4149781,-0.4771219,0.3266783,0.7000405
193.186111927,-0.4146501,-0.4769179,0.326835,0.7003009
193.221175671,-0.4142961,-0.4766773,0.326957,0.7006172
193.253734589,-0.4139745,-0.4764179,0.3271079,0.7009132
193.286293984,-0.4137931,-0.4760909,0.3271904,0.7012039
193.318852902,-0.4136876,-0.4756945,0.3272414,0.7015113
193.353916645,-0.4136398,-0.4753103,0.3271506,0.7018421
193.386476040,-0.4136824,-0.4749158,0.3270027,0.702153
193.419034958,-0.4137767,-0.47456,0.3267332,0.7024634
193.454098702,-0.4139249,-0.4742089,0.3265005,0.7027212
193.486658096,-0.4140551,-0.4738972,0.3263087,0.7029438
193.519217014,-0.4141621,-0.4736103,0.3261835,0.7031323
193.554280758,-0.4143341,-0.4732371,0.3261742,0.7032866
193.586840153,-0.4144734,-0.4729004,0.3261441,0.703445
193.619399071,-0.4145745,-0.4725724,0.326131,0.7036118
193.654462337,-0.4145195,-0.4724002,0.32599,0.7038252
193.687021255,-0.4144026,-0.472416,0.3257574,0.7039911
193.719580650,-0.4143195,-0.4724192,0.325572,0.7041237
193.754644394,-0.4144729,-0.4722517,0.3257328,0.7040712
193.787203789,-0.4147055,-0.4720536,0.3260091,0.7039394
193.819762707,-0.4148339,-0.4718761,0.3264294,0.7037879
193.852322102,-0.4148181,-0.4718269,0.3268498,0.7036351
193.887385845,-0.4147018,-0.4719278,0.3272195,0.7034641
193.919944763,-0.4143049,-0.4723301,0.3273972,0.7033454
193.952504158,-0.4139775,-0.4727398,0.3277815,0.7030838
193.987567902,-0.4136264,-0.4731556,0.3283094,0.7027643
194.020126820,-0.4132247,-0.4735184,0.328803,0.7025254
194.052686214,-0.4128708,-0.4737661,0.3292505,0.7023569
194.087749958,-0.4127345,-0.4738719,0.3301273,0.7019539
194.120308876,-0.4126303,-0.47383,0.3315135,0.70139
194.152868271,-0.4121642,-0.4739806,0.3328657,0.7009217
194.187932015,-0.4112397,-0.4745725,0.3338114,0.7006143
194.220490933,-0.4101259,-0.4755077,0.3343782,0.7003627
194.253050327,-0.4088826,-0.4767473,0.3348368,0.700028
194.285609245,-0.4073671,-0.478331,0.3349998,0.699753
194.320672512,-0.4058222,-0.4800283,0.3348987,0.6995368
194.353231430,-0.4044041,-0.4815306,0.3351794,0.6991911
194.385790825,-0.4030665,-0.4833093,0.3353006,0.698678
194.420854569,-0.401373,-0.4855093,0.3353643,0.6980966
194.453413963,-0.3992773,-0.487946,0.3354195,0.6975728
194.485972881,-0.3960628,-0.4912179,0.3354118,0.6971126
194.521036625,-0.3907826,-0.4960787,0.3349279,0.6968829
194.553596020,-0.3859274,-0.5009139,0.3341947,0.6964819
194.586154938,-0.3821147,-0.5056189,0.332524,0.6959838
194.621218681,-0.3790456,-0.5104838,0.329928,0.695346
194.653778076,-0.3770722,-0.5141613,0.3274043,0.694902
194.686336994,-0.3759784,-0.5171975,0.3246977,0.6945114
194.718896389,-0.376095,-0.5194863,0.321721,0.6941252
194.753960133,-0.3770911,-0.5209929,0.3176878,0.6943134
194.786519051,-0.3784935,-0.5221629,0.3130808,0.694764
194.819078445,-0.3811427,-0.5226889,0.309608,0.6944762
194.854141235,-0.3841906,-0.5228752,0.307086,0.693776
194.886700630,-0.3857366,-0.5242096,0.3052756,0.6927093
194.919259548,-0.3863219,-0.5262313,0.3044191,0.6912255
194.954323292,-0.3869154,-0.5291182,0.3040132,0.6888644
194.986882687,-0.3877611,-0.5319108,0.3044583,0.6860358
195.019441605,-0.3882048,-0.5350668,0.3053774,0.6829149
195.054505825,-0.3889745,-0.5384971,0.3064554,0.6792881
195.087064743,-0.389831,-0.5414408,0.3081887,0.6756635
195.119624138,-0.3903444,-0.5438662,0.3100785,0.6725473
195.152183056,-0.3901965,-0.5462586,0.3110761,0.6702296
195.187246800,-0.3898636,-0.5490341,0.3108307,0.6682664
195.219806194,-0.3903182,-0.5514373,0.3101084,0.6663551
195.252365112,-0.3918621,-0.5532398,0.3100626,0.663972
195.287428856,-0.393433,-0.554899,0.3104101,0.6614913
195.319988251,-0.3943481,-0.5563042,0.3114502,0.6592736
195.352547169,-0.3947289,-0.557775,0.3132654,0.6569389
195.387610436,-0.3944847,-0.559665,0.3152936,0.6545033
195.420169354,-0.3942288,-0.5618789,0.3159186,0.6524561
195.452728748,-0.3945095,-0.5639547,0.3162031,0.6503541
195.487792492,-0.3954001,-0.5655294,0.3170692,0.6480202
195.520351410,-0.3959901,-0.5671387,0.3178144,0.6458849
195.552910805,-0.3960229,-0.5688135,0.3185294,0.6440371
195.585469723,-0.395586,-0.5703369,0.3192799,0.6425852
195.620533466,-0.3949541,-0.5719124,0.3197534,0.6413369
195.653092861,-0.394425,-0.573006,0.3203056,0.6404102
195.685651779,-0.3937912,-0.5738941,0.3209997,0.6396569
195.720716000,-0.3925273,-0.5751364,0.3215562,0.639038
195.753274918,-0.391166,-0.5764982,0.321893,0.6384759
195.785834312,-0.3897616,-0.5779438,0.3225003,0.6377211
195.820898056,-0.3883215,-0.5795434,0.3236865,0.6365459
195.853456974,-0.3868976,-0.5812322,0.3248945,0.6352564
195.886016369,-0.3852376,-0.5830806,0.326272,0.6338637
195.921079159,-0.3839556,-0.5848655,0.3280641,0.6320697
195.953638554,-0.3830014,-0.5861251,0.3299525,0.6304969
195.986197472,-0.3823594,-0.587027,0.3316145,0.6291743
196.021261215,-0.3816032,-0.587626,0.332993,0.6283455
196.053820610,-0.3810065,-0.587948,0.3338817,0.6279346
196.086379528,-0.3806147,-0.588131,0.3344189,0.6277151
196.118938923,-0.3802758,-0.5882781,0.3350629,0.6274392
196.154002667,-0.3795424,-0.5886046,0.3363784,0.6268729
196.186561585,-0.3785468,-0.5891399,0.3375666,0.6263329
196.219120979,-0.3778188,-0.5897176,0.3385823,0.6256804
196.254184723,-0.3777924,-0.5898115,0.340139,0.6247628
196.286743641,-0.3782627,-0.5896277,0.3412784,0.6240299
196.319303036,-0.3774152,-0.5907547,0.3417686,0.6232082
196.354366779,-0.3761236,-0.5920461,0.3423525,0.6224426
196.386926174,-0.3763743,-0.5920441,0.3421558,0.6224013
196.419485092,-0.376033,-0.592639,0.3419674,0.6221448
196.454548359,-0.3757772,-0.5930705,0.342099,0.6218157
196.487107277,-0.3759484,-0.59322,0.3422188,0.6215037
196.519666672,-0.3765785,-0.5931894,0.3423222,0.6210944
196.552225590,-0.3774235,-0.5929931,0.3426735,0.6205751
196.587289333,-0.3791261,-0.5924586,0.3430821,0.6198214
196.619848728,-0.3798742,-0.5922778,0.3431367,0.6195057
196.652407646,-0.3803895,-0.592068,0.3430129,0.6194589
196.687471390,-0.3811065,-0.5916919,0.3425494,0.6196339
196.720030785,-0.3816488,-0.5914107,0.3421651,0.6197809
196.752589703,-0.3823186,-0.5908259,0.3421198,0.6199509
196.787653446,-0.3832632,-0.5899984,0.3423632,0.6200212
196.820212841,-0.3837045,-0.5895128,0.3425294,0.6201184
196.852771759,-0.3835445,-0.5894266,0.3426781,0.6202173
196.887835979,-0.383362,-0.5894622,0.3428492,0.6202016
196.920394421,-0.3832551,-0.5893691,0.3433185,0.6200967
196.952953339,-0.3832203,-0.5892421,0.343588,0.6200895
196.985512733,-0.3828672,-0.5894387,0.3435707,0.6201303
197.020576477,-0.3829838,-0.5894585,0.3437426,0.6199443
197.053135395,-0.3834186,-0.5893667,0.3439867,0.6196271
197.085694790,-0.3841381,-0.58903,0.3439165,0.6195407
197.120758534,-0.3848344,-0.588614,0.3437959,0.619571
197.153317452,-0.3855126,-0.5881038,0.3432333,0.6199456
197.185876846,-0.3852493,-0.5879344,0.3406359,0.6217
197.220940590,-0.3826157,-0.5897662,0.3359945,0.6241127
197.253499508,-0.3830145,-0.5885671,0.3306124,0.6278629
197.286058903,-0.3836922,-0.5872483,0.3267322,0.6307088
197.321122646,-0.3824153,-0.5877605,0.3210515,0.6339163
197.353681564,-0.3837169,-0.5870052,0.3176306,0.6355507
197.386240959,-0.384976,-0.5865982,0.3166564,0.6356512
197.421304226,-0.3884532,-0.5851319,0.3158467,0.63529
197.453863144,-0.3906838,-0.5839058,0.3163751,0.6347872
197.486422062,-0.3904649,-0.5849313,0.3159185,0.6342049
197.518981457,-0.3905242,-0.5858573,0.3164027,0.6330711
197.554045200,-0.390624,-0.5861721,0.318033,0.6319001
197.586604595,-0.3906221,-0.586183,0.3200514,0.6308715
197.619163513,-0.3901998,-0.5857304,0.3229027,0.6300997
197.654227257,-0.3885253,-0.5850832,0.324926,0.6306953
197.686786652,-0.3858553,-0.5841426,0.3247306,0.6333016
197.719345570,-0.3823826,-0.5822039,0.3219577,0.6385868
197.754409313,-0.3778478,-0.5801474,0.313386,0.6473615
197.786968708,-0.3767678,-0.5777724,0.3021562,0.6554039
197.819527626,-0.3804531,-0.5744197,0.2922702,0.660684
197.854590893,-0.3840216,-0.5713895,0.2854481,0.6642202
197.887149811,-0.3925976,-0.5706022,0.2909838,0.6574469
197.919709206,-0.3805803,-0.5808236,0.3341186,0.6346613
197.952268124,-0.3513283,-0.6061219,0.3685003,0.6082926
197.987331867,-0.3254337,-0.6229208,0.3885503,0.5930589
198.019891262,-0.3086753,-0.6343005,0.4029662,0.5801967
198.052450180,-0.2861812,-0.657055,0.3925397,0.573515
198.087514401,-0.279738,-0.6496553,0.3556471,0.6081426
198.120073319,-0.2762972,-0.6614267,0.3408543,0.6054921
198.152632237,-0.2787048,-0.6678784,0.327669,0.6045848
198.187696457,-0.3005021,-0.6603198,0.3210509,0.6059952
198.220255375,-0.3211766,-0.6540224,0.3236922,0.6007923
198.252814770,-0.3238156,-0.6613244,0.3156346,0.5956475
198.287877560,-0.3267462,-0.6680618,0.3056733,0.591711
198.320436955,-0.3197002,-0.6710743,0.3045579,0.5927253
198.352995873,-0.3192159,-0.6774414,0.300873,0.5876032
198.453177929,-0.3207999,-0.6987293,0.3058417,0.5585278
198.485737324,-0.3260259,-0.701968,0.3156566,0.5458358
198.520801067,-0.3262729,-0.7058522,0.3243952,0.5354568
198.553359985,-0.3232536,-0.7085522,0.3286764,0.5310935
198.585919380,-0.3247824,-0.7086281,0.3344651,0.5264251
198.620983124,-0.334765,-0.7000926,0.3502179,0.5213232
198.653542042,-0.3492309,-0.6905341,0.3685056,0.5118904
198.686101437,-0.3618921,-0.6770698,0.3803831,0.5123934
198.721164703,-0.3647625,-0.6667982,0.3809269,0.5233077
198.753723621,-0.3492208,-0.6712541,0.3701717,0.5357829
198.786283016,-0.3251494,-0.6789145,0.3663746,0.5438293
198.818841934,-0.3114256,-0.6788667,0.3777545,0.5441355
198.853905678,-0.3119822,-0.6714697,0.3980368,0.5385072
198.886465073,-0.3117176,-0.6685839,0.4171348,0.5276874
198.919023991,-0.334583,-0.6700507,0.4166797,0.5119493
198.954087734,-0.3663039,-0.6607369,0.4236639,0.4963717
198.986647129,-0.3692745,-0.6501736,0.4270727,0.5051211
199.019206047,-0.3710555,-0.6514019,0.4126066,0.5141758
199.054269791,-0.3834028,-0.6513247,0.395447,0.518679
199.086829186,-0.3892469,-0.6512346,0.3831986,0.5236094
199.119388104,-0.3929647,-0.6546611,0.3681326,0.5273554
199.154451370,-0.4025436,-0.6525745,0.3582282,0.5295333
199.187010288,-0.4086317,-0.6516303,0.3501075,0.5314607
199.219569683,-0.4117725,-0.6534802,0.3405763,0.5329563
199.252128601,-0.4158391,-0.6538274,0.3342593,0.5333724
199.287192822,-0.4179746,-0.6545131,0.328611,0.5343711
199.319751740,-0.4189663,-0.6561747,0.3236327,0.5345948
199.352311134,-0.4207551,-0.6573882,0.3196451,0.534098
199.387374878,-0.4239698,-0.6575426,0.3167839,0.5330692
199.419933796,-0.4270066,-0.6574578,0.3146167,0.5320325
199.452493191,-0.4292828,-0.6573989,0.3126739,0.5314185
199.487556934,-0.430202,-0.6574697,0.3108435,0.5316615
199.520115852,-0.431595,-0.6567566,0.3097398,0.5320578
199.552675247,-0.4331386,-0.655579,0.3092192,0.5325583
199.587738037,-0.4344293,-0.6543869,0.3085316,0.5333712
199.620297432,-0.4362457,-0.6521413,0.3081259,0.5348716
199.652856350,-0.4374232,-0.6500145,0.3075133,0.5368477
199.687920093,-0.4388604,-0.647694,0.3070022,0.5387685
199.720479488,-0.4405071,-0.6453279,0.3075984,0.5399225
199.753038406,-0.4419314,-0.6432167,0.3095618,0.5401556
199.785597801,-0.4437349,-0.6414455,0.3124827,0.5391005
199.820661545,-0.4460025,-0.6395739,0.3158969,0.5374606
199.853220463,-0.4492868,-0.6374175,0.3186445,0.535662
199.885779858,-0.453628,-0.6348268,0.3208652,0.5337507
199.920843601,-0.4589923,-0.6315236,0.3221622,0.5323
199.953402996,-0.4632123,-0.6287017,0.3220841,0.532032
199.985961914,-0.4664656,-0.6264961,0.3212779,0.5322788
200.021025181,-0.4686774,-0.6253607,0.3187272,0.5332037
200.053584099,-0.4705617,-0.6244224,0.3151189,0.534786
200.086143494,-0.4717,-0.6239475,0.3109506,0.5367737
200.121207237,-0.4718423,-0.6241726,0.3066121,0.5388787
200.153766155,-0.4717966,-0.6244571,0.3031728,0.5405324
200.186325550,-0.4719685,-0.6246412,0.3006667,0.5415684
200.218884468,-0.4728051,-0.6243282,0.2987927,0.5422364
200.253948212,-0.4735308,-0.6233854,0.2979988,0.543124
200.286507607,-0.4743059,-0.6229427,0.2974899,0.5432346
200.319066525,-0.4746847,-0.6232579,0.2971368,0.5427351
200.354130268,-0.4754708,-0.6233416,0.2966676,0.5422073
200.386689663,-0.4770984,-0.6230335,0.2955594,0.5417368
200.419248581,-0.4791476,-0.62262,0.2945431,0.5409566
200.454311848,-0.4802749,-0.6222707,0.2946843,0.5402815
200.486871243,-0.4806874,-0.6226963,0.2942713,0.5396491
200.519430161,-0.4826443,-0.62184,0.2940727,0.5389977
200.554493904,-0.4857899,-0.6194667,0.2948399,0.5384852
200.587053299,-0.4876651,-0.619126,0.2944532,0.5373924
200.619612217,-0.4896458,-0.6193984,0.2937361,0.5356674
200.652171612,-0.4916127,-0.6191273,0.2933843,0.5343705
200.687235355,-0.4925339,-0.6188474,0.2930822,0.534012
200.719794273,-0.4934996,-0.6181963,0.293177,0.5338225
200.752353668,-0.4941102,-0.6189861,0.2922027,0.5328757
200.787417412,-0.4955879,-0.6190198,0.2925912,0.5312487
200.819975853,-0.4964688,-0.6189587,0.2936276,0.529924
200.852534771,-0.4965213,-0.6191707,0.2945669,0.5291052
200.887598515,-0.4964686,-0.6201147,0.2954708,0.5275429
200.920157909,-0.4961246,-0.6214474,0.2971224,0.5253659
200.952716827,-0.4959662,-0.6227041,0.2990817,0.5229102
200.987781048,-0.4961479,-0.6235865,0.3005968,0.5208132
201.020339966,-0.4956495,-0.6243101,0.3021412,0.5195256
201.052899361,-0.4953199,-0.6250004,0.3033286,0.5183167
201.085458279,-0.4950157,-0.625345,0.3040241,0.5177838
201.120522022,-0.4943705,-0.6255618,0.3052751,0.5174021
201.153081417,-0.4930315,-0.6267105,0.3053447,0.5172487
201.185640335,-0.4921592,-0.6279085,0.3042805,0.5172539
201.220703602,-0.4923957,-0.6257721,0.305517,0.5188862
201.253262520,-0.4913119,-0.6246346,0.3070472,0.5203786
201.285821915,-0.4895515,-0.6251163,0.3071476,0.521399
201.320885658,-0.4879447,-0.6239949,0.3089083,0.5232053
201.353444576,-0.4833308,-0.6249053,0.3111797,0.5250521
201.386003971,-0.4781024,-0.6273944,0.3125253,0.5260704
201.421067715,-0.4726749,-0.6307664,0.3136153,0.5262942
201.453626633,-0.4669191,-0.633167,0.3158138,0.5272339
201.486186028,-0.4600627,-0.6355763,0.3185796,0.5286964
201.521249771,-0.4520018,-0.6393937,0.320504,0.5298819
201.553808689,-0.4473597,-0.6410643,0.3213676,0.5312783
201.586368084,-0.4436419,-0.6415198,0.3215441,0.5337334
201.653990269,-0.4344862,-0.6417883,0.319421,0.5421507
201.686549663,-0.4313549,-0.64092,0.3183912,0.5462684
201.719108581,-0.4336068,-0.6371792,0.3204103,0.5476795
201.754172325,-0.43755,-0.6342857,0.3229981,0.5463805
201.786731720,-0.4396869,-0.6323189,0.3261699,0.5450588
201.819290638,-0.4420879,-0.6293182,0.3315732,0.5433268
201.854354382,-0.4437998,-0.6272452,0.3359705,0.5416241
201.886913776,-0.4466367,-0.6253842,0.3384909,0.5398722
201.919472694,-0.4499097,-0.6224231,0.3418439,0.5384619
201.954536438,-0.4529095,-0.6191153,0.3452488,0.5375874
201.987095833,-0.4548912,-0.6169893,0.3475409,0.5368811
202.019654751,-0.4564458,-0.6156241,0.3502751,0.5353497
202.052214146,-0.4586432,-0.6141493,0.353328,0.533155
202.087277412,-0.460844,-0.6125978,0.3568099,0.5307177
202.119836330,-0.461674,-0.6111416,0.3611854,0.5287116
202.152395248,-0.4615512,-0.6095296,0.3655365,0.5276884
202.187459469,-0.4603904,-0.6081216,0.3693551,0.5276676
202.220018387,-0.4587928,-0.6072181,0.3724169,0.5279476
202.252577782,-0.4583282,-0.6062576,0.3753743,0.5273601
202.287641525,-0.4588458,-0.604439,0.3788739,0.5264944
202.320200443,-0.4583646,-0.6038937,0.3808293,0.5261285
202.352759838,-0.4578478,-0.6039751,0.3818821,0.5257216
202.387823582,-0.4578792,-0.6036648,0.3831086,0.5251579
202.420382023,-0.4580626,-0.6034589,0.3834942,0.5249532
202.452940941,-0.4580216,-0.6038845,0.3825622,0.5251797
202.485500336,-0.4585567,-0.6039799,0.3813002,0.5255206
202.520564079,-0.4596746,-0.6032287,0.3808693,0.5257192
202.553122997,-0.4603001,-0.6027874,0.380715,0.52579
202.585682392,-0.4605363,-0.6026624,0.3806065,0.5258049
202.620746136,-0.4604576,-0.6030911,0.3802465,0.5256428
202.653305054,-0.4607552,-0.6032248,0.3806327,0.5249487
202.685864448,-0.4612505,-0.6026102,0.3819432,0.5242671
202.720928192,-0.4612803,-0.6024363,0.3827491,0.5238528
202.753487110,-0.4612365,-0.6027257,0.383281,0.5231692
202.786046505,-0.4611189,-0.6031234,0.3840482,0.5222511
202.821109772,-0.4606766,-0.6034378,0.3849197,0.5216361
202.853668690,-0.4602912,-0.6035508,0.3859018,0.5211198
202.886228085,-0.4596069,-0.6038634,0.3868051,0.5206918
202.918787003,-0.459407,-0.6037925,0.3877589,0.5202409
202.953850746,-0.4591998,-0.6034535,0.389657,0.5193983
202.986410141,-0.4587733,-0.6035616,0.3908557,0.5187483
203.018969059,-0.4585586,-0.603625,0.3917846,0.5181634
203.054032803,-0.4583375,-0.6035447,0.3930317,0.517508
203.086592197,-0.4581336,-0.6034774,0.3940544,0.5169887
203.119151115,-0.4582185,-0.6032721,0.3948265,0.5165637
203.154214859,-0.4582432,-0.6034023,0.3948708,0.5163562
203.186774254,-0.4582326,-0.6031568,0.3945785,0.5168755
203.219333172,-0.4585429,-0.6027166,0.3947751,0.5169636
203.254396439,-0.4589114,-0.602595,0.3950148,0.5165954
203.286955834,-0.4592969,-0.6025187,0.3951202,0.5162607
203.319514752,-0.4599114,-0.6019369,0.3957413,0.5159167
203.354578495,-0.4603036,-0.6012135,0.3970964,0.5153688
203.387137890,-0.4596676,-0.6014555,0.3984718,0.5145919
203.419696808,-0.458986,-0.6017022,0.4001651,0.5135971
203.452256203,-0.4581762,-0.6020638,0.4013894,0.5129406
203.487319946,-0.4577017,-0.6023668,0.4017666,0.5127131
203.519878864,-0.4577446,-0.6022577,0.401778,0.5127938
203.552438259,-0.4577003,-0.6023127,0.4013088,0.5131362
203.587501049,-0.4578488,-0.6019096,0.4013244,0.5134645
203.620060444,-0.4576869,-0.6017152,0.4014779,0.5137166
203.652619362,-0.4574672,-0.6016942,0.4016741,0.5137837
203.687683105,-0.4568413,-0.6020389,0.4018769,0.5137779
203.720242500,-0.4557326,-0.6027506,0.4022028,0.5136732
203.752801418,-0.4539811,-0.6038245,0.4024969,0.5137325
203.787865162,-0.4519712,-0.604982,0.4032511,0.5135514
203.820424557,-0.4503096,-0.6061707,0.4039718,0.5130426
203.852983475,-0.4483967,-0.6076665,0.4044295,0.5125879
203.885542870,-0.4457581,-0.6094186,0.4057563,0.5117598
203.920606613,-0.4417531,-0.6118114,0.4076046,0.5109084
203.953166008,-0.4374917,-0.6142281,0.4096328,0.5100524
203.985724926,-0.4326746,-0.6164144,0.4125161,0.5091997
204.020788193,-0.4263513,-0.6191002,0.41601,0.5084319
204.053347111,-0.419425,-0.6222016,0.4189242,0.5080138
204.085906506,-0.4120922,-0.6252599,0.4215736,0.5080685
204.120970249,-0.4036475,-0.6282721,0.4247079,0.5085211
204.153529167,-0.3950479,-0.6310689,0.4286469,0.5085064
204.186088562,-0.3832949,-0.633808,0.4347264,0.5089331
204.221152306,-0.3708708,-0.6342792,0.4396862,0.5132723
204.253711224,-0.3607943,-0.6348605,0.4451968,0.5149825
204.286270619,-0.3484897,-0.6370506,0.4499185,0.5166454
204.318829537,-0.3356598,-0.6412181,0.4474951,0.522061
204.353893280,-0.3197085,-0.6487786,0.4319153,0.5356768
204.386452675,-0.3082723,-0.6565287,0.4010754,0.5565109
204.419011116,-0.3041398,-0.6621225,0.3618045,0.5786346
204.454074860,-0.2935683,-0.6681566,0.316027,0.6034394
204.486634255,-0.2797551,-0.6751899,0.2675169,0.6252345
204.519193173,-0.2670781,-0.6803501,0.2211359,0.6430549
204.554256916,-0.2557552,-0.6839243,0.1798904,0.656585
204.586816311,-0.2462052,-0.6874961,0.1517301,0.6635795
204.619375229,-0.239154,-0.6912102,0.1362977,0.6656458
204.654438972,-0.2350136,-0.6942034,0.1375235,0.6637509
204.686998367,-0.2295408,-0.6986769,0.1480997,0.6586772
204.752116680,-0.1741984,-0.7053857,0.1402574,0.6701055
204.787179470,-0.1282278,-0.7170851,0.08344562,0.6775035
204.819738865,-0.1203384,-0.7176113,0.0688515,0.6800295
204.852297783,-0.1265098,-0.7167317,0.08745783,0.6776944
204.887361526,-0.140405,-0.7183584,0.126052,0.6670728
204.919920921,-0.152656,-0.7229136,0.1605823,0.6518688
204.952479839,-0.154815,-0.7313174,0.1799925,0.6367397
204.987544060,-0.1470582,-0.7431039,0.1859276,0.6230803
205.020102978,-0.1330301,-0.7552619,0.1858689,0.6115251
205.052661896,-0.1211798,-0.7653728,0.1889258,0.6003788
205.087726116,-0.1128957,-0.7741937,0.1970054,0.5879586
205.120285034,-0.1080854,-0.7796227,0.2077952,0.5778883
205.152844429,-0.09924839,-0.7862248,0.220076,0.5658574
205.187907219,-0.08316014,-0.793372,0.2287479,0.5549301
205.220466614,-0.06361029,-0.7995422,0.2310543,0.5476565
205.253025532,-0.0425062,-0.8038602,0.2304194,0.5436329
205.285584927,-0.0187322,-0.8079613,0.2275631,0.5400838
205.320648670,0.007308404,-0.8117054,0.2205895,0.5376326
205.353207588,0.02776342,-0.8128874,0.2100537,0.5393962
205.385766983,0.04464656,-0.8124307,0.1970054,0.5438564
205.420830727,0.05549088,-0.8101574,0.1810579,0.551735
205.453389645,0.05376405,-0.8066669,0.1654815,0.5618198
205.485949040,0.03815016,-0.8035984,0.1511384,0.5714535
205.521012306,0.03440126,-0.7944787,0.1650897,0.5805112
205.553571224,0.008357065,-0.7819147,0.1433879,0.6038269
205.586130619,-0.02846759,-0.7672433,0.1392238,0.6227131
205.621194363,-0.04781803,-0.7541793,0.1463185,0.6357245
205.653753281,-0.06212702,-0.7476658,0.1310811,0.6454312
205.686312675,-0.07096865,-0.7416966,0.1075073,0.6556825
205.718871593,-0.06909394,-0.7374175,0.08645332,0.6637734
205.753935337,-0.06784619,-0.7343224,0.07274853,0.6689564
205.786494732,-0.0732699,-0.7313792,0.06213452,0.6726685
205.819053650,-0.08035643,-0.7301285,0.05439123,0.6738876
205.854117393,-0.09234171,-0.7284303,0.04947085,0.6745685
205.886676788,-0.1028413,-0.7266728,0.04759799,0.6750796
205.919235706,-0.1124175,-0.7253762,0.04563772,0.6750827
205.954298973,-0.1232168,-0.7247552,0.04457916,0.6739347
205.986857891,-0.1308652,-0.7235997,0.043873,0.6737809
206.019417286,-0.1360267,-0.722362,0.04153351,0.6742347
206.054481030,-0.1378037,-0.720966,0.03659157,0.675653
206.087039948,-0.1385089,-0.7187126,0.03295491,0.6780924
206.119599342,-0.140974,-0.7161263,0.03044676,0.6804338
206.152158260,-0.1465993,-0.711814,0.02856774,0.6838428
206.187222481,-0.1549744,-0.702963,0.02748714,0.691157
206.219781399,-0.1566729,-0.6857374,0.0173021,0.7081993
206.252340794,-0.1616038,-0.6670085,-0.006442737,0.7249621
206.287404537,-0.1655467,-0.6501515,-0.0233438,0.7389047
206.319962978,-0.1542614,-0.645241,-0.02009866,0.7457152
206.352521896,-0.1156024,-0.6685379,-0.01150396,0.7322488
206.387585640,-0.06336519,-0.7093396,0.01778658,0.6993807
206.420145035,-0.01682619,-0.741737,0.05714935,0.6655108
206.452703953,0.01705826,-0.763392,0.08785545,0.6370642
206.487767696,0.06112996,-0.7820916,0.09057355,0.6107536
206.520327091,0.1131937,-0.7939025,0.0745673,0.5898927
206.552886009,0.1516384,-0.7945067,0.05766293,0.582295
206.585445404,0.1678363,-0.7910283,0.05774756,0.5825788
206.620509148,0.1667272,-0.7880469,0.06686158,0.5859534
206.653068066,0.1564069,-0.7904672,0.06978323,0.5851978
206.685627460,0.1361573,-0.7982262,0.06421445,0.5803449
206.720690727,0.08807375,-0.8129961,0.07690754,0.5674439
206.753249645,0.08874662,-0.7597682,0.1000685,0.6336325
206.785809040,0.05622756,-0.7514527,0.03623099,0.6538137
206.820872784,0.01958111,-0.7398335,0.01935838,0.6697134
206.853431702,0.006513621,-0.7323536,0.006477284,0.6783815
206.885991096,0.005944993,-0.729641,-0.006878344,0.6812994
206.921054840,-0.006898882,-0.7321671,-0.01749738,0.6783844
206.953613758,-0.02294064,-0.7370809,-0.01944244,0.6726331
206.986173153,-0.03337453,-0.7413163,-0.02280237,0.6674159
207.021236897,-0.04435577,-0.7446931,-0.02706626,0.6628422
207.053795338,-0.05204877,-0.7454742,-0.02885143,0.6613277
207.086354256,-0.05774433,-0.7459843,-0.03230282,0.6601191
207.118913651,-0.06230743,-0.7449805,-0.03619363,0.6606357
207.153977394,-0.06733764,-0.7430027,-0.04180581,0.6620369
207.186536312,-0.074325,-0.7414048,-0.04546583,0.6628389
207.219095707,-0.07964404,-0.7396831,-0.04986699,0.6638275
207.254159451,-0.08164552,-0.7371729,-0.05841748,0.6656765
207.286718845,-0.08323403,-0.7342397,-0.06356452,0.6682451
207.319279671,-0.08449799,-0.7330311,-0.06849827,0.6689255
207.354341507,-0.08533993,-0.7335011,-0.07250153,0.6678807
207.386900902,-0.08916859,-0.7348442,-0.07503444,0.6656203
207.419459820,-0.09575828,-0.7358152,-0.07631852,0.6634829
207.454523087,-0.1005624,-0.7370718,-0.07640713,0.6613637
207.487082005,-0.1007737,-0.7386824,-0.07671114,0.6594969
207.519641400,-0.1009752,-0.7402869,-0.07786305,0.6575291
207.552200318,-0.1025157,-0.7406176,-0.07826186,0.6568705
207.587264061,-0.1055172,-0.7399346,-0.07935896,0.6570334
207.619823456,-0.108404,-0.7387281,-0.08029762,0.6578065
207.652382374,-0.1114358,-0.7375095,-0.0814568,0.6585243
207.687446117,-0.1143452,-0.7367199,-0.08278757,0.6587435
207.720005512,-0.1173731,-0.7364755,-0.08291607,0.658468
207.752564430,-0.120286,-0.7363805,-0.08248305,0.6581028
207.787628174,-0.1229178,-0.7366427,-0.08197922,0.6573858
207.820187569,-0.1253632,-0.7369176,-0.08123101,0.6567083
207.852746010,-0.1274079,-0.736802,-0.08036882,0.6565505
207.887809753,-0.1293057,-0.7354575,-0.08043513,0.6576779
207.920369148,-0.1314791,-0.7341897,-0.08085117,0.6586118
207.952928066,-0.1335656,-0.73339,-0.0802426,0.6591572
207.985487461,-0.13524,-0.733165,-0.07921086,0.6591909
208.020551205,-0.1362136,-0.733208,-0.07761833,0.659132
208.053110123,-0.1357294,-0.7338099,-0.07665499,0.6586746
208.085669518,-0.134536,-0.734422,-0.07636832,0.6582703
208.120733261,-0.1328729,-0.7344657,-0.07607819,0.658593
208.153292179,-0.1318479,-0.734103,-0.07690266,0.6591074
208.185851574,-0.1326744,-0.7334102,-0.07815845,0.659565
208.220914364,-0.1346431,-0.7323937,-0.07941071,0.6601458
208.253473759,-0.1367299,-0.7319225,-0.0790208,0.6602861
208.286032677,-0.1380559,-0.7323013,-0.07743111,0.6597784
208.321096897,-0.1384246,-0.7334919,-0.07684449,0.6584458
208.353655815,-0.1382406,-0.7344031,-0.07460751,0.6577256
208.386214733,-0.1377561,-0.7359869,-0.07247939,0.6562935
208.418774128,-0.1365749,-0.7376615,-0.0710472,0.6548151
208.453837872,-0.1357014,-0.7384318,-0.06967676,0.6542755
208.486397267,-0.1365537,-0.7395387,-0.0705432,0.6527535
208.518956185,-0.1382214,-0.7402681,-0.06811165,0.6518332
208.554019928,-0.1373243,-0.7403203,-0.06597494,0.6521831
208.586579323,-0.1376809,-0.7404838,-0.06555687,0.6519646
208.619137764,-0.1386633,-0.7401038,-0.06428844,0.6523139
208.654201507,-0.1388686,-0.7391568,-0.06196961,0.6535673
208.719319820,-0.1421405,-0.7386576,-0.05982362,0.6536284
208.754383564,-0.1437486,-0.7389104,-0.05834226,0.6531245
208.786942482,-0.1449688,-0.7388636,-0.05664067,0.6530576
208.819501877,-0.1452613,-0.7385861,-0.0545027,0.6534883
208.854565620,-0.1445513,-0.7389045,-0.05188487,0.6534989
208.887124538,-0.1431391,-0.7391125,-0.04816095,0.6538595
208.919683933,-0.1411774,-0.740086,-0.04523137,0.6533939
208.952242851,-0.1390542,-0.7405986,-0.0416766,0.6535047
208.987306118,-0.1372902,-0.740622,-0.03801196,0.6540742
209.019865513,-0.1360733,-0.7401619,-0.03487132,0.6550237
209.052424431,-0.1332552,-0.7402198,-0.03138665,0.6557137
209.087488174,-0.1289697,-0.7408839,-0.02856919,0.6559491
209.120047569,-0.1270904,-0.739597,-0.02557307,0.657889
209.152606487,-0.125382,-0.7366091,-0.02049204,0.6617357
209.187670231,-0.1216448,-0.7332267,-0.01410246,0.6663407
209.220229626,-0.1171149,-0.7304795,-0.007611298,0.6702639
209.252788544,-0.1135189,-0.728361,-0.000645921,0.6732244
209.287852287,-0.1096366,-0.7259108,0.00748809,0.676465
209.320411682,-0.104305,-0.7235007,0.01545618,0.679747
209.352970600,-0.09794885,-0.720899,0.02431451,0.683189
209.385529041,-0.09003864,-0.7185768,0.03406575,0.6862997
209.420592785,-0.07888754,-0.715745,0.04559316,0.6899529
209.453152180,-0.06142214,-0.7134273,0.05798993,0.6931909
209.485711098,-0.03395465,-0.7137536,0.06577801,0.6940488
209.520775318,-0.01016901,-0.7138499,0.06885468,0.6944074
209.553334236,-0.006687623,-0.714668,0.08089969,0.6923062
209.585893154,-0.01683304,-0.71849,0.09529881,0.6863195
209.620957375,-0.03881263,-0.715742,0.1089682,0.6862656
209.653516292,-0.05907531,-0.7245806,0.1342786,0.6708874
209.686075687,-0.07070728,-0.7216284,0.1554976,0.6683571
209.721139431,-0.08960684,-0.7116697,0.1391182,0.6802726
209.753697872,-0.09724025,-0.7109942,0.1214638,0.683305
209.786256790,-0.1002889,-0.7087548,0.1027427,0.6882445
209.818816185,-0.09329329,-0.7092718,0.07619824,0.6921353
209.853879929,-0.06843013,-0.7170333,0.03012516,0.69058
209.886438847,-0.0456038,-0.7233953,-0.01880892,0.6862167
209.918998241,-0.03209388,-0.7230841,-0.04819206,0.6858749
209.954061985,0.001385281,-0.7035835,-0.02728854,0.7077085
209.986620903,0.03364929,-0.70052,-0.03988875,0.7093489
210.019180298,0.05472469,-0.6945052,-0.064922,0.7120959
210.054244041,0.04860403,-0.6953152,-0.05950809,0.7122226
210.086802959,0.04093042,-0.6977123,-0.05033026,0.7110674
210.119362354,0.03166448,-0.7016666,-0.04688917,0.7078775
210.154425621,0.02044095,-0.7079098,-0.04000377,0.7024765
210.186984539,0.0132316,-0.7128481,-0.0341813,0.6979482
210.219543934,0.01230143,-0.7167739,-0.03054749,0.6941026
210.252102852,0.01539208,-0.7187746,-0.02911635,0.6920304
210.287166596,0.0187742,-0.7188333,-0.02706755,0.6919692
210.319725990,0.02494707,-0.7175325,-0.02546498,0.6931841
210.352284908,0.03149087,-0.7168914,-0.02527427,0.6935878
210.387348652,0.03507478,-0.7166278,-0.02355217,0.6937488
210.419908047,0.03751937,-0.7171614,-0.019444,0.6931967
210.452466965,0.03968902,-0.7186072,-0.01746889,0.6916291
210.487530708,0.03904629,-0.7201821,-0.0146026,0.6900924
210.520089150,0.03954516,-0.7220014,-0.01256406,0.6882005
210.552648544,0.03963451,-0.7238194,-0.01278945,0.6862789
210.587712288,0.03782707,-0.725295,-0.01212652,0.6848334
210.620271206,0.03612811,-0.7262098,-0.01175005,0.6839617
210.652830601,0.03399065,-0.7266331,-0.01100273,0.6836342
210.685389519,0.03193678,-0.7267221,-0.01026648,0.68365
210.720453739,0.02992429,-0.7264227,-0.009117407,0.6840755
210.753012657,0.02883987,-0.7261228,-0.009076782,0.6844409
210.785572052,0.02640807,-0.725528,-0.007237193,0.6851913
210.820635796,0.02510648,-0.7250373,-0.004292464,0.6857841
210.853194714,0.0244129,-0.724873,-0.001755743,0.6859941
210.885754108,0.02467504,-0.7258557,0.0001681889,0.684947
210.920816898,0.02281924,-0.7277561,0.002454498,0.6829876
210.953376293,0.01867367,-0.730111,0.005920939,0.6805747
210.985935211,0.01355318,-0.732524,0.00987976,0.6780524
211.020998955,0.008031161,-0.7345302,0.0139982,0.6758939
211.053558350,0.004252221,-0.7363591,0.01589658,0.6738935
211.086117268,0.002972924,-0.7374478,0.01515909,0.6727256
211.121181011,0.001164502,-0.7372658,0.01562714,0.6729199
211.153740406,-0.0009157509,-0.7364498,0.01955611,0.6737108
211.186299324,0.001768636,-0.7359564,0.02110343,0.6742014
211.218858719,0.004091422,-0.7359596,0.02083826,0.6741961
211.253922463,0.006261905,-0.7359497,0.02240376,0.6741397
211.286480904,0.008015097,-0.735974,0.02342534,0.67406
211.319040299,0.007243517,-0.7359895,0.02541837,0.6739797
211.354104042,0.005599716,-0.7362176,0.02707397,0.6736816
211.386662960,0.004348098,-0.737279,0.02773128,0.6725025
211.419222355,0.001792701,-0.7382784,0.02877719,0.6713727
211.454286099,-0.001551187,-0.7387398,0.02938714,0.6708392
211.486845017,-0.004218976,-0.7390429,0.02908663,0.670507
211.519404411,-0.006676197,-0.739189,0.02939568,0.6703124
211.554468155,-0.006992727,-0.7392544,0.02902724,0.6702531
211.587027073,-0.00641607,-0.7391763,0.02728078,0.6704184
211.619586468,-0.006354502,-0.7391189,0.02639054,0.6705178
211.652145386,-0.005751721,-0.7389013,0.02614932,0.6707724
211.687208652,-0.004265556,-0.7385306,0.02450085,0.6712539
211.719767570,-0.004016688,-0.7379256,0.02253648,0.6719892
211.752326965,-0.005787626,-0.7369065,0.02336274,0.6730655
211.787390709,-0.006922057,-0.7357867,0.02355853,0.6742719
211.819950104,-0.006495471,-0.7349898,0.02318329,0.6751577
211.852509022,-0.005849026,-0.7345515,0.02353655,0.6756283
211.887572765,-0.006779022,-0.7342602,0.02391586,0.675923
211.920132160,-0.008355594,-0.7347758,0.02436844,0.6753285
211.952691078,-0.01163494,-0.7358866,0.02626738,0.6739981
211.987754822,-0.01722105,-0.7373267,0.02941228,0.6721721
212.020314217,-0.0232412,-0.738969,0.03305478,0.6700147
212.052872658,-0.02859808,-0.7409663,0.03739406,0.6673684
212.085431576,-0.03171837,-0.7424219,0.0419796,0.6653339
212.120495319,-0.03120382,-0.7438851,0.0440768,0.663586
212.153054714,-0.02897615,-0.745198,0.04381183,0.66223
212.185613632,-0.02647776,-0.7464609,0.04297868,0.6609657
212.220677376,-0.02514521,-0.7476621,0.04185349,0.659731
212.253236771,-0.0267711,-0.7479682,0.04142098,0.6593474
212.285795689,-0.0303245,-0.7470624,0.04121301,0.6602328
212.320859432,-0.03427163,-0.7453644,0.04058588,0.6619955
212.353418827,-0.03703978,-0.7435044,0.03886299,0.6640382
212.385977745,-0.03844297,-0.7412636,0.03734106,0.6665462
212.421041012,-0.0374549,-0.7387601,0.03474601,0.6695156
212.453600407,-0.036714,-0.736903,0.03217367,0.6717281
212.486159325,-0.03655218,-0.7355684,0.03033718,0.6732832
212.518718720,-0.03652836,-0.7348626,0.02886957,0.6741195
212.553782463,-0.03726859,-0.7344598,0.02772203,0.6745658
212.586341381,-0.03803563,-0.7337071,0.02668907,0.6753833
212.618900776,-0.03761863,-0.7320798,0.02509198,0.6772313
212.653964519,-0.03708382,-0.7296119,0.02291588,0.6799955
212.686523437,-0.0357352,-0.7272654,0.02132233,0.682628
212.719082832,-0.03545309,-0.726284,0.01975588,0.6837339
212.754146576,-0.03894038,-0.7264309,0.01893686,0.6834112
212.786705494,-0.04310684,-0.7273777,0.01852664,0.6821643
212.819263935,-0.04535686,-0.7284672,0.01604393,0.6809174
212.854328155,-0.04542822,-0.7290804,0.01076974,0.6803601
212.886887073,-0.04539081,-0.7285598,0.00604982,0.6809784
212.919445991,-0.04386796,-0.726926,0.002053963,0.6828453
212.954510212,-0.04023306,-0.7251195,-0.0042363,0.6849766
212.987069130,-0.03957729,-0.7244595,-0.01232417,0.6856151
213.019628525,-0.04424828,-0.7254308,-0.01926393,0.684141
213.052187443,-0.05326475,-0.727952,-0.02179545,0.6807358
213.087251186,-0.06320682,-0.730877,-0.02186399,0.6767372
213.119810581,-0.07052691,-0.7325008,-0.02201443,0.6742491
213.152369499,-0.07710612,-0.7340522,-0.02441444,0.6717543
213.187432766,-0.08506379,-0.737071,-0.02973835,0.6672585
213.219991684,-0.09201645,-0.7397503,-0.03522395,0.6630908
213.252551079,-0.09806947,-0.7421497,-0.04158667,0.6591619
213.287614822,-0.104586,-0.7438223,-0.04864341,0.6557832
213.320173740,-0.1117134,-0.7445189,-0.05492941,0.6533163
213.352733135,-0.1205438,-0.7442445,-0.06069409,0.6515468
213.387796879,-0.1299281,-0.7428311,-0.06689645,0.6507482
213.420355797,-0.1368891,-0.7421939,-0.07465516,0.6492023
213.452915192,-0.1442827,-0.742927,-0.08410837,0.6455969
213.485474110,-0.152973,-0.7438946,-0.09237472,0.6413382
213.520538330,-0.162939,-0.7448459,-0.100333,0.636566
213.553097248,-0.172819,-0.7450658,-0.1057673,0.6328124
213.585655689,-0.1810925,-0.7448872,-0.1105071,0.6298925
213.620719433,-0.1885904,-0.7462557,-0.1190022,0.6245016
213.653278828,-0.1984732,-0.7485559,-0.1258262,0.617307
213.685837746,-0.2101385,-0.7499215,-0.1282613,0.6112579
213.720901489,-0.2221693,-0.750587,-0.1262788,0.6065815
213.753460884,-0.2296275,-0.7527023,-0.1240965,0.601613
213.786019802,-0.2354219,-0.7589026,-0.1220319,0.5919285
213.821083546,-0.2363176,-0.7715831,-0.1140841,0.576564
213.853642940,-0.2350665,-0.7849833,-0.1023041,0.5609872
213.886201858,-0.2312468,-0.7922252,-0.0881873,0.5547565
213.918761253,-0.222691,-0.7965522,-0.08317992,0.552831
213.953824043,-0.208239,-0.8011962,-0.08061107,0.5521329
213.986383438,-0.195553,-0.8062537,-0.07660628,0.5499756
214.018942356,-0.1849754,-0.8102166,-0.07148154,0.548499
214.054006577,-0.1738701,-0.8145517,-0.06388671,0.5466452
214.086565495,-0.1647753,-0.8165658,-0.0595946,0.5469421
214.119124889,-0.1589488,-0.8175207,-0.05806743,0.547404
214.154188633,-0.1545295,-0.8143486,-0.06026617,0.5531298
214.186747551,-0.1480574,-0.8080306,-0.06844799,0.5631236
214.219306946,-0.1384327,-0.8037188,-0.07382655,0.5710077
214.254370689,-0.1257976,-0.7993064,-0.07747744,0.5795768
214.286929607,-0.116386,-0.7969189,-0.0797466,0.5845022
214.319489002,-0.109106,-0.7951662,-0.07877199,0.5884125
214.352047443,-0.1032871,-0.7942868,-0.07699139,0.5908808
214.387111187,-0.09831685,-0.7943213,-0.07595258,0.5918162
214.419670105,-0.09435062,-0.7939308,-0.07579544,0.5930047
214.452229500,-0.08931902,-0.7939858,-0.07812303,0.5934079
214.487293244,-0.0854969,-0.7941664,-0.08053216,0.5934073
214.519852162,-0.08249673,-0.7941369,-0.08162914,0.5937214
214.552411556,-0.07974333,-0.7937831,-0.08322485,0.5943491
214.587475300,-0.07467161,-0.7928297,-0.08447617,0.5961013
214.620034218,-0.06745965,-0.7917395,-0.0854887,0.5982618
214.652593613,-0.05813954,-0.7907284,-0.0866546,0.6004058
214.687656879,-0.04620143,-0.79022,-0.08810835,0.6018991
214.720215797,-0.03352547,-0.7901393,-0.08828046,0.6028185
214.752775192,-0.0165532,-0.7902696,-0.08863581,0.6033005
214.787838936,0.006283292,-0.7882665,-0.09019187,0.6058792
214.820397854,0.02848272,-0.7850672,-0.09216295,0.6090912
214.852957249,0.05146965,-0.779286,-0.09168688,0.615049
214.885516167,0.07901864,-0.7701725,-0.08800486,0.6240778
214.920579910,0.1216213,-0.7574207,-0.08498634,0.6331881
214.953139305,0.1727416,-0.7416355,-0.08457355,0.6400095
214.985698223,0.2271007,-0.7230862,-0.08746582,0.6438547
215.020761967,0.2761969,-0.7051559,-0.09958163,0.6427921
215.053321362,0.3017129,-0.6941593,-0.1109108,0.6414348
215.085880280,0.3091932,-0.6897889,-0.1173484,0.641442
215.120943546,0.3089366,-0.6869789,-0.1200307,0.6440796
215.153502941,0.3136838,-0.6822955,-0.119559,0.6468453
215.186061859,0.3210727,-0.6778937,-0.1172776,0.6482639
215.221125603,0.3218966,-0.6786381,-0.113868,0.6476842
215.253684998,0.3109112,-0.6843162,-0.1114845,0.6474909
215.286243916,0.2932996,-0.6912912,-0.1056536,0.6492741
215.318803310,0.2777042,-0.6964822,-0.1009042,0.6513363
215.353867054,0.2659871,-0.6995558,-0.09837712,0.6533163
215.386425972,0.2588817,-0.7005461,-0.09840121,0.6551034
215.418985367,0.2515349,-0.702127,-0.09985285,0.6560526
215.454049111,0.2405806,-0.7052566,-0.09872371,0.6569745
215.486607552,0.2295565,-0.7088355,-0.09565537,0.6575209
215.519166470,0.2193073,-0.7128065,-0.09284862,0.6571287
215.554230213,0.2050689,-0.718801,-0.08933407,0.655682
215.586789608,0.1903502,-0.724745,-0.08420753,0.654254
215.619348526,0.1788555,-0.729553,-0.08049659,0.6526186
215.654412270,0.1691309,-0.7335945,-0.07812898,0.6509664
215.686971664,0.162758,-0.7365849,-0.07582158,0.6494855
215.719530582,0.1576244,-0.7390611,-0.0731125,0.6482481
215.752089977,0.153871,-0.741477,-0.07022104,0.6467088
215.787153721,0.1502531,-0.7439985,-0.06727749,0.6449742
215.852272034,0.1455497,-0.747588,-0.0628121,0.6423471
215.887335300,0.1441716,-0.7486645,-0.06128021,0.6415516
215.919894218,0.1428037,-0.7493982,-0.05955659,0.6411631
215.952453613,0.1409807,-0.7504031,-0.05808163,0.6405262
215.987517357,0.1383075,-0.751928,-0.05527368,0.6395685
216.020076275,0.1365917,-0.7537366,-0.05278541,0.6380168
216.052635670,0.133681,-0.7561381,-0.05100983,0.6359326
216.087699413,0.1286688,-0.7593213,-0.04831609,0.6333789
216.120258331,0.123761,-0.7624999,-0.04503507,0.6307747
216.152817726,0.1201705,-0.7655496,-0.04172591,0.6279964
216.185376644,0.1176856,-0.7680919,-0.03914417,0.6255241
216.220440388,0.1155182,-0.7696071,-0.03697291,0.6241965
216.252998829,0.1130517,-0.7702134,-0.03571979,0.6239731
216.285558224,0.1091414,-0.7709005,-0.03457996,0.623885
216.320621967,0.1059434,-0.771694,-0.0327934,0.6235517
216.353181362,0.1058893,-0.771836,-0.03228341,0.6234117
216.385740280,0.1087911,-0.7710327,-0.03165857,0.623938
216.420804024,0.1147949,-0.7681429,-0.03298038,0.6263534
216.453363419,0.121574,-0.7631169,-0.0363846,0.631012
216.485922337,0.127875,-0.7562065,-0.04175129,0.6377178
216.520986080,0.1340996,-0.745171,-0.0476289,0.6489198
216.553545475,0.1406515,-0.7331015,-0.05183141,0.6608483
216.586104393,0.1472322,-0.7214261,-0.05390575,0.6720037
216.621167660,0.1537286,-0.7076554,-0.05534409,0.6849497
216.653726578,0.157374,-0.6963274,-0.05224352,0.6958878
216.686285973,0.157328,-0.6883977,-0.04429853,0.7042882
216.718844891,0.1555952,-0.6820458,-0.03226828,0.7114704
216.753908634,0.1495035,-0.6787159,-0.01678728,0.716477
216.786468029,0.1370477,-0.6805297,0.00742971,0.7174049
216.819026947,0.1163684,-0.6883853,0.04742578,0.7120129
216.854091167,0.08852018,-0.7004345,0.1056216,0.6978735
216.886650085,0.06491013,-0.7113099,0.1572884,0.6794947
216.919209003,0.05192166,-0.7195766,0.1944878,0.6620542
216.954273224,0.04906208,-0.7297029,0.2200212,0.6429191
216.986832142,0.04752904,-0.7417982,0.2400978,0.6216567
217.019390583,0.04202815,-0.7540866,0.2570604,0.6001121
217.054454327,0.02964517,-0.7640988,0.2722903,0.581171
217.087013721,0.01241942,-0.7714632,0.2862982,0.5651117
217.119572639,-0.007060224,-0.7766744,0.3018791,0.5497487
217.152132034,-0.02047062,-0.7810048,0.3160284,0.5351319
217.187195778,-0.02833829,-0.7836779,0.3257319,0.5249498
217.219754696,-0.03290102,-0.7848893,0.3305851,0.5198148
217.252314091,-0.0350759,-0.7866244,0.3346601,0.5144143
217.287377834,-0.03618623,-0.7892748,0.3370301,0.5086987
217.319936752,-0.03762266,-0.7916195,0.3353612,0.5060471
217.352496147,-0.03969769,-0.7952458,0.3310837,0.5030106
217.387559414,-0.04317241,-0.8008114,0.3258864,0.4972555
217.420118332,-0.04772579,-0.8076441,0.3237256,0.4870961
217.452677727,-0.05295977,-0.8148924,0.323376,0.4745539
217.487741470,-0.05954277,-0.8221015,0.3230956,0.4613468
217.520300388,-0.06505526,-0.8276367,0.3224512,0.4510412
217.552859783,-0.06805769,-0.8331053,0.3207505,0.4416452
217.585418701,-0.06906088,-0.8384801,0.3180798,0.4331682
217.620482445,-0.07012346,-0.8433779,0.3139056,0.4264825
217.653041840,-0.07277147,-0.8476335,0.3094343,0.4208323
217.685600758,-0.0774597,-0.8515072,0.3064784,0.4142875
217.720664501,-0.0839122,-0.8545688,0.3059819,0.4070303
217.753223896,-0.08927276,-0.8556936,0.3064178,0.4031807
217.785782337,-0.09127675,-0.8560217,0.3060414,0.4023206
217.820846081,-0.09091742,-0.8561188,0.3045855,0.4032988
217.853404999,-0.09287743,-0.8558851,0.3044087,0.4034818
217.885964394,-0.09743461,-0.8552014,0.3068253,0.4020235
217.921028137,-0.1023032,-0.8539015,0.3108345,0.4004947
217.953587055,-0.1038717,-0.8532692,0.3131929,0.3996001
217.986146450,-0.1037612,-0.8534219,0.3137455,0.3988684
218.018705368,-0.1027895,-0.854223,0.3134234,0.3976567
218.053769588,-0.1021316,-0.8556368,0.3117301,0.3961147
218.086328506,-0.102102,-0.8567598,0.3098234,0.3951896
218.118887424,-0.101145,-0.8578737,0.3071421,0.3951125
218.153950691,-0.09903997,-0.8586751,0.304105,0.3962527
218.186510086,-0.09751941,-0.8588353,0.3016081,0.3981858
218.219069004,-0.09797084,-0.8587894,0.3006259,0.3989162
218.254132748,-0.1001609,-0.858381,0.3017953,0.3983682
218.286692143,-0.1010809,-0.8578236,0.3041483,0.397546
218.319251061,-0.1015878,-0.8566702,0.3073238,0.3974617
218.354314804,-0.1026849,-0.8543217,0.312146,0.3984756
218.386874199,-0.1029692,-0.851635,0.3163145,0.4008592
218.419433117,-0.1013325,-0.8493437,0.3188958,0.4040795
218.454496861,-0.09967671,-0.8466926,0.3201183,0.4090576
218.487056255,-0.09972174,-0.8431846,0.3209709,0.4155726
218.519615173,-0.09784595,-0.8398554,0.3204379,0.423103
218.552173615,-0.09305491,-0.8383607,0.317502,0.4293161
218.587237835,-0.09004667,-0.8377196,0.3139029,0.433832
218.619796753,-0.09102248,-0.8379272,0.3123792,0.4343269
218.652356148,-0.0933662,-0.8390947,0.3125761,0.4314239
218.687419891,-0.09536033,-0.8414272,0.3133373,0.4258569
218.719978809,-0.09835012,-0.8438483,0.3157699,0.4185264
218.752538204,-0.1004584,-0.8456916,0.3206964,0.4104819
218.787601948,-0.09749354,-0.8469391,0.3260749,0.4043415
218.820160866,-0.09051362,-0.8478017,0.3290561,0.4017329
218.852720261,-0.0845518,-0.8481306,0.3307094,0.4009793
218.887783051,-0.08267259,-0.8479268,0.3333533,0.3996108
218.920342445,-0.08546174,-0.8465307,0.3368169,0.3990793
218.952901363,-0.08812212,-0.8445682,0.3398528,0.4000835
218.985460758,-0.08655075,-0.842781,0.3393501,0.4045965
219.020524502,-0.08255652,-0.8408921,0.335701,0.4123316
219.053083420,-0.08021688,-0.8393748,0.3317914,0.4189958
219.085642815,-0.08069228,-0.8379214,0.3296255,0.4234987
219.120706558,-0.08244462,-0.8362951,0.3292718,0.4266393
219.153265476,-0.08353811,-0.8348351,0.3295875,0.4290355
219.185824871,-0.08244473,-0.8334792,0.3297384,0.4317587
219.220888615,-0.07860452,-0.8327934,0.3295715,0.4339204
219.253448010,-0.07734238,-0.8320006,0.3318486,0.4339325
219.286006451,-0.07674434,-0.8313408,0.3349916,0.432887
219.321070194,-0.07568674,-0.8314049,0.3366038,0.4316977
219.353629112,-0.07538738,-0.8317615,0.3376758,0.4302236
219.386188507,-0.075635,-0.8322725,0.3384192,0.4286047
219.418747425,-0.07659047,-0.8330781,0.3388867,0.4264954
219.453811169,-0.0776561,-0.8335429,0.340175,0.4243636
219.486370564,-0.07518935,-0.8336956,0.3406705,0.4241104
219.518929482,-0.07025353,-0.833796,0.340061,0.4252469
219.553993225,-0.06575569,-0.8334781,0.3393953,0.4271173
219.586552620,-0.06152172,-0.833013,0.3379849,0.4297656
219.619111538,-0.05690371,-0.8329165,0.3354693,0.4325508
219.654174805,-0.05382449,-0.8326862,0.3333212,0.4350416
219.686734199,-0.05168429,-0.8323326,0.3320319,0.4369594
219.719293117,-0.04795435,-0.8324625,0.3290163,0.4394117
219.754356861,-0.0450277,-0.8331831,0.3257318,0.4408002
219.819475174,-0.04229687,-0.8343247,0.3263612,0.4384397
219.852034569,-0.04109262,-0.8342566,0.328566,0.4370347
219.887098312,-0.04214985,-0.8328038,0.3348541,0.4349271
219.919657230,-0.04416943,-0.8298072,0.3426552,0.434378
219.952216625,-0.04451625,-0.8253744,0.3495922,0.4372511
219.987280369,-0.04503051,-0.8178105,0.3545417,0.4473098
220.019839287,-0.047279,-0.8058316,0.3530865,0.4694227
220.052397728,-0.05206404,-0.7912615,0.3411883,0.5014107
220.087461472,-0.05870606,-0.7795546,0.3323824,0.5244024
220.120020866,-0.06292853,-0.7760698,0.3319761,0.5293157
220.152579784,-0.06722931,-0.7713938,0.3294818,0.537123
220.187643528,-0.06863316,-0.7671617,0.3206892,0.548214
220.220202923,-0.06969796,-0.7667716,0.3128357,0.5531412
220.252761841,-0.06861187,-0.7689275,0.3108982,0.5513738
220.287826061,-0.06446812,-0.774256,0.3104467,0.5446302
220.320384979,-0.06250441,-0.7805969,0.3120568,0.5347988
220.352944374,-0.06085169,-0.7874337,0.3168212,0.5220128
220.385503292,-0.05623919,-0.7949536,0.3204485,0.5087498
220.420566559,-0.04945334,-0.8029143,0.3222624,0.4956386
220.453125477,-0.04565338,-0.8089942,0.323608,0.4851283
220.485684872,-0.04373202,-0.8131099,0.3246474,0.4776732
220.520748615,-0.04231407,-0.8166571,0.3242019,0.4720186
220.553307533,-0.04469451,-0.818755,0.3225932,0.4692591
220.585866928,-0.04882025,-0.8196445,0.3230658,0.4669642
220.620930672,-0.04947521,-0.8205007,0.3230701,0.4653862
220.653489590,-0.04854164,-0.8210858,0.3226224,0.4647626
220.686048984,-0.04731473,-0.8217276,0.3223692,0.46393
220.721112728,-0.04592057,-0.8227579,0.3227279,0.4619902
220.753671646,-0.04446197,-0.8238289,0.3221112,0.460653
220.786230087,-0.04269867,-0.8255367,0.3205886,0.4588209
220.818789482,-0.04275329,-0.8270368,0.3200893,0.456457
220.853853226,-0.04149348,-0.8285794,0.3191709,0.4544141
220.886412621,-0.03872342,-0.8302012,0.3171923,0.453082
220.918971539,-0.03677302,-0.8316442,0.3151349,0.4520326
220.954035282,-0.03643756,-0.8326727,0.3139066,0.4510199
220.986594677,-0.03551316,-0.8334613,0.3119379,0.4510028
221.019153595,-0.03419918,-0.8341584,0.3087813,0.4519867
221.054217339,-0.03294521,-0.8347971,0.3055487,0.4530962
221.086776733,-0.03275408,-0.8351283,0.3039441,0.4535785
221.119335651,-0.03203111,-0.8353114,0.3025751,0.4542081
221.154398918,-0.02982572,-0.8354897,0.301191,0.4549495
221.186957836,-0.02754757,-0.8355087,0.3008146,0.4553073
221.219517231,-0.0254904,-0.8356076,0.3008587,0.4552162
221.252076149,-0.02426503,-0.8357471,0.3003227,0.4553811
221.287139893,-0.0248873,-0.8360414,0.2998607,0.4551118
221.319699287,-0.02575319,-0.8365059,0.2998944,0.4541869
221.352258205,-0.02552334,-0.8370783,0.2991813,0.4536154
221.387322426,-0.02491599,-0.8377748,0.2979398,0.4531802
221.419881344,-0.02385954,-0.8383515,0.2966225,0.4530348
221.452440262,-0.02216571,-0.8389478,0.2949632,0.4531001
221.487504482,-0.02019433,-0.8396982,0.2927025,0.4532681
221.520063400,-0.0185847,-0.8404174,0.290663,0.4533168
221.552621842,-0.01766986,-0.8409089,0.2894131,0.4532415
221.587685585,-0.01650218,-0.8413706,0.289878,0.4521299
221.620244980,-0.01521296,-0.8422654,0.2910587,0.4497444
221.652803898,-0.01640864,-0.8431149,0.2920482,0.4474635
221.685363293,-0.01664388,-0.8437867,0.2939286,0.4449501
221.720427036,-0.01532053,-0.8443211,0.2954011,0.4430048
221.752985954,-0.01461409,-0.8447971,0.2966574,0.4412783
221.785545349,-0.01458439,-0.8452988,0.297734,0.43959
221.820609093,-0.01583242,-0.8455483,0.2996003,0.4377956
221.853168011,-0.01709143,-0.8452931,0.30046,0.4376516
221.885727406,-0.01762991,-0.8448933,0.3002991,0.4385118
221.920790672,-0.01833824,-0.8443609,0.3002845,0.4395172
221.953349590,-0.01858096,-0.8439497,0.2999116,0.4405502
221.985908985,-0.01960737,-0.843495,0.2996282,0.4415682
222.020972729,-0.02045549,-0.8429276,0.2987751,0.4431883
222.053531647,-0.02031161,-0.8426328,0.2974308,0.4446571
222.086091042,-0.0201543,-0.8424246,0.2961787,0.4458929
222.121154785,-0.02000658,-0.8422233,0.295098,0.446995
222.153713703,-0.01946869,-0.8421298,0.2941034,0.4478496
222.186273098,-0.01983395,-0.8419566,0.2938626,0.4483172
222.218832016,-0.0202655,-0.8418452,0.2939545,0.4484465
222.253895760,-0.02028933,-0.8416424,0.2940548,0.4487606
222.286454201,-0.0198609,-0.841469,0.2939208,0.4491922
222.319013596,-0.01975562,-0.8412203,0.2940884,0.4495527
222.354077339,-0.0196497,-0.8409287,0.294207,0.4500252
222.386636257,-0.01939419,-0.8407723,0.2938322,0.4505729
222.419195652,-0.01932502,-0.840661,0.2932654,0.4511527
222.454259396,-0.01873858,-0.8406384,0.2925976,0.4516527
222.486818314,-0.01793197,-0.8406573,0.2920024,0.4520352
222.519377709,-0.01716379,-0.840726,0.2914969,0.4522638
222.554441452,-0.01665338,-0.8408338,0.290915,0.452457
222.587000847,-0.01600476,-0.840944,0.2901953,0.4527378
222.619559765,-0.01513221,-0.8410476,0.2891625,0.4532356
222.652119160,-0.01454403,-0.8411667,0.2878224,0.4538864
222.687181950,-0.01410872,-0.8412076,0.2864595,0.4546862
222.719741344,-0.01340129,-0.841171,0.2852509,0.4555342
222.752300262,-0.01236051,-0.8412454,0.2842176,0.4560717
222.787364006,-0.01168918,-0.8412843,0.2835866,0.4564104
222.819923401,-0.01111392,-0.8412929,0.2833686,0.4565443
222.852482319,-0.0106147,-0.8411912,0.282976,0.4569869
222.887546062,-0.01011642,-0.8410386,0.2825425,0.4575468
222.920105457,-0.009727327,-0.8409101,0.282155,0.4580306
222.952664375,-0.009458577,-0.840903,0.2816594,0.4583541
222.987728119,-0.0095527,-0.8410026,0.2813427,0.4583639
223.020287037,-0.009501156,-0.8411396,0.2812731,0.458156
223.052845955,-0.008942169,-0.841293,0.2810507,0.4580221
223.085404873,-0.008102522,-0.8415047,0.2806164,0.4579154
223.120469093,-0.007162817,-0.8417791,0.2801996,0.4576817
223.153028011,-0.006299865,-0.8419751,0.2800246,0.4574407
223.185587406,-0.005654566,-0.8421453,0.2798874,0.4572198
223.220651150,-0.00512926,-0.8423003,0.2798486,0.4569644
223.253210068,-0.004460147,-0.8424253,0.2795393,0.4569302
223.285769463,-0.003890498,-0.8425488,0.2791077,0.4569713
223.320833206,-0.003552805,-0.8426334,0.2787056,0.4570637
223.353392124,-0.003289477,-0.8426181,0.2783148,0.457332
223.385951519,-0.002842077,-0.8425702,0.2776062,0.4578536
223.421014309,-0.002539744,-0.8425198,0.2766765,0.4585104
223.453573704,-0.002121737,-0.8425197,0.2760184,0.458909
223.486132622,-0.001705727,-0.8425071,0.275532,0.4592263
223.518692017,-0.001400567,-0.8424972,0.2751626,0.4594668
223.553755760,-0.001119494,-0.8425018,0.274808,0.4596713
223.586314678,-0.001004346,-0.8425607,0.274615,0.459679
223.618874073,-0.001031098,-0.8426289,0.2743337,0.4597219
223.653937817,-0.0006009235,-0.8427363,0.273802,0.4598426
223.686497211,0.0001263793,-0.8428357,0.2730397,0.4601142
223.719056129,0.0007106623,-0.8429777,0.2721626,0.4603731
223.754119873,0.0007174074,-0.8432071,0.2714418,0.4603782
223.786678314,0.0005238109,-0.8434406,0.2709759,0.4602255
223.819237709,0.0003322783,-0.843644,0.2707214,0.4600025
223.854301453,-0.0001943791,-0.8437359,0.2707437,0.4598207
223.886860371,-0.0004793394,-0.8438324,0.2707165,0.4596597
223.919419765,-0.0006128107,-0.8439111,0.2706446,0.4595572
223.954483509,-0.0004718267,-0.8440123,0.2706177,0.4593876
223.987042427,-0.0004232665,-0.8441652,0.2706816,0.4590689
224.019601822,-0.0005449343,-0.8443755,0.2708782,0.4585656
224.052160740,-0.0007725694,-0.8446845,0.2709702,0.4579412
224.087224484,-0.0009982151,-0.8451089,0.2709595,0.4571634
224.119783878,-0.001086405,-0.845571,0.2708057,0.4563994
224.152342796,-0.001047194,-0.8460658,0.2704669,0.4556832
224.187406063,-0.0007925908,-0.8465335,0.2700093,0.4550858
224.219965458,-0.000432006,-0.8469251,0.2694416,0.4546938
224.252524376,-2.333187E-05,-0.8472806,0.2686246,0.4545152
224.287588120,-2.590998E-06,-0.847638,0.2679102,0.4542705
224.320147514,-0.0005316693,-0.8478332,0.2675934,0.4540924
224.352706432,-0.001438529,-0.8479073,0.2674311,0.454048
224.387770176,-0.002584391,-0.8478858,0.2674265,0.4540854
224.420329571,-0.003503695,-0.8478613,0.2675532,0.4540507
224.452888489,-0.004184465,-0.8478559,0.267761,0.4539322
224.485447884,-0.004439454,-0.8479159,0.2677756,0.4538091
224.520511627,-0.004461004,-0.8480794,0.2677713,0.4535061
224.553070068,-0.004598001,-0.8482876,0.2678209,0.4530855
224.585628986,-0.004828707,-0.8485061,0.267979,0.4525803
224.620693684,-0.005436981,-0.8486511,0.2681102,0.4522239
224.653252125,-0.005934837,-0.848705,0.2682183,0.4520521
224.685811043,-0.006111126,-0.8487142,0.2682718,0.4520007
224.720875263,-0.006407542,-0.8487509,0.2682708,0.4519285
224.753434181,-0.007022012,-0.8487404,0.2683346,0.4519011
224.785993099,-0.007372951,-0.8486688,0.2682697,0.4520687
224.821057320,-0.007502598,-0.8485983,0.2680997,0.4522996
224.853616238,-0.007854064,-0.8484658,0.2680013,0.4526002
224.886175632,-0.008292997,-0.8483429,0.268058,0.4527893
224.918734550,-0.00837093,-0.8482485,0.2682295,0.4528632
224.953797817,-0.00860646,-0.8480795,0.2683562,0.4531001
224.986356735,-0.008501207,-0.8479787,0.2684673,0.4532248
225.018916130,-0.008139765,-0.8478567,0.2682826,0.4535691
225.053979874,-0.007719952,-0.8477889,0.2680543,0.4538381
225.086538792,-0.007238111,-0.8476861,0.2678929,0.4541332
225.119098187,-0.006937199,-0.8475963,0.2677965,0.4543624
225.154161930,-0.006667866,-0.8475342,0.2677871,0.4544876
225.186720848,-0.006329504,-0.8474886,0.2677803,0.4545813
225.219280243,-0.006290698,-0.8474257,0.2676986,0.4547477
225.254343987,-0.006482753,-0.8474705,0.2677056,0.4546573
225.286902905,-0.006475457,-0.8475327,0.2679451,0.4544003
225.319462299,-0.00653889,-0.8474485,0.2680049,0.4545212
225.352020741,-0.006864141,-0.8472466,0.2680468,0.4548677
225.387084484,-0.006883545,-0.8471639,0.2683554,0.4548396
225.419643879,-0.006646438,-0.8472272,0.268303,0.4547562
225.452202797,-0.007054709,-0.8472683,0.2680728,0.4548093
225.487266541,-0.007160142,-0.8472471,0.2679586,0.4549145
225.519825935,-0.006254846,-0.8472378,0.2677495,0.4550679
225.552384853,-0.005162641,-0.8472961,0.2676706,0.4550195
225.587448597,-0.005143572,-0.8473318,0.2683099,0.4545768
225.620007992,-0.005732372,-0.8471892,0.269179,0.4543213
225.652566910,-0.005833349,-0.8471121,0.2696207,0.4542018
225.687630176,-0.005590218,-0.8470975,0.2694277,0.4543469
225.720189094,-0.005765051,-0.8470699,0.2688914,0.4547136
225.752748489,-0.006185078,-0.8469276,0.2687977,0.4550283
225.785307407,-0.005604524,-0.8466835,0.2685585,0.4556311
225.820371151,-0.004724348,-0.8464926,0.2677535,0.456469
225.852930546,-0.004573795,-0.8463967,0.2672267,0.4569566
225.885489464,-0.004655422,-0.8463778,0.2671508,0.457035
225.920553684,-0.004702693,-0.8464005,0.2674749,0.4568028
225.953112602,-0.00440531,-0.8463363,0.267726,0.4567778
225.985671520,-0.004164804,-0.846254,0.2678547,0.4568571
226.020735741,-0.004519525,-0.84625,0.2680682,0.4567358
226.053294659,-0.005389582,-0.8463057,0.2682498,0.4565168
226.085854054,-0.004810519,-0.8462391,0.2683462,0.4565897
226.120916843,-0.00332741,-0.8460896,0.26749,0.4573818
226.153476238,-0.002604093,-0.8458706,0.2670757,0.4580334
226.186035156,-0.002245777,-0.8457213,0.2669203,0.4584013
226.221098900,-0.002563813,-0.8457649,0.2670731,0.45823
226.253658295,-0.003071997,-0.8458062,0.2674677,0.4579203
226.286217213,-0.002994308,-0.8457707,0.267469,0.4579858
226.318776608,-0.002840724,-0.8457323,0.2676357,0.4579604
226.353840351,-0.002373037,-0.8456621,0.2677568,0.4580217
226.386399269,-0.001951215,-0.8456284,0.2675731,0.4581935
226.418958664,-0.001907666,-0.8456349,0.2675167,0.4582145
226.454022408,-0.001908911,-0.8456414,0.2676093,0.4581484
226.486580849,-0.001621702,-0.8455742,0.2677169,0.4582106
226.519140244,-0.001209851,-0.8454936,0.2676785,0.4583831
226.554203987,-0.001047178,-0.8454341,0.2677292,0.4584635
226.586762905,-0.0008799606,-0.8454009,0.2677584,0.4585081
226.619322300,-0.000850586,-0.8454481,0.2677641,0.4584177
226.654386043,-0.0009469884,-0.8454851,0.2678573,0.4582949
226.686944961,-0.0009548209,-0.8454514,0.2679447,0.4583059
226.719504356,-0.001029445,-0.8454676,0.2679704,0.4582609
226.752063274,-0.001305202,-0.8454407,0.2680462,0.4582653
226.787127018,-0.001417775,-0.845348,0.2680336,0.4584434
226.819686413,-0.001168471,-0.8452489,0.2678333,0.4587441
226.852245331,-0.0009244033,-0.8452149,0.2675687,0.4589614
226.887308598,-0.0007673524,-0.8451725,0.2675375,0.459058
226.919867516,-0.0008982308,-0.8451899,0.2673734,0.4591214
226.952426910,-0.001960601,-0.8454012,0.2678085,0.458475
226.987490654,-0.003636618,-0.8457444,0.2686598,0.457332
227.020049572,-0.004727864,-0.8457696,0.2693617,0.4568627
227.052608967,-0.004458353,-0.8455986,0.2694906,0.4571055
227.087672710,-0.003121972,-0.8454205,0.2692257,0.457602
227.120232105,-0.0006244261,-0.8452036,0.268629,0.4583629
227.152791023,0.002398463,-0.8449001,0.267319,0.4596805
227.185350418,0.003951116,-0.8446628,0.2660913,0.4608169
227.220414162,0.003736238,-0.8447142,0.2657205,0.4609385
227.252972603,0.001959067,-0.8449693,0.2664748,0.4600456
227.285531521,-0.0002154382,-0.8451967,0.2677227,0.458906
227.320595265,-0.001526681,-0.8452386,0.2685291,0.4583548
227.353154659,-0.001521855,-0.8451799,0.2687542,0.4583312
227.385713577,-0.001229244,-0.8451999,0.2685385,0.4584215
227.420777321,-0.00170532,-0.8453762,0.2684568,0.4581428
227.453336716,-0.002344862,-0.8455628,0.2686399,0.4576882
227.485895634,-0.0028623,-0.8456522,0.2689066,0.4573634
227.520959377,-0.003143934,-0.8456734,0.2692285,0.4571326
227.553518772,-0.003207848,-0.8456744,0.2692961,0.4570906
227.586077690,-0.003293426,-0.845677,0.2691374,0.4571786
227.618637085,-0.003378901,-0.8456836,0.2689022,0.4573039
227.653700352,-0.00347207,-0.845772,0.2687208,0.4572466
227.686259270,-0.003704534,-0.8459393,0.2686879,0.4569545
227.718818664,-0.00415907,-0.8461267,0.268795,0.4565404
227.753882408,-0.004532168,-0.8462473,0.2690271,0.4561766
227.786441326,-0.00447752,-0.8462941,0.2691874,0.4559958
227.819000721,-0.004503494,-0.8462712,0.2693674,0.4559317
227.854064465,-0.004425248,-0.8461689,0.2694897,0.4560499
227.886623383,-0.004254684,-0.8461067,0.2693431,0.4562534
227.919182777,-0.004282603,-0.8461109,0.2692752,0.4562855
227.954246521,-0.00421421,-0.8461536,0.2691259,0.4562954
227.986805439,-0.004253827,-0.8461946,0.2689995,0.4562933
228.019364834,-0.004443882,-0.8462085,0.2690981,0.4562073
228.054427624,-0.004575322,-0.8461916,0.2692391,0.4561546
228.086987019,-0.004586748,-0.8461663,0.2692956,0.4561678
228.119545937,-0.004679543,-0.8461729,0.2692374,0.4561892
228.152105331,-0.004806953,-0.8462225,0.2691148,0.4561679
228.187169075,-0.00470342,-0.8462644,0.2690216,0.4561466
228.219728470,-0.004536672,-0.846284,0.2688933,0.4561872
228.252287388,-0.004540129,-0.8463119,0.2688607,0.4561549
228.287351132,-0.004512522,-0.8462883,0.2689539,0.4561441
228.319910526,-0.004478701,-0.8462415,0.2689663,0.4562238
228.352469444,-0.004590343,-0.8462594,0.2689681,0.4561886
228.387533188,-0.004754558,-0.8462775,0.2689956,0.4561368
228.420092583,-0.004756965,-0.8462731,0.2690321,0.4561235
228.452651501,-0.004650629,-0.8463017,0.2690589,0.4560556
228.487714768,-0.004579103,-0.8462919,0.2691284,0.4560338
228.520273686,-0.00450169,-0.8462649,0.2691495,0.4560721
228.552833080,-0.004575018,-0.8462477,0.2692315,0.456055
228.585391998,-0.004731616,-0.8462364,0.2694297,0.4559571
228.620455742,-0.00507928,-0.846213,0.2696548,0.4558635
228.653015137,-0.005334127,-0.8462077,0.2698706,0.455743
228.685574055,-0.005549608,-0.8462712,0.269861,0.455628
228.720637798,-0.005937309,-0.8463992,0.2698968,0.4553644
228.753197193,-0.006033805,-0.8465198,0.2699225,0.4551235
228.785756111,-0.005976256,-0.8465679,0.2699389,0.455025
228.820820332,-0.006168566,-0.8465856,0.2701948,0.4548377
228.853379250,-0.006640275,-0.846495,0.2706704,0.4547166
228.885937691,-0.007550946,-0.846296,0.2716595,0.4544833
228.921001434,-0.009016132,-0.846028,0.2727922,0.4542768
228.953560829,-0.01144689,-0.8456417,0.2744093,0.4539673
228.986119747,-0.01391782,-0.8452905,0.27716,0.45288
229.018679142,-0.01481432,-0.8452763,0.279849,0.4512214
229.053742886,-0.01558948,-0.8447934,0.2834199,0.4498687
229.086301804,-0.01611504,-0.8439352,0.2870831,0.4491378
229.118861198,-0.01611184,-0.8428042,0.2911974,0.4486127
229.153924942,-0.01608952,-0.8416318,0.2954826,0.4480121
229.186483860,-0.01839639,-0.8399288,0.2999663,0.4481397
229.219043255,-0.02096054,-0.8373291,0.3054049,0.4492175
229.254106522,-0.02078518,-0.8341297,0.3086504,0.4529439
229.286665440,-0.01879777,-0.831244,0.3098586,0.4574883
229.319224358,-0.01654265,-0.8290161,0.3096533,0.461737
229.354288578,-0.0146527,-0.8270766,0.3085433,0.4660025
229.386847496,-0.01248799,-0.82594,0.3061044,0.4696753
229.419406891,-0.01192922,-0.8253677,0.3035313,0.4723583
229.454470635,-0.01016526,-0.8257306,0.3013646,0.473152
229.487029553,-0.006461194,-0.8273493,0.2975089,0.4728294
229.519588947,-0.002521839,-0.8303316,0.2945861,0.469457
229.552147865,0.001169236,-0.8343789,0.2930589,0.4632004
229.587211609,0.006492355,-0.8397202,0.2918827,0.4541585
229.619771004,0.01330374,-0.8454103,0.2900477,0.4445272
229.652329922,0.02190815,-0.8510727,0.2867985,0.435396
229.687393188,0.03408343,-0.8565663,0.2802724,0.4280277
229.719952106,0.04767715,-0.8610016,0.2702597,0.424253
229.752511501,0.05988574,-0.8648964,0.2613181,0.4203669
229.787575245,0.07110967,-0.8681824,0.2527469,0.4170725
229.820134163,0.07988347,-0.8701545,0.2426243,0.4173855
229.852693558,0.08515446,-0.8711867,0.2311699,0.4206789
229.887757301,0.08672804,-0.8713247,0.2182855,0.4269083
229.920316696,0.08251715,-0.8702047,0.2073816,0.4353794
229.952875614,0.07648627,-0.8673465,0.1974105,0.4466729
229.985434532,0.07154067,-0.8637339,0.1850325,0.4596046
230.020498753,0.06696736,-0.8589174,0.1704691,0.4747044
230.053057671,0.06556638,-0.8537498,0.1536667,0.4897209
230.085617065,0.06552713,-0.8481388,0.1330124,0.5052743
230.120679855,0.06603225,-0.8420427,0.1091433,0.5208831
230.153239250,0.06921661,-0.8372918,0.08459054,0.5325631
230.185798168,0.07417142,-0.8337751,0.05994113,0.5406962
230.220861912,0.07984189,-0.8320113,0.03410244,0.5448368
230.253421307,0.08413791,-0.8318465,0.01131202,0.5453916
230.285980225,0.09088102,-0.8321614,-0.01465467,0.5437472
230.321043968,0.104233,-0.83074,-0.05030135,0.5413908
230.353603363,0.123837,-0.8256677,-0.08978944,0.5399098
230.386162281,0.1453929,-0.8175194,-0.1276894,0.5393016
230.418721676,0.1694564,-0.806705,-0.1635884,0.5388674
230.453785420,0.1937652,-0.793199,-0.198578,0.5389663
230.486344338,0.2149959,-0.7803424,-0.2239646,0.5397314
230.518903732,0.2378864,-0.7663522,-0.2465649,0.5403219
230.553966999,0.260265,-0.7529367,-0.2683479,0.5384845
230.586525917,0.2692582,-0.7534094,-0.2672933,0.5339063
230.619085312,0.2525375,-0.7566521,-0.2556404,0.5431187
230.654149055,0.2546425,-0.7568748,-0.2558244,0.5417371
230.686707973,0.2529545,-0.7588558,-0.2627229,0.5364292
230.719267368,0.2406407,-0.7601416,-0.2652828,0.539008
230.754331112,0.2278317,-0.7559633,-0.2700667,0.5479999
230.786890030,0.2184168,-0.7562242,-0.2746668,0.5491858
230.819449425,0.2094172,-0.7606436,-0.2778797,0.5449554
230.852008343,0.2038499,-0.7636803,-0.2756218,0.5439649
230.887072086,0.2036985,-0.7673783,-0.2731784,0.5400358
230.919631481,0.2011474,-0.7724152,-0.2712091,0.5347782
230.952190399,0.1989727,-0.777239,-0.2668329,0.5307894
230.987253666,0.2011845,-0.7793676,-0.263705,0.5283923
231.019812584,0.2069317,-0.778901,-0.2636836,0.5268692
231.052371979,0.2119012,-0.7777961,-0.2648829,0.525924
231.087435722,0.2155094,-0.77583,-0.2651784,0.5272113
231.119995117,0.2180271,-0.7738436,-0.2650023,0.5291802
231.152554035,0.2184315,-0.7731858,-0.2645411,0.5302048
231.187617779,0.2185031,-0.7725973,-0.2642506,0.5311771
231.220177174,0.2215307,-0.7716016,-0.2644237,0.5312842
231.252736092,0.2269221,-0.7703799,-0.2650235,0.5304823
231.287799835,0.235451,-0.7688202,-0.2674849,0.5277857
231.320359230,0.2417482,-0.7678508,-0.2734067,0.5232967
231.352918148,0.2415853,-0.7692236,-0.2793688,0.5181817
231.385477543,0.2392023,-0.7715188,-0.285657,0.5124145
231.420540333,0.2354666,-0.7746366,-0.2949436,0.5041127
231.453099728,0.2285314,-0.7808697,-0.3024631,0.4931123
231.485658646,0.2208835,-0.7872367,-0.3100914,0.4816014
231.520722389,0.212161,-0.7950851,-0.319877,0.4659763
231.553281784,0.2022392,-0.8054245,-0.3291765,0.4457143
231.585840702,0.1861138,-0.8203794,-0.3351464,0.4202899
231.620904923,0.1653886,-0.8370658,-0.3388033,0.3921828
231.653463840,0.1501377,-0.8514885,-0.3439043,0.36164
231.686022758,0.1383221,-0.8657039,-0.3429039,0.3323675
231.721086979,0.1235765,-0.8792273,-0.3357699,0.3091513
231.753645897,0.109128,-0.8889174,-0.3268681,0.2961451
231.786205292,0.09889541,-0.8945237,-0.3191704,0.2912134
231.818764210,0.09093995,-0.8962379,-0.3125391,0.295693
231.853827476,0.0779011,-0.8981074,-0.299744,0.3067829
231.886386394,0.06265814,-0.8997775,-0.2827485,0.3211779
231.918945789,0.04757756,-0.9004619,-0.2649134,0.3366798
231.954009533,0.04113269,-0.8964561,-0.2533862,0.3565075
231.986568451,0.04580884,-0.8924608,-0.2509465,0.3675171
232.019127846,0.05163339,-0.8929283,-0.2565561,0.36169
232.054191589,0.05624693,-0.8946429,-0.2601773,0.3540986
232.086750507,0.04620326,-0.8959808,-0.260179,0.3521622
232.119309902,0.02970392,-0.8960866,-0.2596886,0.3540284
232.154373646,0.01123692,-0.894201,-0.2585474,0.3606372
232.186932564,-0.003944641,-0.8917576,-0.2578173,0.367302
232.219491959,-0.01144621,-0.8895664,-0.2576537,0.3725356
232.252050877,-0.0125282,-0.8879281,-0.2597346,0.3749564
232.287114143,-0.01385282,-0.887288,-0.2630112,0.37414
232.319673538,-0.01827093,-0.8872996,-0.2635858,0.373518
232.352232456,-0.02343603,-0.8873771,-0.2634351,0.3731519
232.387296200,-0.02641303,-0.8869826,-0.2654242,0.3724809
232.419855595,-0.0287345,-0.8865756,-0.2690272,0.3706887
232.452414513,-0.03396419,-0.8857056,-0.2719012,0.3702291
232.487478256,-0.04199611,-0.8841215,-0.2738325,0.3717647
232.520037651,-0.04876647,-0.8828028,-0.2757335,0.3726656
232.552596569,-0.05388559,-0.8816751,-0.2771811,0.3735554
232.587660313,-0.05495534,-0.8808337,-0.2783557,0.3745099
232.620219708,-0.05037961,-0.8802001,-0.2805842,0.3749799
232.652778625,-0.04453882,-0.8800414,-0.2840835,0.3734536
232.685338020,-0.03983286,-0.8797814,-0.2867292,0.3725749
232.720400810,-0.03566327,-0.8794745,-0.2886489,0.3722394
232.752960205,-0.03138789,-0.87905,-0.290054,0.3725348
232.785519123,-0.0270567,-0.8787268,-0.2918465,0.3722373
232.820583343,-0.02455112,-0.8782422,-0.2938026,0.3720156
232.853142261,-0.02407795,-0.8777995,-0.2952257,0.3719647
232.885701179,-0.0251089,-0.8774244,-0.2961324,0.372061
232.920765400,-0.02800635,-0.8772002,-0.2962022,0.3723271
232.953324318,-0.03117918,-0.8773901,-0.2957395,0.371995
232.985883713,-0.03356652,-0.8780684,-0.295191,0.3706199
233.020947456,-0.03558687,-0.8789594,-0.2948322,0.3685997
233.053506374,-0.03795986,-0.879467,-0.2951526,0.3668919
233.086065769,-0.0393469,-0.8799189,-0.2973022,0.3639145
233.118624687,-0.03914564,-0.8809742,-0.300565,0.3586647
233.153687954,-0.03950467,-0.8831221,-0.3032015,0.3510429
233.186246872,-0.03822966,-0.8852793,-0.3061422,0.3431088
233.218806267,-0.03113842,-0.8890432,-0.3125055,0.3280255
233.253870010,-0.0209391,-0.8942961,-0.3219204,0.3046163
233.286428928,-0.01423219,-0.8991625,-0.3295424,0.2816626
233.318988323,-0.01173757,-0.9034217,-0.3349341,0.2610333
233.354052067,-0.006603887,-0.9076013,-0.3411272,0.2376468
233.386610985,0.005888391,-0.9102619,-0.3518223,0.2103265
233.419170380,0.01913165,-0.9113994,-0.3662331,0.1774425
233.454234123,0.01795197,-0.9119823,-0.37957,0.1432491
233.486793518,0.004009268,-0.9112414,-0.3914473,0.1141037
233.519352436,-0.01675567,-0.908968,-0.4030485,0.08761208
233.554416180,-0.03822411,-0.9028876,-0.4194687,0.06329744
233.586975575,-0.0524768,-0.8940086,-0.4388434,0.0451533
233.619534493,-0.05805519,-0.8831105,-0.4610129,0.02898646
233.652093887,-0.05619701,-0.8706808,-0.4848548,0.01732836
233.687156677,-0.05192275,-0.8565692,-0.5099546,0.0129289
233.719716072,-0.04486982,-0.8433945,-0.5321565,0.01046061
233.752274990,-0.03244539,-0.830777,-0.5525973,0.00454597
233.787338734,-0.01085215,-0.8186659,-0.5712131,-0.003408534
233.819898128,0.01536295,-0.8098263,-0.583571,-0.00423755
233.852457046,0.05640985,-0.8012279,-0.592849,-0.003073143
233.887520790,0.1222643,-0.7881798,-0.600318,-0.008373498
233.920080185,0.1628338,-0.7825975,-0.5975717,0.02370595
233.952639103,0.171915,-0.79403,-0.5787966,0.0397959
233.987702847,0.1979257,-0.7951589,-0.5698307,0.02164472
234.020262241,0.2349451,-0.7932454,-0.5587397,-0.0003560063
234.052821159,0.2755718,-0.7887266,-0.5461082,-0.0190793
234.085380554,0.3215177,-0.780734,-0.5313829,-0.03661555
234.120443821,0.3613264,-0.7718573,-0.5176353,-0.04858751
234.153002739,0.3815679,-0.7705609,-0.5051666,-0.04556628
234.185562134,0.3951006,-0.77083,-0.494736,-0.03975929
234.220625877,0.4126523,-0.7665488,-0.4872479,-0.03658073
234.253184795,0.4308911,-0.7623187,-0.4782085,-0.03387414
234.285744190,0.4444758,-0.7598385,-0.4699424,-0.02947159
234.320807934,0.4489469,-0.7633427,-0.4604264,-0.0197402
234.353366852,0.4473929,-0.7702845,-0.450606,-0.009128253
234.385926247,0.4471234,-0.7750357,-0.4427444,-0.002330004
234.420989990,0.4495698,-0.776995,-0.4367985,0.0006690903
234.453548908,0.4542277,-0.7760946,-0.4335681,0.0008867652
234.486108303,0.4567892,-0.7759815,-0.4310717,0.001090006
234.518667221,0.4530642,-0.7790082,-0.4295388,0.001792651
234.553730965,0.4419312,-0.7855348,-0.4292386,0.003715831
234.586290360,0.4252053,-0.7947798,-0.4290569,0.007967015
234.618849278,0.4020489,-0.806534,-0.4292938,0.01392845
234.653912544,0.3733014,-0.8189598,-0.4314384,0.02095845
234.686471939,0.3426938,-0.8298698,-0.4356601,0.02655218
234.719030857,0.3066892,-0.8417925,-0.4392204,0.03225386
234.754094601,0.2623216,-0.8549445,-0.4420614,0.03829528
234.786653995,0.2232925,-0.8648701,-0.4438086,0.04244636
234.819212913,0.1911799,-0.8722488,-0.4438978,0.04706106
234.854276657,0.1643114,-0.8782329,-0.4423656,0.0514707
234.886836052,0.1475074,-0.880023,-0.4446472,0.05212834
234.919394970,0.1374939,-0.8801103,-0.4477127,0.05179243
234.951954365,0.1299625,-0.8800324,-0.4500499,0.05230127
234.987018108,0.1230804,-0.880212,-0.4514494,0.05384349
235.019577026,0.1192518,-0.880387,-0.4518813,0.05593402
235.052136421,0.1186686,-0.8801599,-0.4523295,0.05711406
235.087199211,0.1189705,-0.8794748,-0.4535275,0.05753873
235.119758606,0.1265213,-0.8786972,-0.4531761,0.0560594
235.152317524,0.1386111,-0.8775335,-0.4523245,0.05246245
235.187381744,0.1610879,-0.8759625,-0.4489495,0.04257394
235.219940662,0.1860899,-0.8721613,-0.4479232,0.02641257
235.252499580,0.2167849,-0.8645917,-0.4495007,0.007893875
235.287563801,0.2546245,-0.8519576,-0.4532444,-0.02306118
235.320122719,0.2785544,-0.8404862,-0.4571847,-0.05999995
235.352682114,0.2716007,-0.8347975,-0.4654419,-0.09663106
235.385241032,0.2454824,-0.8357019,-0.4715026,-0.1251138
235.420304775,0.2066788,-0.8434907,-0.4705445,-0.1449919
235.452864170,0.167698,-0.8509771,-0.4692229,-0.1554763
235.485423088,0.141932,-0.8557435,-0.4689229,-0.1558754
235.520486832,0.1927172,-0.8440006,-0.4704272,-0.1607763
235.553046227,0.2059843,-0.8397375,-0.4756624,-0.1509449
235.585605145,0.1992479,-0.8423256,-0.4762157,-0.1436463
235.620668411,0.1855113,-0.8455199,-0.4752825,-0.1463409
235.653227329,0.1764256,-0.846732,-0.4761858,-0.1476269
235.685786724,0.1703214,-0.848128,-0.4766271,-0.1453405
235.720850468,0.1653327,-0.8492889,-0.476735,-0.1439617
235.753409386,0.1614718,-0.8499213,-0.4768947,-0.144082
235.785968780,0.1566259,-0.8509952,-0.4766111,-0.1440312
235.821032524,0.1500178,-0.8526577,-0.4761409,-0.1427832
235.853591442,0.1421208,-0.8545614,-0.475834,-0.1404853
235.886150837,0.1345982,-0.8562534,-0.4757286,-0.1379254
235.918709755,0.1293442,-0.8572937,-0.4759008,-0.1358805
235.953773975,0.1267629,-0.8577535,-0.4761854,-0.1344073
235.986332893,0.1254541,-0.8580046,-0.4763009,-0.1336209
236.018892288,0.1238723,-0.8583407,-0.476259,-0.1330863
236.053956032,0.122334,-0.8586674,-0.4761912,-0.1326436
236.086514950,0.1216001,-0.8587649,-0.4761662,-0.1327769
236.119074345,0.1213722,-0.8587038,-0.4761345,-0.1334921
236.154137135,0.1215033,-0.8585988,-0.4760314,-0.1344126
236.186696529,0.121821,-0.8585321,-0.4759591,-0.1348072
236.219255447,0.1219943,-0.8585371,-0.475903,-0.1348158
236.254319191,0.1214826,-0.8586565,-0.4758374,-0.1347494
236.286878586,0.1205155,-0.8588462,-0.4758103,-0.1345042
236.319437504,0.1193696,-0.859054,-0.4758368,-0.1341049
236.351996899,0.1180852,-0.8593009,-0.4758364,-0.1336609
236.387060642,0.1165384,-0.8596256,-0.4757599,-0.1332018
236.419619560,0.1150273,-0.8599492,-0.4756548,-0.1328025
236.452178955,0.1134057,-0.8602719,-0.4755664,-0.1324223
236.487242699,0.1114885,-0.8606321,-0.4754726,-0.1320459
236.519801617,0.109625,-0.8609746,-0.4754057,-0.1316137
236.552361012,0.1077932,-0.8613065,-0.4753641,-0.1311043
236.587424755,0.1057783,-0.8617153,-0.4752816,-0.1303568
236.619984150,0.1038214,-0.8621128,-0.4751975,-0.1296059
236.652543068,0.1018112,-0.8625144,-0.4750974,-0.1288937
236.687606335,0.09966628,-0.8629355,-0.4749774,-0.1281912
236.720165253,0.09799145,-0.8632482,-0.4748984,-0.1276689
236.752724647,0.09698579,-0.8634347,-0.4748229,-0.1274559
236.785283565,0.09670146,-0.8634782,-0.474777,-0.1275483
236.820347309,0.09687763,-0.8634323,-0.474762,-0.1277823
236.852906704,0.09719961,-0.8633591,-0.4747555,-0.1280556
236.885465622,0.09751801,-0.863283,-0.4747602,-0.1283083
236.920529366,0.09771624,-0.8632364,-0.4747531,-0.1284975
236.953088760,0.09777288,-0.8632177,-0.4747452,-0.1286094
236.985647678,0.09763985,-0.8632325,-0.47473,-0.1286679
237.020711422,0.0972901,-0.8632904,-0.4746964,-0.128668
237.053270817,0.09685501,-0.8633589,-0.4746557,-0.1286869
237.085829735,0.09645543,-0.8634221,-0.4746366,-0.128633
237.120893955,0.09617782,-0.8634681,-0.4746206,-0.1285916
237.153452873,0.09608147,-0.8634771,-0.4746168,-0.1286174
237.186011791,0.09603274,-0.8634598,-0.4746247,-0.1287402
237.218571186,0.0959859,-0.863447,-0.4746264,-0.128855
237.253634453,0.09594051,-0.8634506,-0.4746143,-0.128909
237.286193371,0.09578961,-0.863475,-0.4746053,-0.1288909
237.318752766,0.09555695,-0.8635163,-0.4745722,-0.1289083
237.353816509,0.09540498,-0.8635448,-0.4745348,-0.1289681
237.386375427,0.0954442,-0.8635401,-0.4744952,-0.1291159
237.418934822,0.09576541,-0.8634755,-0.474482,-0.1293592
237.453998566,0.09647612,-0.8633437,-0.4744746,-0.1297369
237.486557484,0.09730664,-0.863183,-0.4744715,-0.1301962
237.519116879,0.09812867,-0.8630249,-0.4744744,-0.1306159
237.554180622,0.09882952,-0.8628852,-0.4744951,-0.130935
237.586739540,0.09920488,-0.8628014,-0.4744824,-0.1312497
237.619298935,0.09931493,-0.8627868,-0.4744589,-0.131346
237.654362678,0.09915209,-0.8628093,-0.4744603,-0.1313163
237.686921596,0.09882913,-0.8628513,-0.4744537,-0.1313086
237.719480991,0.09850729,-0.8628985,-0.4744284,-0.1313315
237.752039909,0.09829572,-0.8629291,-0.4744259,-0.1312974
237.787104130,0.09823351,-0.8629346,-0.4744269,-0.1313044
237.819663048,0.09820533,-0.8629302,-0.4744127,-0.131405
237.852221489,0.09817766,-0.8629349,-0.4743922,-0.1314702
237.887285233,0.09819315,-0.8629286,-0.4743809,-0.1315401
237.919844627,0.0981725,-0.8629256,-0.4743648,-0.1316329
237.952403545,0.09817795,-0.8629274,-0.4743344,-0.1317272
237.987467289,0.0982004,-0.8629181,-0.4743179,-0.1318302
238.020026684,0.09820347,-0.8629128,-0.4742978,-0.1319349
238.052585602,0.09816521,-0.8629072,-0.4742889,-0.1320314
238.087649345,0.09810148,-0.8629065,-0.4742611,-0.1321838
238.120208740,0.09794675,-0.8629322,-0.4742398,-0.1322069
238.152767658,0.09786308,-0.8629639,-0.4742179,-0.1321409
238.185327053,0.09786955,-0.8629526,-0.4742249,-0.1321842
238.220390797,0.09791873,-0.862931,-0.4742041,-0.1323634
238.252949715,0.09801317,-0.8629037,-0.4742089,-0.1324552
238.285509110,0.09809256,-0.8628832,-0.474214,-0.132512
238.320572853,0.0980709,-0.862882,-0.4741967,-0.1325967
238.353131771,0.09791301,-0.8629051,-0.4741871,-0.1325978
238.385691166,0.09775107,-0.8629441,-0.4741624,-0.1325518
238.420754433,0.09755127,-0.8629715,-0.4741417,-0.1325951
238.453313351,0.0974327,-0.8629856,-0.4741232,-0.1326559
238.485872746,0.09749361,-0.8629678,-0.4741223,-0.1327297
238.520936489,0.09759685,-0.8629478,-0.4741091,-0.1328323
238.553495407,0.09763461,-0.8629372,-0.4741097,-0.1328705
238.586054802,0.0976532,-0.8629348,-0.4741161,-0.1328494
238.618613720,0.0974953,-0.8629586,-0.4740775,-0.1329482
238.653677463,0.09730494,-0.8629879,-0.4740735,-0.1329125
238.686236858,0.0973426,-0.8629753,-0.4740783,-0.1329494
238.718795776,0.09745085,-0.8629431,-0.4740724,-0.1330995
238.753859520,0.09748536,-0.8629037,-0.4740933,-0.1332564
238.786418915,0.09744193,-0.8629068,-0.4741109,-0.1332051
238.818977833,0.09726861,-0.8629337,-0.4741116,-0.133154
238.854041576,0.0970461,-0.8629707,-0.4740984,-0.1331248
238.886600971,0.0969348,-0.8629897,-0.4740851,-0.1331293
238.919159889,0.09698489,-0.8629774,-0.4740807,-0.1331879
238.954223633,0.09722269,-0.8629281,-0.4740726,-0.1333635
238.986783028,0.09751771,-0.8628728,-0.4740604,-0.1335484
239.019341469,0.09772386,-0.8628315,-0.4740594,-0.1336683
239.051900387,0.09772164,-0.862833,-0.4740487,-0.1336988
239.086964607,0.09751415,-0.862866,-0.4740572,-0.133606
239.119523525,0.0972598,-0.8629028,-0.474049,-0.1335831
239.152082920,0.09703679,-0.8629425,-0.4740306,-0.1335541
239.187146664,0.09699772,-0.8629483,-0.4740342,-0.1335328
239.219705582,0.09708443,-0.8629256,-0.4740391,-0.1335988
239.252264977,0.09718986,-0.862895,-0.4740257,-0.1337682
239.287328720,0.09724216,-0.8628712,-0.4740374,-0.1338417
239.319887638,0.09727769,-0.8628638,-0.4740487,-0.1338235
239.352447033,0.09713861,-0.8628764,-0.4740575,-0.1338122
239.387510777,0.09694014,-0.862903,-0.4740528,-0.1338014
239.420069695,0.09682913,-0.8629238,-0.4740423,-0.1337846
239.452629089,0.09684218,-0.8629202,-0.4740296,-0.1338428
239.487692833,0.09694934,-0.8628962,-0.4740161,-0.1339684
239.520251751,0.09706917,-0.8628673,-0.474015,-0.1340711
239.552811146,0.09710915,-0.8628557,-0.4740149,-0.1341179
239.585370064,0.09705929,-0.862864,-0.4740117,-0.1341109
239.620433331,0.09697167,-0.8628794,-0.4740042,-0.1341019
239.652992725,0.09688036,-0.8628833,-0.4740095,-0.134124
239.685551643,0.09677695,-0.8628912,-0.4740058,-0.1341617
239.720615387,0.09676503,-0.8628981,-0.4739878,-0.1341891
239.753174782,0.09681953,-0.8628939,-0.4739758,-0.1342193
239.785733700,0.09683543,-0.8628795,-0.4739721,-0.1343142
239.820797443,0.0967641,-0.8628757,-0.473979,-0.1343642
239.853356838,0.09667777,-0.8628967,-0.4739752,-0.1343058
239.885915756,0.0965808,-0.8629131,-0.4739797,-0.1342537
239.920979500,0.09644874,-0.8629328,-0.4739797,-0.1342217
239.953538895,0.09632963,-0.8629552,-0.4739712,-0.1341936
239.986097813,0.09624864,-0.8629729,-0.4739564,-0.1341902
240.018657207,0.0962391,-0.8629791,-0.4739327,-0.134241
240.053720951,0.09633376,-0.8629605,-0.4739206,-0.1343356
240.086279869,0.09643447,-0.8629357,-0.4739179,-0.1344315
240.118839264,0.09648228,-0.8629273,-0.4739049,-0.1344971
240.153902054,0.09644638,-0.8629363,-0.4739004,-0.1344818
240.186461449,0.09640225,-0.862936,-0.4739253,-0.1344264
240.219020367,0.09631789,-0.8629576,-0.4739082,-0.1344087
240.254084587,0.0962753,-0.8629653,-0.4739177,-0.1343558
240.286643505,0.09630936,-0.8629635,-0.47391,-0.1343704
240.319202900,0.09635883,-0.862948,-0.4738936,-0.134493
240.354266644,0.09639582,-0.862941,-0.4738658,-0.1346092
240.386825562,0.09641129,-0.8629313,-0.4738837,-0.1345974
240.419384956,0.09639712,-0.862932,-0.4738939,-0.1345673
240.451943874,0.096332,-0.8629394,-0.4739017,-0.1345384
240.487007618,0.09623023,-0.8629649,-0.4738992,-0.1344563
240.519567013,0.096164,-0.8629714,-0.4739117,-0.1344174
240.552125931,0.09615568,-0.8629678,-0.4739032,-0.1344763
240.587189675,0.09623676,-0.8629532,-0.473893,-0.1345486
240.619749069,0.09635885,-0.8629295,-0.4738916,-0.1346182
240.652307987,0.09641923,-0.8629199,-0.4738831,-0.1346668
240.687371254,0.09635732,-0.862931,-0.47387,-0.1346853
240.719930172,0.09620751,-0.8629513,-0.4738797,-0.1346285
240.752489567,0.09607457,-0.8629716,-0.4738829,-0.1345827
240.787553310,0.09590748,-0.8629999,-0.4738684,-0.1345711
240.820112228,0.09590974,-0.8630065,-0.4738744,-0.134506
240.852671623,0.09594348,-0.8629906,-0.4738895,-0.134531
240.885230541,0.0959489,-0.8629746,-0.4738914,-0.1346219
240.920294762,0.095935,-0.8629698,-0.4738933,-0.1346577
240.952853680,0.09589946,-0.8629786,-0.4739012,-0.1345985
240.985413074,0.09584358,-0.8629872,-0.4738947,-0.1346058
241.020476818,0.09573453,-0.8630038,-0.4738897,-0.1345941
241.053035736,0.09573262,-0.8630122,-0.4738818,-0.1345693
241.085595131,0.09575921,-0.8630149,-0.4738685,-0.13458
241.120658875,0.09582019,-0.8629997,-0.4738643,-0.1346493
241.153217793,0.095927,-0.8629801,-0.4738652,-0.1346953
241.185777187,0.09600624,-0.8629677,-0.4738639,-0.1347224
241.220839977,0.09605198,-0.8629627,-0.4738656,-0.1347162
241.253399372,0.09608243,-0.8629493,-0.4738832,-0.1347186
241.285958290,0.0960976,-0.8629394,-0.4738927,-0.1347373
241.321022034,0.09600489,-0.8629516,-0.4738728,-0.134796
241.353581429,0.09588505,-0.8629913,-0.4738471,-0.134717
241.386140347,0.09595575,-0.8629833,-0.473852,-0.1347004
241.418699741,0.09613364,-0.8629331,-0.4738283,-0.1349785
241.453763485,0.09622501,-0.8628939,-0.4738086,-0.1352327
241.486322403,0.09625704,-0.8628907,-0.4738045,-0.1352449
241.518881798,0.09634081,-0.8629001,-0.4737771,-0.1352212
241.553945542,0.09642805,-0.8629077,-0.4737031,-0.1353698
241.586504936,0.09655359,-0.8629053,-0.4736403,-0.1355162
241.619063854,0.09684248,-0.8628612,-0.4736233,-0.1356491
241.654127598,0.09732059,-0.8627753,-0.4736343,-0.1358154
241.686686993,0.09784634,-0.8626843,-0.473624,-0.1360519
241.719245911,0.09829046,-0.8626182,-0.4736015,-0.1362273
241.754309177,0.09855247,-0.8625972,-0.4735487,-0.1363555
241.786868095,0.09860335,-0.8626067,-0.4735045,-0.1364128
241.819427490,0.09851933,-0.8626167,-0.4734918,-0.1364532
241.851986408,0.09836819,-0.8626127,-0.4735214,-0.1364853
241.887050152,0.09804773,-0.8626212,-0.4735688,-0.1364984
241.919609547,0.09760354,-0.862661,-0.4736115,-0.1364157
241.952168465,0.09703802,-0.8627053,-0.4736755,-0.1363169
241.987232208,0.09619142,-0.8627837,-0.4737257,-0.136246
242.019791603,0.09525912,-0.8629017,-0.4737522,-0.1360617
242.052350521,0.09433872,-0.8630558,-0.4737483,-0.1357387
242.087414265,0.09371437,-0.863207,-0.4737177,-0.1353161
242.119973660,0.09378382,-0.8632293,-0.4737062,-0.1351659
242.152532578,0.09456821,-0.8631002,-0.4737169,-0.1354058
242.187595844,0.09583905,-0.8628933,-0.4737226,-0.1358107
242.220155239,0.09692119,-0.8627055,-0.4737217,-0.1362388
242.252714157,0.09759675,-0.8625802,-0.4737407,-0.1364839
242.285273552,0.09758978,-0.8625937,-0.4736741,-0.136634
242.320337296,0.09697691,-0.8627663,-0.4735874,-0.1362812
242.352896214,0.09616945,-0.8629335,-0.4734668,-0.1362136
242.385455608,0.09557688,-0.8629716,-0.4734825,-0.136334
242.420519352,0.09584553,-0.8628322,-0.4737927,-0.13595
242.453078270,0.09664382,-0.8625815,-0.4741039,-0.1358915
242.485637665,0.09647296,-0.8625516,-0.4741518,-0.1360345
242.520701409,0.09507082,-0.8627811,-0.4739752,-0.1361818
242.553260327,0.09345011,-0.8631096,-0.4737763,-0.1359142
242.585819721,0.09240896,-0.8633519,-0.4735813,-0.135767
242.620882988,0.09210514,-0.8633929,-0.4735456,-0.1358362
242.653441906,0.09302063,-0.8632041,-0.4737508,-0.1356974
242.686000824,0.09439859,-0.8629373,-0.4739785,-0.1356473
242.718560219,0.09548146,-0.8627397,-0.4741015,-0.1357165
242.753623962,0.09627975,-0.8626202,-0.4741257,-0.1358269
242.786183357,0.0966906,-0.8626027,-0.4740567,-0.1358883
242.818742275,0.09677976,-0.8626263,-0.4739569,-0.1360223
242.853806019,0.09657612,-0.8626916,-0.4738404,-0.136159
242.886365414,0.09626852,-0.8627616,-0.4737852,-0.1361259
242.918924332,0.09610202,-0.8628176,-0.473748,-0.1360167
242.953988075,0.09622823,-0.8628325,-0.4736644,-0.1361244
242.986547470,0.0967582,-0.8627726,-0.4736404,-0.1362119
243.019106388,0.09748976,-0.8626749,-0.4737059,-0.1360817
243.054169655,0.09797544,-0.8625852,-0.473801,-0.1359702
243.086728573,0.0978958,-0.8625596,-0.4738871,-0.1358901
243.119287968,0.09741118,-0.8625742,-0.4739625,-0.1358833
243.154351711,0.09635328,-0.862687,-0.4739874,-0.1358335
243.186910629,0.09497591,-0.8629053,-0.4739407,-0.1355805
243.219470024,0.09379943,-0.8631308,-0.4738861,-0.1351537
243.252028942,0.09316724,-0.8632601,-0.4738762,-0.1347989
243.287093163,0.09304473,-0.8632704,-0.4739137,-0.1346861
243.319652081,0.093472,-0.8631697,-0.4740308,-0.1346233
243.352210999,0.09440406,-0.8630261,-0.4741296,-0.1345464
243.387275219,0.09596797,-0.8628511,-0.4741554,-0.1344707
243.419834137,0.0982246,-0.8625502,-0.4743258,-0.1341712
243.452393532,0.1005612,-0.862187,-0.4745599,-0.1339466
243.487456322,0.1017016,-0.8619322,-0.4748645,-0.1336452
243.520015717,0.1016569,-0.8619218,-0.475073,-0.1330035
243.552574635,0.1014461,-0.8619679,-0.4752194,-0.1323416
243.587638378,0.1013724,-0.8619685,-0.4753346,-0.1319802
243.620197773,0.1013974,-0.8619284,-0.4755214,-0.1315492
243.652756691,0.101421,-0.8619623,-0.4758603,-0.1300751
243.685316086,0.1007816,-0.86227,-0.4761969,-0.1272709
243.720379829,0.09959775,-0.8626859,-0.4766769,-0.1235321
243.752938747,0.09802674,-0.8630154,-0.4773314,-0.1199069
243.785498142,0.09544654,-0.8634435,-0.477861,-0.1167551
243.820561886,0.09298599,-0.8640497,-0.4779051,-0.1140439
243.853120804,0.09147825,-0.864446,-0.4777036,-0.1131004
243.885679722,0.09123059,-0.86471,-0.4773041,-0.1129692
243.920743465,0.0913694,-0.8649614,-0.4765151,-0.1142574
243.953302383,0.08972224,-0.8659734,-0.4750684,-0.1139202
243.985861778,0.08362129,-0.8690933,-0.4714924,-0.109576
244.020925522,0.07137941,-0.874494,-0.4655928,-0.1000817
244.053484440,0.06227995,-0.8787351,-0.4604118,-0.09270616
244.086043835,0.066232,-0.8806965,-0.4558444,-0.09391732
244.118602753,0.07529435,-0.882143,-0.4505734,-0.09882268
244.153666496,0.08335104,-0.8829644,-0.4464401,-0.1036606
244.186225891,0.08632287,-0.8837288,-0.443458,-0.1074451
244.218784809,0.08523355,-0.8864315,-0.4382995,-0.107218
244.253848076,0.08116718,-0.8904676,-0.4316705,-0.1037675
244.286406994,0.07165028,-0.8942819,-0.4263493,-0.09990017
244.318966389,0.05940753,-0.8979185,-0.4211482,-0.09733995
244.354030132,0.04750412,-0.9026114,-0.4134335,-0.09346917
244.386589050,0.04043374,-0.9069192,-0.4055664,-0.08947705
244.419148445,0.03477179,-0.9102382,-0.3993296,-0.08614529
244.454212189,0.03352666,-0.9132463,-0.3930262,-0.08375753
244.486771584,0.03557444,-0.9162095,-0.3864062,-0.08131872
244.519330502,0.03867851,-0.9191882,-0.3795592,-0.07848188
244.551889897,0.04643804,-0.9226063,-0.370679,-0.07658777
244.586952686,0.05956534,-0.9248823,-0.3630459,-0.07661655
244.619512081,0.07318113,-0.926924,-0.3554536,-0.07574235
244.652070999,0.08531622,-0.9289275,-0.347706,-0.07445048
244.687134743,0.09068592,-0.9310716,-0.3414981,-0.06991817
244.719694138,0.08974562,-0.9333417,-0.336963,-0.06247105
244.752253056,0.08868545,-0.9352633,-0.3333663,-0.05396115
244.787316799,0.08725467,-0.9371857,-0.3297417,-0.04435823
244.819876194,0.08340295,-0.9387651,-0.3274662,-0.03402281
244.852435112,0.07766516,-0.939906,-0.3265347,-0.02339788
244.887498856,0.07449083,-0.9405758,-0.3259577,-0.01214661
244.920058250,0.07608755,-0.9405357,-0.3258893,-0.005207121
244.952616692,0.0777787,-0.9398066,-0.3276301,-0.0005855997
244.987680435,0.07586108,-0.9381139,-0.3328208,0.006716281
245.020239830,0.0714776,-0.9350043,-0.3420964,0.01598743
245.052798748,0.0666726,-0.9315034,-0.3519174,0.02525706
245.085358143,0.06688371,-0.9284104,-0.3595391,0.03066036
245.120421886,0.07120724,-0.9260116,-0.3647561,0.03182429
245.152980804,0.07641875,-0.9249539,-0.3666162,0.02899647
245.185540199,0.08427468,-0.9245636,-0.3662734,0.02348084
245.220603943,0.09070215,-0.9245409,-0.3651475,0.01709944
245.253162861,0.09290364,-0.9246235,-0.3645181,0.01394286
245.285721302,0.09419586,-0.9244087,-0.3647327,0.01391307
245.320785046,0.09585664,-0.9238155,-0.3656759,0.01689056
245.353344441,0.09535708,-0.9232589,-0.3669502,0.02179991
245.385903359,0.09219869,-0.9231549,-0.3675713,0.02834775
245.420967102,0.08890399,-0.9234277,-0.3671635,0.03458466
245.453526497,0.0867652,-0.9238625,-0.3662499,0.03792959
245.486085415,0.08344743,-0.9246139,-0.3649105,0.03991922
245.518644810,0.08064672,-0.9255273,-0.3631487,0.04057091
245.553708553,0.08064061,-0.9261804,-0.361577,0.03970741
245.586267948,0.08371122,-0.9265074,-0.3602992,0.03726562
245.618826389,0.08908532,-0.926501,-0.359475,0.03263737
245.653890133,0.09593576,-0.9263394,-0.3587443,0.0249355
245.686449051,0.1001193,-0.9260693,-0.3587179,0.01790923
245.719008446,0.09995776,-0.9258012,-0.3596674,0.01294909
245.754072189,0.09693903,-0.9253656,-0.3616195,0.01266746
245.786631107,0.09332973,-0.9252625,-0.3626591,0.01687796
245.819190502,0.08855681,-0.9263901,-0.3605509,0.02428662
245.854254246,0.08765771,-0.9277506,-0.356816,0.03008082
245.886812687,0.08739262,-0.9285406,-0.3548325,0.02993742
245.919371605,0.08107544,-0.9297485,-0.353185,0.02970814
245.951931000,0.07602357,-0.9303085,-0.3528106,0.02998258
245.986994743,0.07311344,-0.9306263,-0.3524264,0.03181838
246.019553661,0.06912766,-0.9308336,-0.3525038,0.03375034
246.052113056,0.06470314,-0.9309253,-0.3528991,0.03579667
246.087176800,0.06052249,-0.9307602,-0.3539108,0.03738162
246.119736195,0.05757069,-0.9304527,-0.3550965,0.03843902
246.152295113,0.05455988,-0.9300992,-0.3563448,0.03980814
246.187358379,0.04856151,-0.9297892,-0.35768,0.04273763
246.219917297,0.04227553,-0.929587,-0.3586043,0.04594891
246.252476692,0.0366491,-0.92948,-0.359176,0.04841589
246.287540436,0.03084578,-0.9281676,-0.3629009,0.049839
246.320099354,0.02757785,-0.9263191,-0.3678313,0.05000394
246.352658749,0.02614996,-0.924462,-0.3726299,0.04960748
246.385217667,0.02500145,-0.9224344,-0.3778149,0.04871435
246.420281410,0.02463992,-0.9199893,-0.3839284,0.04732078
246.452840805,0.02504099,-0.9176131,-0.3897542,0.04559239
246.485399723,0.02623166,-0.9152397,-0.3954173,0.04382933
246.520462990,0.02874826,-0.9126824,-0.4013061,0.04201668
246.553022385,0.03016858,-0.9102671,-0.4067744,0.04081549
246.585581303,0.03019114,-0.9079773,-0.4118603,0.04079802
246.620645046,0.02918615,-0.9057572,-0.4167324,0.04139873
246.653204441,0.02756253,-0.9039043,-0.4207356,0.04250551
246.685763359,0.02581965,-0.9020061,-0.4247667,0.04380931
246.720827103,0.02348346,-0.8998953,-0.429166,0.04562015
246.753386497,0.022971,-0.8978313,-0.4333209,0.04724503
246.785944939,0.02533709,-0.8955864,-0.4377307,0.04798336
246.821008682,0.03121869,-0.8930246,-0.442657,0.04706126
246.853567600,0.04003666,-0.8904061,-0.4475127,0.04397623
246.886126995,0.05008297,-0.8877458,-0.4521835,0.03945461
246.918685913,0.05948097,-0.8846307,-0.4575713,0.03386015
246.953749657,0.06795328,-0.8807186,-0.4642114,0.02919813
246.986309052,0.07670258,-0.8768087,-0.4703788,0.02635689
247.018867970,0.0869598,-0.8740278,-0.4738868,0.02392331
247.053931236,0.09769761,-0.8732488,-0.4733077,0.0223454
247.086490631,0.1060703,-0.8728045,-0.4723638,0.02148506
247.119049549,0.1109735,-0.8726333,-0.4715304,0.02197191
247.154113293,0.1116976,-0.8725756,-0.4713934,0.02348495
247.186672688,0.1061795,-0.873071,-0.4715654,0.02695611
247.219231606,0.09550712,-0.8742186,-0.4713657,0.0325935
247.254295349,0.08167447,-0.8756922,-0.470753,0.03888222
247.286853790,0.06847654,-0.8766521,-0.4706194,0.04401258
247.319413185,0.05633985,-0.8766658,-0.4718227,0.04789563
247.351972103,0.04602254,-0.8758058,-0.4742231,0.05085562
247.387035847,0.03608314,-0.8745763,-0.476928,0.05460471
247.419595242,0.02654871,-0.8727256,-0.4805625,0.05772833
247.452154160,0.01431029,-0.8703346,-0.4847489,0.06292109
247.487217903,-0.0007512897,-0.8680882,-0.4878812,0.07086679
247.519777298,-0.01335374,-0.8663275,-0.4895204,0.07934576
247.552336216,-0.02209802,-0.8646932,-0.4908551,0.08663826
247.587399483,-0.02611518,-0.8626655,-0.493286,0.09177609
247.619958878,-0.02401356,-0.8602441,-0.4974849,0.0924108
247.652517795,-0.01855254,-0.8574616,-0.5028772,0.09031899
247.687581539,-0.01375808,-0.8538756,-0.5095699,0.08759862
247.720140934,-0.0115662,-0.8498458,-0.5165623,0.086136
247.752699852,-0.009034238,-0.8455672,-0.5238387,0.08458829
247.785259247,-0.005261905,-0.8418206,-0.5304035,0.08130353
247.852881432,-0.003848988,-0.8348663,-0.5416951,0.07859676
247.885440350,-0.008456012,-0.8320326,-0.5458134,0.07978507
247.920504093,-0.01680869,-0.8288696,-0.5498003,0.08390465
247.953063488,-0.02693384,-0.8251871,-0.5537726,0.09112882
247.985622406,-0.03908344,-0.8209491,-0.5574886,0.1017311
248.020686150,-0.05316881,-0.8161562,-0.5609506,0.1141243
248.053245544,-0.06359676,-0.8120472,-0.5639485,0.122982
248.085803986,-0.07075282,-0.8089087,-0.5667439,0.1268454
248.120867729,-0.07644158,-0.8064772,-0.569138,0.1282988
248.153427124,-0.080087,-0.8046865,-0.5712743,0.1278247
248.185986042,-0.08156434,-0.8031148,-0.5735707,0.126485
248.218545437,-0.08166681,-0.8017519,-0.575465,0.1264605
248.253609181,-0.08204363,-0.8005773,-0.576292,0.1298465
248.286168099,-0.0845606,-0.7998071,-0.5753648,0.1368981
248.318726540,-0.08836292,-0.7994123,-0.5725432,0.1481689
248.353790283,-0.09130125,-0.7996624,-0.5674691,0.1637398
248.386349678,-0.09284996,-0.8003415,-0.5615801,0.1791311
248.418908596,-0.09341201,-0.8015007,-0.5540933,0.196161
248.453972340,-0.0929064,-0.8031009,-0.5450734,0.2142896
248.486531735,-0.09119096,-0.8049493,-0.5375662,0.226696
248.519090653,-0.08720293,-0.8082325,-0.5303934,0.2333801
248.554153919,-0.07925986,-0.8126402,-0.5235343,0.2363748
248.586713314,-0.06663798,-0.816583,-0.519113,0.2364339
248.654335976,-0.03669078,-0.8231601,-0.5135626,0.2322551
248.686895370,-0.0265016,-0.8252767,-0.5111259,0.2315038
248.719454288,-0.01807105,-0.8273003,-0.5081897,0.2315567
248.752013683,-0.008559461,-0.8283382,-0.5075839,0.2297145
248.787076473,-0.0005857727,-0.827307,-0.5108663,0.2262873
248.819635868,0.001776665,-0.8242255,-0.5176019,0.2221826
248.852194786,-0.002078136,-0.8192504,-0.527357,0.2175932
248.887258530,-0.01093305,-0.8136285,-0.5378779,0.212613
248.919817924,-0.02070264,-0.8095717,-0.5457683,0.2071944
248.952376842,-0.02963753,-0.8068906,-0.5508171,0.2031684
248.987440109,-0.03553594,-0.8060713,-0.552074,0.2020596
249.019999504,-0.03818105,-0.8071422,-0.5493997,0.2045759
249.052558422,-0.04088964,-0.8095931,-0.5429305,0.211521
249.087622166,-0.04419095,-0.8132591,-0.5328002,0.2222802
249.120181561,-0.04835319,-0.8169429,-0.5227951,0.2314716
249.152740479,-0.05103338,-0.8218133,-0.5130384,0.2354521
249.185299873,-0.04292933,-0.8279559,-0.5057618,0.2312548
249.220363617,-0.02032257,-0.8340811,-0.5005282,0.2235958
249.252922058,0.005434417,-0.8383062,-0.497353,0.2155938
249.285480976,0.02945652,-0.841252,-0.4945634,0.2084759
249.320544720,0.04696676,-0.8444547,-0.4904408,0.2019551
249.353104115,0.05830021,-0.8472453,-0.4859993,0.1980126
249.385663033,0.06702597,-0.850884,-0.4793295,0.1958953
249.420726776,0.06959938,-0.8566431,-0.46889,0.1951627
249.453285694,0.06576295,-0.8630065,-0.4570014,0.1966531
249.485844612,0.05940939,-0.8690152,-0.4444942,0.2008378
249.520908356,0.05129505,-0.874333,-0.4315724,0.2080473
249.553467751,0.04330665,-0.8784543,-0.4197071,0.2166013
249.586026669,0.03822015,-0.8816088,-0.4085969,0.2257907
249.618586064,0.03885686,-0.8838139,-0.3976388,0.2363772
249.653649807,0.04748624,-0.8845855,-0.3879647,0.2477191
249.686208248,0.05868854,-0.8836846,-0.3819428,0.257691
249.718767166,0.06813245,-0.8826421,-0.3769249,0.2661884
249.753830910,0.07656128,-0.8810832,-0.3737593,0.2734273
249.786390305,0.08399449,-0.8782576,-0.3729154,0.2813722
249.818949223,0.0906475,-0.8745921,-0.3732198,0.2901835
249.854012966,0.09826665,-0.8694949,-0.3752361,0.3002461
249.886572361,0.108799,-0.8639796,-0.3802643,0.3061514
249.919130802,0.1197046,-0.8581004,-0.3874854,0.3095436
249.954194546,0.1286049,-0.8514161,-0.3956414,0.3140813
249.986753941,0.1340331,-0.8456515,-0.402604,0.3185067
250.019312859,0.1371532,-0.8412168,-0.4076664,0.3224578
250.051872253,0.1381547,-0.8384733,-0.4099526,0.3262549
250.086935997,0.1399973,-0.8365201,-0.4100616,0.3303208
250.119494438,0.1450593,-0.8343608,-0.4096639,0.3340703
250.152053356,0.1506853,-0.8325641,-0.4084531,0.3375272
250.187117100,0.1540971,-0.8319887,-0.4054269,0.3410361
250.219676495,0.1551536,-0.8326637,-0.4004916,0.3447211
250.252235413,0.1564917,-0.8339543,-0.3943018,0.3481154
250.287299156,0.159699,-0.8350312,-0.3872808,0.3519382
250.319857597,0.1626178,-0.8353631,-0.3819748,0.3555935
250.352416992,0.1631767,-0.8355068,-0.3783812,0.3588274
250.387480736,0.1590179,-0.8362687,-0.3752536,0.3621886
250.420040131,0.1507652,-0.8377927,-0.3712426,0.3663057
250.452599049,0.1427781,-0.8394285,-0.3666017,0.3704119
250.485158444,0.1380631,-0.8407756,-0.3628413,0.372839
250.520222187,0.1365788,-0.8421587,-0.3603301,0.3726994
250.552780628,0.1352178,-0.8433645,-0.3594217,0.3713438
250.585339546,0.1300919,-0.8452904,-0.3573805,0.3707658
250.620403290,0.1223757,-0.8482444,-0.3536561,0.370217
250.652962685,0.1167807,-0.8506313,-0.3508396,0.3692263
250.685521603,0.1132085,-0.8528224,-0.3481857,0.3677938
250.720585346,0.1105075,-0.8552328,-0.3450526,0.3659661
250.753143787,0.1087713,-0.8570811,-0.3415551,0.3654431
250.785703182,0.1077687,-0.8587313,-0.3376953,0.3654531
250.820766926,0.1058775,-0.8603892,-0.3337193,0.3657589
250.853326321,0.1026176,-0.8619353,-0.3296784,0.3667113
250.885885239,0.09904195,-0.8636684,-0.3250475,0.367749
250.920948982,0.09654349,-0.8655747,-0.3203332,0.3680683
250.953507423,0.09869209,-0.8666453,-0.3166276,0.368185
250.986066818,0.1141749,-0.8661143,-0.3165269,0.3650323
251.018625736,0.1202892,-0.8656614,-0.3159618,0.364632
251.053689480,0.1150647,-0.8672304,-0.3122683,0.3657702
251.086248875,0.1095833,-0.8691652,-0.3086799,0.3659067
251.118807793,0.1060541,-0.8700895,-0.3079596,0.3653565
251.153871059,0.1035203,-0.8702989,-0.3075993,0.3658877
251.186429977,0.1038011,-0.8705174,-0.3070099,0.3657831
251.218989372,0.1056757,-0.8708979,-0.3062734,0.3649572
251.254053116,0.1082053,-0.8709887,-0.3061118,0.364134
251.286612034,0.109923,-0.8710303,-0.3058487,0.3637408
251.319171429,0.1100808,-0.8713998,-0.3052168,0.3633387
251.354234696,0.1077564,-0.8722022,-0.3040593,0.3630807
251.386793614,0.1042721,-0.8733022,-0.3022966,0.3629257
251.419353008,0.1039814,-0.8738096,-0.3007051,0.3631097
251.451911926,0.1065776,-0.8737382,-0.3002389,0.3629147
251.486975670,0.1100419,-0.8732107,-0.2991898,0.364015
251.519535065,0.1149062,-0.8725522,-0.2980476,0.3650266
251.552093983,0.1216195,-0.8720822,-0.2980366,0.3639824
251.587157250,0.1274597,-0.8720669,-0.2983804,0.3617322
251.619716168,0.129779,-0.8727013,-0.2975653,0.3600451
251.652275562,0.130717,-0.8734201,-0.2956827,0.3595132
251.687339306,0.1330354,-0.8736848,-0.293444,0.3598538
251.719898224,0.1368169,-0.8735904,-0.2915916,0.360171
251.752457142,0.1424763,-0.8732394,-0.2894798,0.360531
251.787520885,0.1532381,-0.8733879,-0.286034,0.3585022
251.820079803,0.1649596,-0.8753463,-0.2798948,0.3533324
251.852639198,0.1757262,-0.8797427,-0.2688723,0.3456999
251.885198116,0.1821503,-0.886501,-0.25425,0.3360386
251.920261860,0.1851675,-0.8928792,-0.2361755,0.3306486
251.952820301,0.1907854,-0.8967003,-0.2223281,0.3266915
251.985379696,0.1963128,-0.8996577,-0.2091059,0.3240059
252.020443439,0.1977639,-0.9026153,-0.1937324,0.3244543
252.053002357,0.1953631,-0.9054357,-0.1775782,0.3272815
252.085561752,0.1932701,-0.9076362,-0.1609946,0.3309859
252.120625019,0.1931357,-0.9091958,-0.1449299,0.3341925
252.153183937,0.1935062,-0.9097585,-0.1312217,0.3380879
252.185743332,0.1930701,-0.9099886,-0.1173261,0.3427929
252.220807076,0.1897448,-0.910467,-0.09968843,0.3489078
252.253365994,0.18616,-0.9106072,-0.08136565,0.3551709
252.285925388,0.1834531,-0.9099322,-0.06230187,0.3620975
252.320988178,0.1810257,-0.9077716,-0.04178919,0.3715666
252.353547573,0.1751461,-0.9051156,-0.02167489,0.3824232
252.386106491,0.1635657,-0.9034168,0.00187579,0.3920566
252.418665886,0.1480597,-0.902371,0.02823049,0.399544
252.453729630,0.1310087,-0.9003582,0.05614042,0.407023
252.486288548,0.1143949,-0.897107,0.08190901,0.4147666
252.518847942,0.09341113,-0.8925693,0.1096878,0.4233091
252.553911209,0.0662477,-0.8880922,0.1433408,0.4277668
252.586470127,0.03979243,-0.8816358,0.1743539,0.4328545
252.619029045,0.01675348,-0.8722218,0.2001951,0.4421516
252.654093265,-0.001893105,-0.8596903,0.2186877,0.4579654
252.686652183,-0.01565681,-0.8483945,0.2296899,0.4731298
252.719210625,-0.0269252,-0.8386322,0.2370498,0.4862161
252.754274368,-0.03421588,-0.8301538,0.2389133,0.4992216
252.786833763,-0.04056063,-0.8238642,0.2329769,0.5118125
252.819392681,-0.04788426,-0.8184926,0.2261489,0.5227442
252.851952076,-0.05080306,-0.8153916,0.2182311,0.5306208
252.887014866,-0.04374612,-0.8164845,0.2135424,0.531476
252.919574261,-0.03196855,-0.8183091,0.2098106,0.5309947
252.952133179,-0.0224495,-0.819385,0.2065929,0.5310851
252.987196922,-0.01621109,-0.8197568,0.2062533,0.5308702
253.019756317,-0.01102188,-0.8204001,0.2057442,0.5302068
253.052315235,-0.007176249,-0.8216523,0.203838,0.5290688
253.087378502,-0.009160463,-0.8232964,0.2032967,0.5266852
253.119937897,-0.01280572,-0.8239799,0.205065,0.5248515
253.152496815,-0.01323748,-0.8246055,0.2044044,0.5241155
253.187560558,-0.01278942,-0.8253071,0.2026381,0.523708
253.220119953,-0.01264562,-0.8262639,0.2009884,0.5228378
253.252678871,-0.01262609,-0.8273554,0.1992578,0.5217735
253.285237312,-0.01283348,-0.8286366,0.1971692,0.5205272
253.320301056,-0.01325705,-0.8299207,0.1952597,0.5191891
253.352860451,-0.01339427,-0.8309154,0.1937726,0.5181506
253.385419369,-0.01297037,-0.831931,0.191868,0.5172399
253.420483112,-0.01427897,-0.8336877,0.1896877,0.5151771
253.453042030,-0.01836701,-0.8353886,0.1889347,0.5125622
253.485600948,-0.02331231,-0.8363516,0.1890225,0.5107553
253.520664692,-0.02701223,-0.8364131,0.1890705,0.5104542
253.553224087,-0.0275621,-0.8358097,0.1888913,0.5114784
253.585783005,-0.02490938,-0.8352893,0.1883374,0.5126675
253.685964584,-0.01444078,-0.8354609,0.1872733,0.5131792
253.718523502,-0.008736962,-0.8356651,0.1862221,0.5133582
253.753587246,-0.001942708,-0.8363412,0.1852736,0.5126705
253.786146641,0.002560542,-0.8382364,0.1843304,0.5099051
253.818705559,0.004220399,-0.8407953,0.1844686,0.5056131
253.853768825,0.004928376,-0.8438979,0.1863804,0.4997017
253.886328220,0.007328636,-0.8466327,0.1888608,0.4940839
253.918887138,0.01078023,-0.8493977,0.1903313,0.4886809
253.953950882,0.01388449,-0.8517337,0.1914687,0.4840705
253.986510277,0.01622051,-0.8530495,0.1936314,0.4808097
254.019068718,0.01674126,-0.8541256,0.1982784,0.4769723
254.054132462,0.01291859,-0.855504,0.2047892,0.4718422
254.086691380,0.001918387,-0.8546314,0.2135202,0.4697215
254.119250774,-0.01633628,-0.8497353,0.2313759,0.4698679
254.151809692,-0.03444845,-0.8408558,0.2529206,0.4737443
254.186872959,-0.04748057,-0.8305248,0.2722593,0.4800799
254.219431877,-0.06189632,-0.8177106,0.2934962,0.4878584
254.251991272,-0.07580088,-0.8034189,0.314564,0.4964366
254.287055016,-0.08993384,-0.7870647,0.3321626,0.5086616
254.319613934,-0.1022651,-0.7708613,0.3453698,0.5221707
254.352173328,-0.1101244,-0.756162,0.3529659,0.5367815
254.387236595,-0.1130041,-0.740437,0.3497429,0.5597237
254.419795513,-0.1131978,-0.7258291,0.330084,0.5899411
254.452354908,-0.1119384,-0.7194787,0.308909,0.6091166
254.487418652,-0.1025293,-0.7251316,0.2867999,0.6148539
254.519977570,-0.08556016,-0.7382889,0.2634883,0.6122177
254.552536011,-0.06992707,-0.7458931,0.2390461,0.6150109
254.587599754,-0.06733672,-0.7490934,0.2279511,0.6156223
254.620159149,-0.0685188,-0.7490616,0.2229335,0.6173657
254.652718067,-0.06945765,-0.746772,0.2171232,0.6220873
254.685277462,-0.068538,-0.7453591,0.2133069,0.6251962
254.720340729,-0.06628758,-0.7441199,0.2114028,0.6275573
254.752899647,-0.06426163,-0.7433461,0.2105631,0.6289657
254.785459042,-0.06343168,-0.7441618,0.2089984,0.6286073
254.820522785,-0.06723564,-0.7463656,0.2080301,0.6259145
254.853081703,-0.07332417,-0.7495114,0.2084634,0.6213106
254.885641098,-0.07981461,-0.7532474,0.2092436,0.6157052
254.920703888,-0.08584811,-0.7569088,0.2105277,0.6099385
254.953263283,-0.08904666,-0.7596244,0.2112105,0.6058542
254.985822201,-0.08938382,-0.761659,0.2107017,0.6034225
255.020885944,-0.08826895,-0.7629551,0.2102059,0.6021206
255.053445339,-0.08632202,-0.7628571,0.2103228,0.6024864
255.086003780,-0.08517084,-0.7630603,0.2095253,0.6026707
255.118562698,-0.08591477,-0.7642257,0.2087341,0.6013615
255.153626919,-0.08798131,-0.7647948,0.2093511,0.6001233
255.186185837,-0.08818182,-0.7640727,0.2094755,0.6009697
255.218744755,-0.08716896,-0.7630542,0.2082054,0.6028501
255.253808022,-0.08534124,-0.7616963,0.2053132,0.6058133
255.286367416,-0.08275585,-0.7606302,0.2028863,0.6083238
255.318926334,-0.07886306,-0.7597751,0.2000298,0.6108505
255.353990078,-0.07656285,-0.7578573,0.1974669,0.6143494
255.386549473,-0.0757417,-0.7555014,0.1955464,0.6179565
255.419108391,-0.07498474,-0.753619,0.1947384,0.6205967
255.454171658,-0.07399882,-0.7523943,0.1929455,0.6227574
255.486730576,-0.07199658,-0.750618,0.1913243,0.6256292
255.519289971,-0.06644991,-0.7489356,0.187416,0.6294305
255.551848889,-0.06183009,-0.7481292,0.1825593,0.6322813
255.586913109,-0.06106974,-0.74812,0.1808563,0.6328552
255.619471550,-0.06015138,-0.7505437,0.1855608,0.6286978
255.652030468,-0.06292748,-0.7526684,0.1859248,0.6257715
255.687094212,-0.07100075,-0.7514862,0.1863843,0.6261916
255.719653606,-0.07279836,-0.7494223,0.1860752,0.6285461
255.752212524,-0.0726428,-0.7495307,0.1839649,0.6290559
255.787275791,-0.07432213,-0.7492915,0.1831239,0.6293901
255.819834709,-0.07535058,-0.7487674,0.1825142,0.6300682
255.852394104,-0.07584725,-0.7482159,0.1808113,0.6311538
255.887457848,-0.0762081,-0.7475619,0.1787191,0.6324798
255.920016766,-0.07594113,-0.747217,0.1770686,0.633383
255.952575207,-0.07603556,-0.7470351,0.1758237,0.6339329
255.987639427,-0.0763963,-0.7469744,0.1752483,0.6341203
256.020198345,-0.07603918,-0.7473457,0.1748715,0.6338297
256.052757740,-0.07566513,-0.7478741,0.1744673,0.6333624
256.085316658,-0.07480815,-0.7483309,0.1738961,0.6330818
256.120379925,-0.07406907,-0.7487207,0.1726855,0.6330391
256.152938843,-0.07333728,-0.7490663,0.1721705,0.6328557
256.185498238,-0.07183812,-0.7495188,0.1715777,0.6326529
256.220561981,-0.06899432,-0.7500834,0.1701866,0.632676
256.253120899,-0.0660097,-0.7506353,0.1692063,0.6326029
256.285680294,-0.0626296,-0.7510372,0.1680844,0.6327685
256.320743084,-0.0600227,-0.7509739,0.1664097,0.6335385
256.353302479,-0.05844037,-0.7504799,0.1652721,0.6345688
256.385861397,-0.05714288,-0.7500907,0.1637986,0.6355285
256.420925617,-0.05673521,-0.7498218,0.1623539,0.6362525
256.453484058,-0.05685574,-0.7496935,0.1617688,0.636542
256.486042976,-0.05679966,-0.7500206,0.1616439,0.6361932
256.518602371,-0.05667554,-0.7503271,0.161379,0.6359102
256.553666115,-0.05607158,-0.7504598,0.1609272,0.6359216
256.586225033,-0.05555186,-0.7501548,0.1605764,0.6364155
256.618784428,-0.05605392,-0.7494654,0.1602088,0.6372756
256.653847217,-0.05779496,-0.7487236,0.1597058,0.638118
256.686406612,-0.05918799,-0.7483003,0.1591437,0.6386271
256.718965530,-0.0607414,-0.7480415,0.1587909,0.6388721
256.754029274,-0.06226755,-0.7480842,0.1581113,0.6388437
256.786588669,-0.0634999,-0.7486032,0.1575314,0.6382573
256.819147110,-0.06517632,-0.7491075,0.1576588,0.6374648
256.854210854,-0.06694198,-0.7497883,0.1574075,0.636543
256.886770248,-0.0690452,-0.7504591,0.157319,0.6355488
256.919329166,-0.07184809,-0.7513868,0.157693,0.6340476
256.951888561,-0.07488044,-0.7531531,0.1581516,0.6314816
256.986951351,-0.07746553,-0.756109,0.1600778,0.6271373
257.019510746,-0.07777631,-0.7588835,0.1610766,0.6234812
257.052069664,-0.08123696,-0.7589559,0.1593116,0.6234053
257.087133408,-0.08589637,-0.7536998,0.154656,0.6302917
257.119692802,-0.08631979,-0.7485937,0.1467402,0.6381625
257.152251244,-0.07764712,-0.7469041,0.1339944,0.6440329
257.187314987,-0.06493834,-0.7473755,0.1197685,0.6476851
257.219874382,-0.05302337,-0.7498977,0.1151536,0.6466911
257.252433300,-0.04710013,-0.7528184,0.1146516,0.643839
257.287497044,-0.050672,-0.7527296,0.1145436,0.6436909
257.320055485,-0.05556541,-0.7515609,0.1150728,0.6445576
257.352614880,-0.06035529,-0.7506699,0.112524,0.6456145
257.385173798,-0.06457788,-0.748904,0.1088013,0.6478909
257.420237541,-0.06927644,-0.7474914,0.106028,0.6494946
257.452796936,-0.07473467,-0.7464201,0.1051913,0.6502571
257.485355377,-0.0792482,-0.7450833,0.1039551,0.6514535
257.520419121,-0.08258826,-0.7440503,0.1011944,0.652653
257.552978039,-0.08533131,-0.7436342,0.09967383,0.6530081
257.585537434,-0.08810513,-0.7432847,0.09898902,0.6531419
257.620601177,-0.09038033,-0.7430988,0.09792068,0.6532034
257.653159618,-0.09214786,-0.7434022,0.09722891,0.6527144
257.685719013,-0.09404164,-0.7435549,0.09664031,0.6523578
257.720782757,-0.09578671,-0.7432366,0.09614531,0.6525397
257.753341675,-0.09679164,-0.7425117,0.09587926,0.6532554
257.785901070,-0.09764118,-0.7416123,0.09569952,0.6541764
257.818459511,-0.09818003,-0.7407238,0.09527252,0.655164
257.853523254,-0.09804767,-0.7396377,0.09462248,0.6565037
257.886082172,-0.0980842,-0.73887,0.09405061,0.6574441
257.918641567,-0.09873723,-0.7383721,0.09336761,0.6580029
257.953705311,-0.1004304,-0.7376305,0.09296224,0.6586354
257.986263752,-0.1021541,-0.7371634,0.09221357,0.6589985
258.018822670,-0.1038254,-0.7365943,0.09160133,0.6594589
258.053886890,-0.1055575,-0.7362024,0.09104564,0.6596984
258.086445808,-0.106596,-0.7359537,0.09024217,0.6599192
258.119005203,-0.1078238,-0.7354439,0.08934181,0.6604103
258.154067993,-0.1099199,-0.7345943,0.08867502,0.6610999
258.186627388,-0.112102,-0.7336584,0.08834524,0.6618167
258.219186306,-0.1142595,-0.7330344,0.0880228,0.662182
258.254250050,-0.1162132,-0.7322209,0.0873507,0.6628307
258.286809444,-0.1173439,-0.7313669,0.08701435,0.6636182
258.319367886,-0.1184337,-0.7309821,0.08668257,0.6638919
258.351926804,-0.1193529,-0.7308723,0.08597605,0.6639402
258.386990547,-0.1202214,-0.7309856,0.08506631,0.6637758
258.419549942,-0.1205133,-0.7314113,0.08400642,0.6633887
258.452108860,-0.1200022,-0.7314418,0.08162393,0.6637451
258.487172127,-0.1187009,-0.730855,0.08061842,0.6647478
258.519731522,-0.1184858,-0.7301639,0.07925747,0.6657085
258.552290440,-0.1181177,-0.7290322,0.07843356,0.6671103
258.587354183,-0.11885,-0.7282751,0.07618966,0.6680666
258.619913578,-0.1208247,-0.7274558,0.07455963,0.6687885
258.687535763,-0.1236921,-0.725302,0.07021318,0.67107
258.720094681,-0.1229361,-0.7239485,0.06825273,0.6728704
258.752654076,-0.1222598,-0.7228273,0.06560732,0.6744602
258.785212994,-0.1220677,-0.721445,0.06325567,0.6761975
258.820276260,-0.1216908,-0.7204012,0.06142594,0.6775457
258.852835655,-0.1218258,-0.7197554,0.0599036,0.6783435
258.885394573,-0.1221699,-0.7190962,0.05842278,0.6791095
258.920458317,-0.1217382,-0.7184258,0.056047,0.6800961
258.953017712,-0.1207583,-0.71823,0.05368431,0.6806679
258.985576153,-0.1195202,-0.71824,0.05176587,0.6810244
259.020639896,-0.1177423,-0.7183656,0.04945074,0.6813736
259.053198814,-0.1163481,-0.7183038,0.04718287,0.6818389
259.085758209,-0.1150728,-0.7182434,0.04557316,0.6822283
259.120820999,-0.1141486,-0.7180914,0.04429977,0.6826274
259.153380394,-0.1132936,-0.7179202,0.04320457,0.6830198
259.185939312,-0.1124183,-0.7178276,0.04219788,0.6833246
259.218498707,-0.1114089,-0.7182228,0.04133298,0.6831277
259.253562450,-0.1095713,-0.7192994,0.04094589,0.6823149
259.286120892,-0.1079643,-0.7202985,0.04113616,0.6815053
259.318680286,-0.1064522,-0.7207627,0.04213542,0.6811911
259.353744030,-0.1041306,-0.7203193,0.04430667,0.6818809
259.386302948,-0.1011745,-0.7193456,0.04742754,0.6831428
259.418862343,-0.09758237,-0.7185642,0.05155738,0.6841878
259.453925133,-0.09184515,-0.7186269,0.0558044,0.6845826
259.486484528,-0.08729833,-0.7195718,0.05959177,0.6838655
259.519043446,-0.08390848,-0.7207933,0.06260777,0.6827329
259.554107189,-0.08158629,-0.7216191,0.06575114,0.681846
259.586666584,-0.07960673,-0.7216145,0.06885527,0.6817786
259.619225025,-0.07748339,-0.7209225,0.07134193,0.6824991
259.651783943,-0.07526669,-0.7196788,0.07341748,0.6838384
259.686848164,-0.07317121,-0.7181566,0.07535907,0.6854531
259.719407082,-0.07160504,-0.7165425,0.07741614,0.6870765
259.751966476,-0.06995306,-0.7148879,0.0795505,0.6887245
259.787029266,-0.06772362,-0.7135296,0.08188018,0.6900815
259.819588661,-0.06408981,-0.7123814,0.08345119,0.6914252
259.852147579,-0.06011095,-0.7114263,0.08575483,0.6924834
259.887211323,-0.05622502,-0.7102776,0.08849019,0.6936439
259.919770718,-0.05376182,-0.7088544,0.09193493,0.6948459
259.952329159,-0.05196905,-0.7064503,0.09428765,0.6971117
259.987392902,-0.0507898,-0.7033285,0.09536576,0.7002018
260.019951820,-0.04947256,-0.7025978,0.09445755,0.7011522
260.052511215,-0.06534123,-0.6982569,0.1011551,0.703252
260.087574482,-0.08094708,-0.698152,0.1064062,0.7009542
260.120133400,-0.09787258,-0.699807,0.1065077,0.6971191
260.152692795,-0.1179691,-0.6979726,0.1200034,0.6936458
260.185251713,-0.125668,-0.6991005,0.1260206,0.6900815
260.220315456,-0.1144379,-0.709742,0.1225505,0.6817473
260.252873898,-0.09348416,-0.7041088,0.1222583,0.6907764
260.285433292,-0.09228855,-0.7021535,0.1112989,0.6947687
260.320497036,-0.09405851,-0.705417,0.09364257,0.6938289
260.353055954,-0.1012871,-0.7031209,0.08560459,0.6961764
260.385615349,-0.110719,-0.6980388,0.09198551,0.6990346
260.420678616,-0.1081574,-0.6963556,0.09193544,0.7011181
260.453237534,-0.1070299,-0.6970788,0.08384489,0.7015864
260.485796929,-0.1100006,-0.696168,0.07770044,0.7027378
260.520860672,-0.1131911,-0.6930645,0.07465686,0.7056227
260.553419590,-0.1134555,-0.6905392,0.07111602,0.7084163
260.585978031,-0.1140996,-0.689338,0.06655419,0.7099245
260.618537426,-0.1160557,-0.6888795,0.06432138,0.7102581
260.653601170,-0.1178067,-0.6891288,0.06260215,0.7098815
260.686160088,-0.1173545,-0.6903312,0.05919006,0.7090805
260.718719482,-0.1160922,-0.6914496,0.05600642,0.7084569
260.753782272,-0.1147308,-0.6923125,0.05369262,0.7080148
260.786341667,-0.1149332,-0.6925001,0.05251388,0.7078871
260.818900585,-0.115522,-0.6923041,0.05189391,0.7080285
260.853964806,-0.1155355,-0.692182,0.0510193,0.7082093
260.886523247,-0.1150812,-0.6923832,0.05083795,0.7080995
260.919082165,-0.1144875,-0.6932178,0.05128607,0.7073466
260.954145908,-0.1134988,-0.694851,0.05195439,0.705853
260.986705303,-0.1128337,-0.6965277,0.05254453,0.7042616
261.019264221,-0.1124891,-0.697894,0.05298179,0.7029301
261.051822662,-0.1122319,-0.6987525,0.05349996,0.7020786
261.086886406,-0.1119463,-0.6988646,0.05426671,0.7019536
261.119445801,-0.1118769,-0.6984711,0.05506757,0.702294
261.152004719,-0.111823,-0.6981517,0.05600762,0.7025459
261.187067986,-0.1115412,-0.6979347,0.05685952,0.7027378
261.219627380,-0.1110644,-0.6978487,0.05745086,0.7028506
261.252186298,-0.1105714,-0.6977651,0.05807552,0.7029601
261.287250042,-0.1100648,-0.6976534,0.05879327,0.7030907
261.319809437,-0.1096721,-0.6974704,0.05930939,0.7032902
261.352367878,-0.1093019,-0.6971574,0.05962349,0.7036315
261.387431622,-0.1090738,-0.6968269,0.0601722,0.7039477
261.419990540,-0.1087972,-0.6965905,0.06080951,0.7041695
261.452549934,-0.1083802,-0.6964042,0.06122546,0.7043821
261.485108852,-0.1080485,-0.6962437,0.06164589,0.704555
261.520172119,-0.1077553,-0.6960335,0.0621445,0.7047638
261.552731037,-0.1074255,-0.6958486,0.06259564,0.7049568
261.585290432,-0.1069599,-0.6956557,0.06278925,0.7052006
261.620354176,-0.1064637,-0.6956489,0.06278007,0.7052833
261.652912617,-0.1060778,-0.6957154,0.06291257,0.705264
261.685472011,-0.1059766,-0.6958717,0.06273751,0.7051406
261.720535755,-0.1061947,-0.6960613,0.06287602,0.7049083
261.753094673,-0.1062112,-0.6962861,0.06306943,0.7046664
261.785654068,-0.1059444,-0.696521,0.06302112,0.7044787
261.820716858,-0.1057689,-0.6967738,0.06291485,0.7042645
261.853276253,-0.1057172,-0.6969271,0.06305642,0.7041081
261.885835171,-0.1059526,-0.6969839,0.0630635,0.7040158
261.920898914,-0.1063226,-0.6970415,0.0631469,0.7038954
261.953458309,-0.1065494,-0.6973228,0.06326311,0.7035721
261.986016750,-0.1067385,-0.6978341,0.06327149,0.7030355
262.018575668,-0.1069654,-0.6985285,0.06342301,0.7022974
262.053639889,-0.1071533,-0.6993788,0.06371962,0.7013951
262.086198807,-0.1071579,-0.700302,0.06392846,0.7004535
262.118758202,-0.1070239,-0.7013428,0.06423642,0.6994036
262.153820992,-0.106681,-0.7026742,0.06431323,0.6981115
262.186380386,-0.1066902,-0.7038258,0.06444281,0.6969371
262.218939304,-0.1070191,-0.7047719,0.0647506,0.6959013
262.254003048,-0.1073784,-0.7057428,0.06517987,0.6948209
262.286561489,-0.1074268,-0.706691,0.06553376,0.6938156
262.319120884,-0.1075882,-0.7077511,0.06594881,0.69267
262.354184628,-0.1080426,-0.7089324,0.06623468,0.6913626
262.386743546,-0.1089619,-0.7099524,0.06587016,0.6902057
262.419302940,-0.1098932,-0.7109848,0.06565277,0.6890149
262.451861382,-0.1107571,-0.7123092,0.06515685,0.6875542
262.486925125,-0.1118854,-0.7142879,0.06445032,0.6853819
262.519484520,-0.1121356,-0.7167488,0.0640365,0.682806
262.552043438,-0.1108975,-0.7197212,0.06386194,0.6798916
262.587106705,-0.1091118,-0.7224367,0.06336325,0.6773425
262.619665623,-0.1085019,-0.7238435,0.0637081,0.6759047
262.652225017,-0.1083313,-0.7245353,0.06533509,0.6750348
262.687288761,-0.1079131,-0.7243382,0.06762071,0.6750881
262.719847679,-0.1068753,-0.7236195,0.07010011,0.6757709
262.752406120,-0.1029824,-0.7237847,0.07377168,0.6758074
262.787470341,-0.09697457,-0.7255861,0.0787502,0.674201
262.820029259,-0.09329958,-0.7281257,0.08359891,0.671392
262.852588654,-0.09030001,-0.7306201,0.08829756,0.6684845
262.885147572,-0.08758847,-0.7325044,0.0948583,0.6658791
262.920210838,-0.08467554,-0.7339881,0.103466,0.6633356
262.952769756,-0.08114062,-0.7349099,0.1099028,0.6617195
262.985329151,-0.08113849,-0.7335445,0.1156655,0.6622524
263.020392895,-0.07767901,-0.7298821,0.1150704,0.6668018
263.052951336,-0.07384484,-0.7282151,0.1049992,0.6707106
263.085510254,-0.0674362,-0.730059,0.1001373,0.6701241
263.120573998,-0.05783814,-0.7375838,0.0896754,0.6642371
263.153133392,-0.04302794,-0.7422273,0.08342385,0.6609957
263.185692310,-0.05109435,-0.7405831,0.08220213,0.6624173
263.220755577,-0.06161312,-0.7367983,0.08154932,0.665815
263.253314972,-0.06232607,-0.7386067,0.07946099,0.663995
263.285873890,-0.06477308,-0.7404083,0.07645323,0.6621047
263.318433285,-0.06656682,-0.7379549,0.07490276,0.6648374
263.353496075,-0.06709174,-0.738158,0.07407551,0.6646518
263.386055470,-0.06786942,-0.7397056,0.07237916,0.6630371
263.418614388,-0.07258263,-0.7398698,0.07293347,0.6622937
263.453678131,-0.07752788,-0.7401658,0.07422027,0.6612586
263.486237526,-0.08014043,-0.7406105,0.07311185,0.6605725
263.518795967,-0.08138952,-0.7403182,0.07204967,0.660864
263.553859711,-0.0820467,-0.7403489,0.0711716,0.6608434
263.586419106,-0.08305062,-0.7407603,0.06992259,0.6603901
263.618978024,-0.08406509,-0.7408724,0.06928315,0.6602035
263.654041290,-0.08517668,-0.7414942,0.06913654,0.6593778
263.686600208,-0.08659272,-0.7419257,0.06896358,0.6587259
263.719159603,-0.08781591,-0.7425204,0.06890053,0.6578999
263.754223347,-0.08865527,-0.7430256,0.06792919,0.6573178
263.786782265,-0.08935831,-0.7431698,0.06755967,0.6570976
263.819340706,-0.09057384,-0.7435338,0.06724167,0.6565517
263.851900101,-0.09277587,-0.7439777,0.06673577,0.6557926
263.886963844,-0.09540489,-0.7444651,0.06644399,0.6548913
263.919522762,-0.09768275,-0.745149,0.0663702,0.6537842
263.952082157,-0.09966168,-0.745713,0.0664909,0.6528295
263.987145424,-0.1008859,-0.7465667,0.06599703,0.651715
264.019704342,-0.1015624,-0.747228,0.06501498,0.6509501
264.052263737,-0.1011625,-0.7477641,0.06371081,0.6505257
264.087327480,-0.1004118,-0.7485651,0.0623118,0.6498559
264.119885922,-0.1002017,-0.7494479,0.06115,0.6489807
264.152444840,-0.1003068,-0.7502265,0.06054081,0.6481213
264.187508583,-0.09985337,-0.7511442,0.05962147,0.647213
264.220067978,-0.09922086,-0.7517776,0.058661,0.6466625
264.252626896,-0.09845977,-0.7523285,0.05784993,0.6462109
264.285185337,-0.09810266,-0.7527697,0.05691352,0.6458344
264.320249558,-0.09813838,-0.7531058,0.05580812,0.6455336
264.352808476,-0.09814218,-0.7533681,0.05511907,0.6452861
264.385367394,-0.09843258,-0.7537287,0.05457973,0.6448666
264.420430660,-0.09889977,-0.7536499,0.0529855,0.6450201
264.452990055,-0.09847969,-0.7524756,0.04969882,0.6467148
264.485548973,-0.09371142,-0.7502154,0.04204015,0.6505808
264.520612717,-0.08411478,-0.7482638,0.03084509,0.6547537
264.553172112,-0.07490996,-0.7479088,0.02071201,0.6566731
264.585730553,-0.06737439,-0.7480854,0.01348495,0.6574762
264.620794296,-0.06227384,-0.7480184,0.008553775,0.6581376
264.653353214,-0.05699387,-0.7485778,0.005588837,0.6580117
264.685912609,-0.0516439,-0.7489746,0.002256997,0.6580217
264.720975876,-0.04575178,-0.7504065,0.001437171,0.6568277
264.753534794,-0.04051742,-0.7532787,0.00170241,0.6538763
264.786094189,-0.03715543,-0.7567482,0.004593813,0.6500449
264.818653107,-0.0356933,-0.7596353,0.008058674,0.6467171
264.853716373,-0.04107543,-0.7619282,0.01125377,0.6436452
264.886275291,-0.05237615,-0.7630099,0.01169514,0.6415322
264.918834686,-0.06563413,-0.7646008,0.01430214,0.6383579
264.953898430,-0.07411192,-0.7692299,0.02134417,0.6316366
264.986457348,-0.07715125,-0.7736501,0.02812322,0.6255798
265.019015789,-0.07617051,-0.7771967,0.03369105,0.6210121
265.054079533,-0.07214346,-0.7796291,0.03808822,0.6181836
265.086638927,-0.06630591,-0.7810462,0.04151661,0.6168261
265.119197845,-0.05780201,-0.781849,0.04342521,0.616533
265.154261112,-0.04889295,-0.7818629,0.04451623,0.6172082
265.186820507,-0.04060393,-0.7802598,0.04566242,0.6197488
265.219379425,-0.03082716,-0.7770597,0.04690618,0.6242239
265.251938820,-0.02078759,-0.7725546,0.04837212,0.6300914
265.287002564,-0.01135881,-0.7670606,0.0509929,0.6368017
265.319561005,-0.005610909,-0.7620248,0.05432472,0.6426221
265.352119923,-0.002680578,-0.7584396,0.05745035,0.6465982
265.387183666,-0.000500706,-0.7560324,0.06187779,0.6490098
265.419743061,0.004412394,-0.7546327,0.06570014,0.6502471
265.452301979,0.01093035,-0.7536522,0.06837609,0.6510311
265.487365246,0.01981436,-0.7519323,0.07050598,0.6525809
265.519924641,0.03084358,-0.749779,0.07127862,0.6545435
265.552483559,0.04228627,-0.7466945,0.07176851,0.6573706
265.587547302,0.05464062,-0.7429517,0.07235284,0.6606284
265.620105744,0.06467941,-0.73917,0.07252081,0.6639372
265.652665138,0.07431729,-0.7340763,0.07416371,0.6683834
265.685224056,0.08766214,-0.7271993,0.07563352,0.6740948
265.720287800,0.1051462,-0.7186018,0.07598669,0.6807419
265.752846241,0.1226702,-0.7101234,0.07498799,0.6867906
265.785405636,0.1400543,-0.7007743,0.07045421,0.6935157
265.820469379,0.1559988,-0.6893654,0.06252491,0.7022521
265.853028297,0.1661758,-0.6765283,0.05355505,0.7130601
265.885587692,0.1686154,-0.6635511,0.04955917,0.7248726
265.920650959,0.168847,-0.6498966,0.05814231,0.7364593
265.953209877,0.1706017,-0.6385155,0.06588483,0.7453052
265.985769272,0.1667845,-0.6335673,0.07370752,0.7496468
266.020833015,0.1569211,-0.6413246,0.1008173,0.7419853
266.053391457,0.1473489,-0.6587636,0.1461078,0.7208321
266.085950375,0.1416041,-0.6738217,0.1907085,0.6972594
266.118509769,0.1429054,-0.6916714,0.2101551,0.6735215
266.153573513,0.1509422,-0.7148481,0.2139804,0.645793
266.186132431,0.1505522,-0.7356836,0.2137846,0.6221153
266.218690872,0.1433174,-0.7551814,0.2137689,0.6000763
266.253755093,0.1334491,-0.7760165,0.2110946,0.5762434
266.286314011,0.1266286,-0.7939889,0.2042606,0.5553846
266.318872929,0.1208682,-0.8080112,0.1939587,0.5399226
266.353936195,0.1144084,-0.8198261,0.1820896,0.5275102
266.386495590,0.1093674,-0.828856,0.1698458,0.5184754
266.419054508,0.10589,-0.8357815,0.1602322,0.511087
266.454118252,0.100648,-0.841243,0.1586543,0.5036236
266.486677647,0.09653995,-0.8430973,0.1609289,0.5005963
266.519236088,0.09645335,-0.8427255,0.1611957,0.501153
266.551795006,0.09561897,-0.8417577,0.1604001,0.5031902
266.586858750,0.09522346,-0.8396821,0.1597844,0.5069152
266.619418144,0.0932909,-0.8403223,0.158739,0.5065423
266.651977062,0.08829792,-0.8403538,0.1587591,0.5073776
266.687040329,0.08630612,-0.8373395,0.158674,0.5127028
266.719599724,0.09104218,-0.83272,0.1553828,0.5203581
266.752158642,0.09899434,-0.8282505,0.148709,0.5279341
266.787221909,0.1029046,-0.8247566,0.1387939,0.5353047
266.819780827,0.09894133,-0.8277003,0.1343154,0.5326443
266.852340221,0.09239621,-0.8359702,0.1389957,0.5195429
266.887403965,0.09087311,-0.8456435,0.1420454,0.5030707
266.919962883,0.09233219,-0.8538805,0.139724,0.4893544
266.952521324,0.09413758,-0.8614861,0.1353035,0.4767604
266.985080719,0.09822042,-0.8677231,0.1285057,0.4663939
267.020144463,0.1048233,-0.8731784,0.1165045,0.4578493
267.052703381,0.1090649,-0.8788567,0.1041023,0.4488944
267.085262775,0.1078424,-0.8845082,0.09146097,0.4407697
267.120326042,0.1033634,-0.8894352,0.07881185,0.4343241
267.152884960,0.09831293,-0.8928813,0.06600772,0.430544
267.185444355,0.09291705,-0.8946069,0.05248308,0.4300212
267.220508099,0.09230837,-0.8944873,0.0341567,0.4322416
267.253066540,0.09500664,-0.8948955,0.01263571,0.4319767
267.285625458,0.09247454,-0.8952243,-0.007284829,0.4319682
267.320689201,0.08991458,-0.8946906,-0.0257398,0.4329079
267.353248596,0.09356635,-0.8926481,-0.04477751,0.4347959
267.385807037,0.0974045,-0.8902087,-0.06355067,0.4366119
267.420870781,0.1064334,-0.8863757,-0.08017644,0.439556
267.453430176,0.131528,-0.8784758,-0.09326859,0.4459924
267.485989094,0.1645885,-0.8677388,-0.1054774,0.4532572
267.518548489,0.1908182,-0.8573853,-0.1106795,0.4613639
267.553611279,0.2031344,-0.8505456,-0.1091858,0.4690572
267.586170674,0.2051967,-0.8472185,-0.1073811,0.4745651
267.618729592,0.2011458,-0.8466725,-0.1067229,0.4774137
267.653793335,0.1874814,-0.8497254,-0.1024258,0.4784915
267.686351776,0.1717536,-0.8544167,-0.09398416,0.4777735
267.718911171,0.157486,-0.8598086,-0.0863249,0.4744503
267.753974914,0.1435563,-0.8656331,-0.08026291,0.469315
267.786533833,0.1311126,-0.8707719,-0.07606672,0.4641198
267.819093227,0.1200789,-0.8747727,-0.0730231,0.4600535
267.854156494,0.1116789,-0.8772745,-0.07072678,0.4577584
267.886715412,0.1069046,-0.8783474,-0.06976477,0.4569877
267.919274807,0.1039153,-0.8787,-0.06922935,0.457081
267.951833725,0.1021179,-0.8788418,-0.06887978,0.4572663
267.986896992,0.100946,-0.8788686,-0.06837153,0.4575509
268.019455910,0.1001156,-0.8789325,-0.06782645,0.4576918
268.052015305,0.09912597,-0.8791319,-0.06711578,0.4576293
268.087079048,0.09828017,-0.879428,-0.06608453,0.4573927
268.119637489,0.09695488,-0.8799878,-0.06530321,0.4567102
268.152196407,0.09498653,-0.8806266,-0.06458477,0.4559946
268.187260628,0.09259989,-0.8812887,-0.063603,0.4553436
268.219819546,0.09027717,-0.8820028,-0.06274907,0.4545451
268.252378941,0.08825523,-0.8826004,-0.06187413,0.4539018
268.287441731,0.08695468,-0.8829732,-0.06131881,0.453503
268.320001125,0.08645652,-0.8831044,-0.06120654,0.453358
268.352560043,0.08642054,-0.8829961,-0.06090133,0.4536168
268.385119438,0.08661314,-0.8827583,-0.06070627,0.4540688
268.420182228,0.08690451,-0.8824413,-0.06065275,0.4546359
268.452741623,0.08626255,-0.8824263,-0.06036625,0.4548254
268.485300541,0.08439689,-0.8827899,-0.05959243,0.4545718
268.520364285,0.08144516,-0.8836212,-0.05881316,0.4535957
268.552923203,0.07798735,-0.8845398,-0.05831837,0.4524752
268.585482121,0.07387739,-0.8855519,-0.05811951,0.4512093
268.620545864,0.06848515,-0.8867511,-0.05763701,0.4497643
268.653105259,0.06275978,-0.8879083,-0.05654842,0.448453
268.685664177,0.05698708,-0.8891342,-0.05514809,0.4469669
268.720727444,0.05186978,-0.8903078,-0.05441354,0.4453409
268.753286362,0.04901642,-0.8908693,-0.05436629,0.4445462
268.785845756,0.04819774,-0.8910418,-0.05486805,0.4442281
268.818404674,0.04772322,-0.8910561,-0.05504341,0.4442291
268.853467941,0.04709905,-0.8911303,-0.05529349,0.4441158
268.886026859,0.04605011,-0.8912991,-0.05586601,0.4438153
268.918586254,0.04458106,-0.8913832,-0.05623785,0.4437495
268.953649998,0.04369251,-0.8913734,-0.05665357,0.4438047
268.986208439,0.04324649,-0.8914561,-0.05718134,0.4436144
269.018767834,0.04263754,-0.8915818,-0.05761383,0.4433649
269.053831577,0.04229803,-0.891677,-0.05787047,0.4431724
269.086390495,0.04214623,-0.8918161,-0.05814973,0.4428703
269.118949890,0.04120409,-0.8918502,-0.0584246,0.442854
269.154012680,0.04044899,-0.8916981,-0.05893857,0.4431618
269.186572075,0.04144544,-0.8913773,-0.05982188,0.4435963
269.219130993,0.04318571,-0.8910838,-0.06060208,0.4439139
269.254194737,0.04361043,-0.8910225,-0.06091658,0.4439527
269.286753655,0.04204609,-0.8911231,-0.06081832,0.4439151
269.319312573,0.03921222,-0.8911983,-0.0612067,0.4439701
269.351871491,0.03548896,-0.8911182,-0.06224648,0.4442995
269.386935711,0.03152335,-0.8908544,-0.06347743,0.4449528
269.419494629,0.0286237,-0.8903382,-0.06476713,0.4459948
269.452053070,0.02812299,-0.8901255,-0.0666438,0.4461751
269.487116814,0.02904348,-0.8898898,-0.07061404,0.4459752
269.519676209,0.02893567,-0.8905169,-0.07447365,0.4440986
269.552235127,0.02782102,-0.8926212,-0.07742991,0.439415
269.587298393,0.02359322,-0.8958649,-0.08063552,0.4324293
269.619857311,0.01589976,-0.8992832,-0.08306851,0.4251636
269.652416706,0.006595146,-0.9033435,-0.08545964,0.4162347
269.687480450,-0.000557702,-0.909188,-0.08973001,0.402434
269.720038891,-0.007903287,-0.9162812,-0.09718592,0.3841211
269.752598286,-0.02494273,-0.9228762,-0.1058124,0.3648407
269.785157204,-0.04815293,-0.9265176,-0.1138335,0.3505938
269.820220947,-0.06650167,-0.9279763,-0.1249471,0.3397845
269.852780342,-0.07275843,-0.9296342,-0.1371551,0.3290937
269.885338783,-0.07370091,-0.9321265,-0.1500412,0.3159489
269.920402527,-0.07531791,-0.9345468,-0.1628188,0.3017736
269.952961445,-0.07921599,-0.9357364,-0.1744574,0.2903699
269.985520840,-0.085998,-0.9354175,-0.1866634,0.2817499
270.020584106,-0.09651342,-0.9337691,-0.1980759,0.2759603
270.053143024,-0.1040095,-0.9322856,-0.2075212,0.2712713
270.085701942,-0.105641,-0.932054,-0.2172329,0.263729
270.120766163,-0.103426,-0.9333212,-0.2280564,0.2506643
270.153324604,-0.1036011,-0.9350141,-0.2369545,0.2355756
270.185883522,-0.1067597,-0.9360097,-0.2450587,0.2214997
270.218442917,-0.1111999,-0.9357256,-0.253938,0.210227
270.253506661,-0.1173182,-0.9346977,-0.2645052,0.1980942
270.286065579,-0.1250268,-0.9334443,-0.2746365,0.1850747
270.318624020,-0.1341486,-0.9319509,-0.284551,0.1706758
270.353687763,-0.1455665,-0.9297462,-0.295722,0.1534887
270.386247158,-0.1581321,-0.926413,-0.3070985,0.1380994
270.418806076,-0.1719029,-0.9217089,-0.3197989,0.123525
270.453869343,-0.1864478,-0.9153535,-0.3352026,0.1078522
270.486428738,-0.1992353,-0.9079465,-0.3517247,0.09410544
270.518987656,-0.2134678,-0.8981833,-0.3707106,0.08306241
270.554051399,-0.2308956,-0.8850685,-0.392712,0.07580262
270.586609841,-0.2479552,-0.8701218,-0.4152447,0.07487135
270.619169235,-0.2666738,-0.8523053,-0.4386412,0.08174473
270.651728153,-0.2830746,-0.8326024,-0.4629982,0.0943516
270.686791897,-0.2945502,-0.810901,-0.4903531,0.1089092
270.719351292,-0.2985811,-0.7922712,-0.5150745,0.1203394
270.751909733,-0.2386986,-0.7942823,-0.549034,0.08560231
270.786973476,-0.1856317,-0.7911944,-0.5773808,0.05302208
270.819532394,-0.1205747,-0.7920234,-0.595638,0.001866296
270.852091789,-0.06479584,-0.7866723,-0.6099955,-0.03848542
270.887155056,-0.0355501,-0.7831022,-0.6162022,-0.04908728
270.919713974,-0.03498642,-0.7839432,-0.6155146,-0.04448034
270.952273369,-0.04767877,-0.7847636,-0.6142673,-0.03429538
270.987337112,-0.06671946,-0.7830798,-0.6153508,-0.0174815
271.019896030,-0.07796469,-0.7790895,-0.6193041,0.005590877
271.052454472,-0.08377895,-0.7759615,-0.6219217,0.02657126
271.087518215,-0.08296135,-0.7738721,-0.6233847,0.0475262
271.120077610,-0.07404718,-0.7727663,-0.6243129,0.0648874
271.152636528,-0.05900567,-0.7735708,-0.623118,0.08036283
271.185194969,-0.03439298,-0.7734366,-0.6235698,0.09165914
271.220259190,-0.003743095,-0.7713084,-0.626547,0.09558137
271.252818108,0.02629334,-0.7687387,-0.6296381,0.09237429
271.285377503,0.05602713,-0.7666551,-0.6314734,0.08348513
271.320440292,0.08335447,-0.7653795,-0.6310702,0.07499564
271.352999687,0.1060121,-0.7660363,-0.6277964,0.06670219
271.385558605,0.130632,-0.7671877,-0.6230196,0.05322221
271.420622349,0.1541474,-0.7706366,-0.6148203,0.0313275
271.453181744,0.1711481,-0.7754415,-0.6049769,-0.005426782
271.485740185,0.1741687,-0.7829751,-0.5927066,-0.04406381
271.520803928,0.1571005,-0.7937801,-0.579509,-0.07764817
271.553362847,0.1332097,-0.8011113,-0.5718496,-0.1004564
271.585922241,0.1140378,-0.8039269,-0.5695935,-0.1135242
271.618480683,0.1089357,-0.8049387,-0.5678577,-0.119883
271.653544426,0.121898,-0.8035711,-0.5639622,-0.1341214
271.686103821,0.1439118,-0.7986239,-0.5608579,-0.1534775
271.718662739,0.158571,-0.7936366,-0.5601271,-0.1669777
271.753726005,0.1621223,-0.7919931,-0.5606737,-0.1695175
271.786284924,0.157726,-0.7936423,-0.5612565,-0.1639309
271.818844318,0.1464522,-0.797331,-0.5615522,-0.1552481
271.853908062,0.1336375,-0.8013069,-0.5621563,-0.1437227
271.886466980,0.1228952,-0.8044314,-0.5630542,-0.1318505
271.919025421,0.1156256,-0.806695,-0.5632205,-0.1236297
271.954089642,0.1131374,-0.8081462,-0.5625321,-0.1195196
271.986648560,0.1153013,-0.8080179,-0.5627571,-0.1172383
272.019207954,0.1226731,-0.8061888,-0.5638765,-0.1169694
272.051766396,0.1311341,-0.8034999,-0.5652962,-0.1194132
272.086830139,0.1360202,-0.8022977,-0.5654439,-0.1213162
272.119389057,0.1378943,-0.8021602,-0.5649066,-0.1226067
272.151948452,0.1413173,-0.8015209,-0.5643779,-0.1252957
272.187011242,0.1458762,-0.8009992,-0.5627332,-0.1306883
272.219570637,0.1481888,-0.8011093,-0.5608478,-0.1354302
272.252129555,0.1479305,-0.8023869,-0.5583917,-0.1382686
272.287193298,0.1441155,-0.8047261,-0.5558351,-0.1390022
272.319752693,0.1410468,-0.806743,-0.5536183,-0.139306
272.352311134,0.1398375,-0.8080721,-0.5515757,-0.1409145
272.387374878,0.1382975,-0.8089695,-0.550319,-0.1421931
272.419934273,0.1384957,-0.8094817,-0.5494381,-0.1424919
272.452493191,0.1406211,-0.8097537,-0.5488523,-0.1411153
272.485052586,0.1439839,-0.8095984,-0.5488982,-0.1384109
272.520115376,0.1456648,-0.810192,-0.5486267,-0.1341901
272.552674770,0.1449059,-0.8114685,-0.5479253,-0.130103
272.585233688,0.1433108,-0.812687,-0.5472572,-0.1270394
272.620296955,0.1430028,-0.8132931,-0.5468174,-0.1253915
272.652855873,0.1446314,-0.8131418,-0.5464421,-0.1261393
272.685415268,0.1459218,-0.8129365,-0.545952,-0.1280829
272.720479011,0.1454317,-0.8132942,-0.5449191,-0.1307398
272.753037929,0.1424558,-0.8143636,-0.5433305,-0.1339329
272.785596847,0.1383279,-0.8158232,-0.5411708,-0.1380572
272.820660591,0.1348375,-0.8171722,-0.5385994,-0.1434813
272.853219509,0.1344923,-0.8175991,-0.536644,-0.1486084
272.885778904,0.1353074,-0.817489,-0.5355822,-0.1522601
272.920841694,0.1345474,-0.8177354,-0.5350391,-0.1535142
272.953401089,0.1309859,-0.8186194,-0.5347304,-0.1529573
272.985960007,0.1260322,-0.8198321,-0.5343753,-0.1518611
273.018519402,0.1217199,-0.820891,-0.5339434,-0.1511762
273.053583145,0.1181902,-0.8217176,-0.5334101,-0.1513692
273.086141586,0.1146285,-0.822557,-0.5326946,-0.1520672
273.118700504,0.1109465,-0.8234001,-0.5320941,-0.1523376
273.153764725,0.1077331,-0.8240484,-0.5318288,-0.1520644
273.186323643,0.1060504,-0.8243468,-0.5317373,-0.15195
273.218882084,0.1055015,-0.8244131,-0.5315945,-0.1524719
273.253945828,0.1047949,-0.8245095,-0.5313545,-0.153271
273.286505222,0.1033144,-0.8247629,-0.5310672,-0.1539081
273.319064140,0.1017304,-0.8250259,-0.5308309,-0.1543673
273.354127407,0.1004523,-0.8252398,-0.5306458,-0.1546975
273.386686325,0.09953956,-0.8253718,-0.5305145,-0.1550333
273.419245720,0.09873615,-0.8254852,-0.5304179,-0.1552742
273.451804638,0.09767211,-0.8256826,-0.5303889,-0.1549955
273.486868382,0.09592529,-0.8260327,-0.5304895,-0.1538728
273.519427300,0.09436767,-0.8263519,-0.5306876,-0.1524325
273.551986218,0.09324363,-0.8265802,-0.5308953,-0.1511575
273.587049961,0.09222472,-0.8267718,-0.5310056,-0.1503453
273.619609356,0.09111909,-0.8269465,-0.530989,-0.1501167
273.652167797,0.09003157,-0.8270913,-0.5309322,-0.150177
273.687231541,0.08912541,-0.8271909,-0.5309204,-0.15021
273.719790459,0.0882808,-0.8272885,-0.5309881,-0.1499317
273.752349853,0.0872333,-0.8274379,-0.5310932,-0.1493469
273.787413120,0.08592779,-0.827621,-0.5312217,-0.1486308
273.819972038,0.08461466,-0.8278184,-0.5313231,-0.1479201
273.852530956,0.08297691,-0.8280794,-0.5314012,-0.1471045
273.885090351,0.08115552,-0.8283983,-0.5313962,-0.1463413
273.920154095,0.07948169,-0.8287029,-0.5313532,-0.1456902
273.952712536,0.07840343,-0.8289018,-0.5313274,-0.1452358
273.985271931,0.07785275,-0.829017,-0.531295,-0.1449929
274.020335674,0.07789194,-0.8290104,-0.5312559,-0.1451532
274.052894592,0.07838544,-0.8289345,-0.5312272,-0.1454264
274.085453033,0.07907255,-0.8288149,-0.5312385,-0.1456936
274.120516777,0.07966737,-0.8287159,-0.5312486,-0.1458965
274.153076172,0.07986775,-0.8286861,-0.5312676,-0.1458871
274.185635090,0.07979503,-0.828711,-0.531288,-0.1457111
274.220698834,0.07954663,-0.8287594,-0.5313066,-0.1455031
274.253257752,0.07918724,-0.8288255,-0.5312952,-0.1453637
274.285816670,0.0788786,-0.8288833,-0.5312828,-0.1452477
274.318376064,0.07873927,-0.828906,-0.5312857,-0.145183
274.353439808,0.07877557,-0.8288885,-0.5312831,-0.1452726
274.385998249,0.07885107,-0.8288644,-0.531284,-0.1453664
274.418557167,0.07892423,-0.828846,-0.5312868,-0.1454213
274.453620911,0.07895951,-0.8288428,-0.5312935,-0.1453968
274.486180306,0.07892194,-0.8288492,-0.5313159,-0.1452982
274.518739224,0.07883042,-0.828871,-0.5313331,-0.1451598
274.553802490,0.07870983,-0.8288974,-0.5313143,-0.1451433
274.586361408,0.07858656,-0.828913,-0.5313042,-0.1451581
274.618920803,0.0785569,-0.8289107,-0.5313139,-0.145152
274.653984547,0.07859077,-0.8289029,-0.5313032,-0.1452168
274.686542988,0.07859573,-0.8288893,-0.5313014,-0.1452982
274.719102383,0.07853191,-0.8288902,-0.5313057,-0.1453121
274.754166126,0.07849387,-0.8288984,-0.5313241,-0.1452196
274.786725044,0.07840977,-0.828917,-0.531333,-0.1451264
274.819283485,0.07830437,-0.8289428,-0.5313325,-0.1450372
274.851842880,0.07825226,-0.8289536,-0.5313373,-0.1449853
274.886906624,0.0782535,-0.8289467,-0.5313401,-0.145015
274.919465542,0.07828204,-0.8289346,-0.5313244,-0.1451254
274.952024937,0.07831068,-0.8289211,-0.531316,-0.1452177
274.987088203,0.07831322,-0.8289074,-0.5313246,-0.1452639
275.019647121,0.07827877,-0.8289064,-0.5313327,-0.1452575
275.052206516,0.07815576,-0.8289213,-0.5313565,-0.1451528
275.087270260,0.0779623,-0.8289531,-0.5313777,-0.1449968
275.119828701,0.07772665,-0.8289951,-0.5313704,-0.1449106
275.152387619,0.07750432,-0.8290324,-0.5313658,-0.1448332
275.187451363,0.07733982,-0.8290532,-0.5313725,-0.1447762
275.220010757,0.07722833,-0.8290712,-0.5313659,-0.1447575
275.252569199,0.07713132,-0.8290794,-0.5313538,-0.1448065
275.285128117,0.07708731,-0.8290793,-0.5313533,-0.1448329
275.320191860,0.07708405,-0.8290804,-0.5313637,-0.1447905
275.352751255,0.0770597,-0.8290817,-0.5313752,-0.1447534
275.385310173,0.07695958,-0.8290944,-0.5313814,-0.1447101
275.420373440,0.07678118,-0.8291212,-0.5313833,-0.1446448
275.452932835,0.07649697,-0.8291659,-0.5313724,-0.1445789
275.485491753,0.07615361,-0.8292239,-0.5313628,-0.1444636
275.520555496,0.07575846,-0.8292978,-0.531344,-0.1443159
275.553113938,0.07550754,-0.8293428,-0.5313486,-0.1441714
275.585673332,0.0754011,-0.8293638,-0.5313486,-0.1441067
275.620737076,0.07542132,-0.829372,-0.5313414,-0.1440747
275.653295994,0.07555978,-0.8293618,-0.5313334,-0.144091
275.685855389,0.07572371,-0.8293321,-0.531319,-0.1442289
275.718413830,0.07579742,-0.8293184,-0.5313169,-0.1442772
275.753477573,0.07587948,-0.8293093,-0.5313193,-0.1442771
275.786036491,0.07586046,-0.8293149,-0.5313134,-0.1442764
275.818595886,0.07573889,-0.8293353,-0.531298,-0.1442799
275.853659153,0.07561772,-0.8293697,-0.5312796,-0.1442143
275.886218071,0.07561162,-0.8293709,-0.5312958,-0.1441508
275.918777466,0.07568,-0.8293672,-0.5312996,-0.1441221
275.953841209,0.07572797,-0.8293588,-0.531302,-0.1441359
275.986399651,0.07580762,-0.8293498,-0.5312977,-0.1441619
276.018958569,0.07589065,-0.8293369,-0.5312966,-0.1441966
276.054022312,0.07598566,-0.8293232,-0.5312908,-0.1442467
276.086581707,0.07602446,-0.8293141,-0.5312822,-0.1443105
276.119140148,0.0760385,-0.8293158,-0.5312766,-0.1443139
276.151699066,0.07601488,-0.8293322,-0.5312728,-0.1442446
276.186763287,0.07593007,-0.8293568,-0.531275,-0.1441412
276.219322205,0.07585292,-0.8293726,-0.5312861,-0.1440487
276.251881599,0.07580324,-0.8293834,-0.5312657,-0.1440888
276.286944389,0.07582104,-0.8293936,-0.5312427,-0.1441049
276.319503784,0.07595982,-0.8293773,-0.5312436,-0.1441228
276.352062702,0.0760712,-0.8293553,-0.5312491,-0.1441706
276.387125969,0.07603487,-0.8293584,-0.5312439,-0.1441915
276.419684887,0.07595195,-0.8293706,-0.5312527,-0.1441321
276.452244282,0.07592005,-0.8293759,-0.5312685,-0.1440599
276.487308025,0.07589763,-0.829392,-0.5312502,-0.1440459
276.519866943,0.07584938,-0.8293901,-0.5312518,-0.1440773
276.552425861,0.0758485,-0.8293902,-0.5312397,-0.1441222
276.587489605,0.07592972,-0.8293828,-0.5312337,-0.144144
276.620048523,0.07605885,-0.8293592,-0.5312301,-0.1442249
276.652607918,0.0761667,-0.8293499,-0.5312138,-0.1442813
276.685166359,0.07621748,-0.8293419,-0.5312197,-0.1442776
276.720230102,0.07623824,-0.8293302,-0.5312374,-0.1442691
276.752789020,0.07617418,-0.829327,-0.5312625,-0.1442292
276.785348415,0.07606845,-0.8293312,-0.5313022,-0.1441139
276.820411682,0.0758765,-0.8293559,-0.5312978,-0.1440897
276.852970600,0.07567382,-0.8293873,-0.5312741,-0.1441029
276.885529518,0.07549115,-0.8294055,-0.5312669,-0.1441208
276.920593739,0.07541458,-0.8294092,-0.531288,-0.1440615
276.953152180,0.07549471,-0.8293983,-0.5312846,-0.1440956
276.985711098,0.07561906,-0.8293701,-0.5312859,-0.1441869
277.020774841,0.07577755,-0.8293563,-0.5312933,-0.1441567
277.053334236,0.07590891,-0.8293378,-0.5313186,-0.1441001
277.085893154,0.07590037,-0.8293388,-0.5313111,-0.144126
277.118451595,0.07582431,-0.8293555,-0.5313025,-0.1441025
277.153515339,0.0758336,-0.829359,-0.5312988,-0.1440915
277.186074734,0.07581522,-0.8293524,-0.5312982,-0.14414
277.218633652,0.07569066,-0.8293623,-0.5312895,-0.1441808
277.253696919,0.07546517,-0.8294027,-0.5312781,-0.1441084
277.286256313,0.0752681,-0.8294367,-0.5312795,-0.1440113
277.318815231,0.07509812,-0.8294598,-0.5313083,-0.1438607
277.353878975,0.07505909,-0.8294707,-0.5313268,-0.1437502
277.386437416,0.07513568,-0.8294487,-0.5313439,-0.1437737
277.418996811,0.07516927,-0.8294345,-0.5313343,-0.1438731
277.454060555,0.07522702,-0.8294193,-0.5313292,-0.1439492
277.486619473,0.07527916,-0.8294197,-0.5313165,-0.1439672
277.519177914,0.07524197,-0.8294287,-0.5313113,-0.1439534
277.551737309,0.07511519,-0.8294432,-0.5313188,-0.1439078
277.586801052,0.07501613,-0.8294609,-0.5313228,-0.1438443
277.619359970,0.07501782,-0.8294588,-0.5313458,-0.14377
277.651918888,0.07504036,-0.829458,-0.5313538,-0.1437336
277.686982632,0.07508992,-0.8294452,-0.5313662,-0.143735
277.719541550,0.0750759,-0.8294417,-0.5313609,-0.1437825
277.752100944,0.07498602,-0.8294468,-0.5313506,-0.1438374
277.787163734,0.07489303,-0.8294536,-0.5313473,-0.1438594
277.819723129,0.07485235,-0.8294526,-0.5313579,-0.1438461
277.852282047,0.07481618,-0.829456,-0.531375,-0.1437832
277.887345791,0.07474896,-0.8294625,-0.5313974,-0.1436978
277.919904232,0.07472169,-0.8294638,-0.5314159,-0.1436355
277.952463627,0.07473042,-0.8294613,-0.5314192,-0.1436339
277.985022545,0.07479317,-0.8294495,-0.531417,-0.143678
278.020086765,0.0748044,-0.8294317,-0.5314113,-0.143795
278.052645206,0.07479058,-0.8294405,-0.5313892,-0.143833
278.085204124,0.07474414,-0.8294418,-0.531396,-0.1438252
278.120267868,0.07464855,-0.8294533,-0.5313939,-0.1438164
278.152827263,0.07454225,-0.8294684,-0.5313967,-0.1437733
278.185385704,0.0744855,-0.829484,-0.5314006,-0.1436992
278.220449448,0.07446998,-0.829488,-0.5314177,-0.1436207
278.253008366,0.07448114,-0.8294821,-0.5314223,-0.1436312
278.285567761,0.0745095,-0.8294636,-0.5314367,-0.1436709
278.320631027,0.07458021,-0.8294473,-0.5314355,-0.143732
278.353189945,0.07464544,-0.8294415,-0.5314204,-0.1437875
278.385749340,0.07466957,-0.8294339,-0.5314184,-0.1438272
278.420813084,0.0746765,-0.8294416,-0.5314135,-0.143797
278.453371525,0.07469007,-0.8294557,-0.5314003,-0.1437564
278.485930443,0.07473162,-0.8294578,-0.5313985,-0.1437298
278.518489838,0.07479562,-0.8294528,-0.5313996,-0.1437221
278.553553581,0.07489012,-0.8294389,-0.5313981,-0.1437577
278.586112023,0.07495831,-0.8294281,-0.5313948,-0.1437968
278.618670941,0.07496456,-0.829417,-0.5313801,-0.1439118
278.653734684,0.07489503,-0.8294185,-0.5313572,-0.1440233
278.686294079,0.07487792,-0.8294169,-0.5313482,-0.1440756
278.718852520,0.07487309,-0.8294182,-0.531332,-0.1441299
278.753916264,0.07481261,-0.829418,-0.5313272,-0.1441799
278.786475658,0.0747427,-0.8294224,-0.531337,-0.1441559
278.819034576,0.07472232,-0.829425,-0.5313822,-0.1439835
278.854097843,0.07467235,-0.8294277,-0.531426,-0.1438332
278.886656761,0.07444275,-0.829461,-0.5314286,-0.1437501
278.919216156,0.07414675,-0.8294909,-0.5314339,-0.1437105
278.951775074,0.07399624,-0.8295062,-0.5314213,-0.1437466
278.986838341,0.07400855,-0.8295142,-0.5313839,-0.143833
279.019397259,0.07409892,-0.8295015,-0.5313755,-0.1438904
279.051956654,0.07426686,-0.8294783,-0.5313891,-0.1438866
279.087019920,0.07450283,-0.8294321,-0.5314298,-0.1438812
279.119578838,0.07462774,-0.8294035,-0.5314439,-0.1439289
279.152138233,0.07458099,-0.8294103,-0.5314295,-0.143967
279.187201977,0.07425229,-0.829462,-0.5313947,-0.1439674
279.219760418,0.07369561,-0.8295577,-0.5313695,-0.143795
279.252319336,0.0731722,-0.8296352,-0.5313559,-0.1436655
279.287383080,0.07283688,-0.8296681,-0.5313578,-0.1436399
279.319942474,0.07290035,-0.8296252,-0.5314093,-0.1436639
279.352500916,0.07309394,-0.8295518,-0.5314617,-0.1437955
279.385059834,0.07308166,-0.8295203,-0.5314865,-0.1438916
279.420124054,0.07279183,-0.8295455,-0.5315182,-0.1437764
279.452682495,0.07234596,-0.8296153,-0.5315425,-0.1435094
279.485241413,0.07179248,-0.8297033,-0.5315391,-0.1432898
279.520305157,0.07119747,-0.8298048,-0.5314816,-0.1432127
279.552864552,0.07089364,-0.8298671,-0.5314216,-0.1432255
279.585422993,0.07109547,-0.829838,-0.5313994,-0.1433756
279.620486736,0.07186609,-0.8297111,-0.5314213,-0.1436454
279.653045654,0.07267315,-0.8295678,-0.5314636,-0.1439102
279.685605049,0.07313796,-0.8295042,-0.5314825,-0.143971
279.720668316,0.07298495,-0.8295488,-0.5314817,-0.1437944
279.753227234,0.0723597,-0.82969,-0.5314305,-0.1434841
279.785786629,0.07158088,-0.8298468,-0.5312762,-0.1435405
279.818345547,0.07120175,-0.829967,-0.5312475,-0.1431401
279.853408813,0.07172825,-0.8298268,-0.531343,-0.143335
279.885967731,0.07251532,-0.8296003,-0.5314211,-0.1439588
279.918527126,0.07304701,-0.8294066,-0.5314637,-0.1446477
279.953589916,0.07318643,-0.8293236,-0.5315457,-0.1447522
279.986149311,0.07253587,-0.8294083,-0.5316417,-0.1442397
280.018708229,0.07090549,-0.8296742,-0.5316553,-0.1434686
280.053771973,0.06876853,-0.8300657,-0.5316519,-0.142252
280.086330891,0.06750423,-0.8303342,-0.5316833,-0.1411699
280.118889809,0.06743229,-0.8304027,-0.5317235,-0.1406488
280.153953552,0.068397,-0.8303006,-0.5316786,-0.1409552
280.186511993,0.06977504,-0.8300994,-0.5316017,-0.1417521
280.219071388,0.07137159,-0.8298665,-0.5315267,-0.1425999
280.254135132,0.07275222,-0.8296699,-0.5314319,-0.1433977
280.286694050,0.07338795,-0.8295969,-0.5313691,-0.1437284
280.319252491,0.07345426,-0.8296222,-0.5313334,-0.1436805
280.351811886,0.07307876,-0.8297146,-0.5313356,-0.1433292
280.386875630,0.07240435,-0.8298734,-0.5313136,-0.1428331
280.419434071,0.07186641,-0.8299931,-0.5312882,-0.142503
280.451993466,0.07175583,-0.830034,-0.531256,-0.1424398
280.487057209,0.07218156,-0.8299763,-0.5312714,-0.1425054
280.519616127,0.07281919,-0.8298645,-0.5313268,-0.1426248
280.552174568,0.07327849,-0.8297629,-0.5313706,-0.1428176
280.587238312,0.07334804,-0.8297197,-0.531386,-0.142975
280.619797707,0.07316481,-0.8297697,-0.5313649,-0.142857
280.652356625,0.0728699,-0.8298391,-0.5313954,-0.142491
280.687419891,0.07229327,-0.8299703,-0.5313975,-0.1420124
280.719978809,0.07196438,-0.8300523,-0.5313638,-0.1418255
280.752538204,0.07194726,-0.8300424,-0.5313489,-0.1419475
280.785096645,0.07221023,-0.8299815,-0.5313555,-0.1421455
280.820160389,0.07239695,-0.8299379,-0.5313706,-0.1422489
280.852719784,0.07248091,-0.8299276,-0.5314003,-0.1421553
280.885278702,0.07264085,-0.8299274,-0.531389,-0.1421168
280.920341969,0.07267676,-0.8299425,-0.5313234,-0.1422557
280.952900887,0.07250927,-0.8299765,-0.5312614,-0.142374
280.985460281,0.07244629,-0.8299791,-0.531265,-0.1423774
281.020523071,0.07256554,-0.8299378,-0.5313047,-0.1424095
281.053082466,0.07269413,-0.8299047,-0.5313255,-0.1424588
281.085641384,0.07278948,-0.8298976,-0.5313343,-0.1424195
281.120704651,0.07263493,-0.8299491,-0.5313252,-0.1422323
281.153264046,0.07228411,-0.8300208,-0.5313082,-0.1420559
281.185822964,0.07204486,-0.8300511,-0.5313142,-0.1419773
281.218382359,0.07205014,-0.830026,-0.5313233,-0.1420878
281.253445149,0.07210971,-0.8299994,-0.5313121,-0.1422548
281.286004543,0.07207063,-0.83,-0.5313123,-0.1422694
281.318563461,0.07190011,-0.8300282,-0.5313215,-0.1421576
281.353626728,0.07156616,-0.8300735,-0.5313542,-0.141939
281.386185646,0.07126693,-0.8300908,-0.5314115,-0.1417737
281.418745041,0.07114626,-0.8300714,-0.5314947,-0.1416364
281.453808308,0.07118581,-0.8300427,-0.5315633,-0.1415265
281.486367226,0.07118809,-0.8300228,-0.5315923,-0.1415341
281.518926621,0.07104897,-0.8300107,-0.5316213,-0.1415653
281.553990364,0.07092816,-0.8299894,-0.5316691,-0.1415707
281.586548805,0.07070018,-0.8299942,-0.5317187,-0.1414714
281.619107723,0.07021748,-0.8300321,-0.5317797,-0.141259
281.651667118,0.06958269,-0.8301245,-0.5317941,-0.1409767
281.686729908,0.06879586,-0.8302313,-0.5318349,-0.1405795
281.719289303,0.06798869,-0.8303462,-0.5318656,-0.1401769
281.751848221,0.06711507,-0.8304651,-0.5319014,-0.1397558
281.786911488,0.06604317,-0.8305993,-0.5320044,-0.1390765
281.819470882,0.06483395,-0.8307471,-0.5321385,-0.1382463
281.852029800,0.06327014,-0.8309489,-0.5322868,-0.1371833
281.887093544,0.06112164,-0.8312532,-0.5324302,-0.1357494
281.919651985,0.0584668,-0.8316333,-0.5325681,-0.1340394
281.952211380,0.05558972,-0.8320451,-0.5326708,-0.1322887
281.987275124,0.0523386,-0.8324973,-0.532736,-0.1304953
282.019833565,0.04960546,-0.8328959,-0.532758,-0.1289193
282.052392483,0.04751344,-0.8331681,-0.5328228,-0.127675
282.087456703,0.04584356,-0.8333737,-0.5328946,-0.1266401
282.120015144,0.04461509,-0.833547,-0.5328878,-0.1259657
282.152574062,0.04393055,-0.8336316,-0.5328474,-0.1258168
282.185133457,0.04368421,-0.8336648,-0.5328078,-0.1258503
282.220197201,0.04378327,-0.8336169,-0.5328507,-0.1259515
282.252755642,0.04363031,-0.833566,-0.532937,-0.1259761
282.285314560,0.04320082,-0.8335368,-0.5330929,-0.1256577
282.320378304,0.04257611,-0.8334925,-0.5333726,-0.1249757
282.352936745,0.04214185,-0.8333592,-0.5337783,-0.1242774
282.385496140,0.04142703,-0.8331298,-0.5344375,-0.1232173
282.420559883,0.03979278,-0.8328391,-0.5354968,-0.1211045
282.453118324,0.03701542,-0.8324943,-0.5370125,-0.1175939
282.485677719,0.03331446,-0.8319846,-0.5390992,-0.1126568
282.520741463,0.02847537,-0.8312068,-0.541859,-0.1063058
282.553299904,0.02267651,-0.8304616,-0.5446654,-0.09892745
282.585858822,0.01453546,-0.8308328,-0.5458219,-0.09061825
282.618418217,0.004059062,-0.8332883,-0.5440955,-0.07875282
282.653481960,-0.009803196,-0.8357669,-0.5421361,-0.06413848
282.686040401,-0.02338104,-0.8368636,-0.5415182,-0.04998448
282.718599319,-0.03154628,-0.8377459,-0.5406096,-0.03944226
282.753663540,-0.03518633,-0.8384674,-0.5395678,-0.03505248
282.786221981,-0.03666814,-0.8388947,-0.5389172,-0.03327223
282.818780899,-0.03956541,-0.8396282,-0.5377014,-0.0310458
282.853844643,-0.04397218,-0.8423374,-0.5333025,-0.02739017
282.886403084,-0.04860998,-0.845463,-0.5280217,-0.0254983
282.918962479,-0.05419296,-0.8488218,-0.5221159,-0.02423245
282.954026222,-0.06155065,-0.8527746,-0.5148498,-0.02333235
282.986584663,-0.07645414,-0.8565325,-0.5067152,-0.01934605
283.019143581,-0.09493691,-0.8589303,-0.4997019,-0.01231032
283.051702976,-0.1169074,-0.8582491,-0.4963405,-0.003861151
283.086766243,-0.1289499,-0.8555118,-0.4980892,0.00247245
283.119325161,-0.1294651,-0.854031,-0.5004886,0.002957765
283.151884556,-0.1261925,-0.8526838,-0.5036196,0.0008388146
283.186947346,-0.1208077,-0.851456,-0.5070038,-0.001677969
283.219506741,-0.1146465,-0.8504437,-0.5101079,-0.004399794
283.252065659,-0.1085622,-0.8492795,-0.5133546,-0.005790285
283.287128925,-0.1036159,-0.8476514,-0.5170533,-0.005868864
283.319687843,-0.1009682,-0.8458096,-0.5205895,-0.005056548
283.352247238,-0.1007065,-0.8436725,-0.52411,-0.003364939
283.387310505,-0.1037154,-0.8412111,-0.5274792,-0.0005497499
283.419869423,-0.109547,-0.8386581,-0.5303482,0.003238662
283.452428818,-0.1178745,-0.8360018,-0.5326989,0.008142877
283.484987736,-0.1278595,-0.8332238,-0.5346289,0.01376943
283.520051003,-0.1387043,-0.8303223,-0.5362537,0.01963585
283.552609921,-0.1465391,-0.8276716,-0.5380826,0.0241009
283.585169315,-0.1507106,-0.8253367,-0.5404065,0.0263462
283.620232582,-0.1509096,-0.8231026,-0.543733,0.02665716
283.652791500,-0.1471523,-0.821395,-0.5473944,0.0253676
283.685350418,-0.1407211,-0.8199983,-0.5512652,0.02312467
283.720413685,-0.1332222,-0.818363,-0.5556414,0.02059565
283.752973080,-0.1271084,-0.8167013,-0.5595974,0.01791304
283.785531998,-0.1230583,-0.8147628,-0.5633925,0.01533074
283.820595264,-0.1213699,-0.8123214,-0.5673218,0.01329321
283.853154182,-0.1230295,-0.8092043,-0.5714059,0.01323176
283.885713577,-0.1291136,-0.8052166,-0.5755857,0.01686982
283.920776844,-0.1435878,-0.799843,-0.5792549,0.02693211
283.953335762,-0.1641576,-0.7950261,-0.5794813,0.04260031
283.985894680,-0.1900213,-0.7910538,-0.5753953,0.0606109
284.018453598,-0.2104807,-0.7877225,-0.5712752,0.07391459
284.053517342,-0.216464,-0.7877802,-0.5689874,0.07366683
284.086076260,-0.2182148,-0.788585,-0.5675792,0.07069294
284.118634701,-0.2183908,-0.7899005,-0.5659784,0.06825745
284.153698444,-0.2220701,-0.7906783,-0.5633736,0.06892511
284.186257839,-0.2253981,-0.791782,-0.5602666,0.07075281
284.218816280,-0.2287005,-0.7930691,-0.5567427,0.07350438
284.253880024,-0.2308878,-0.7937825,-0.5544011,0.0765979
284.286438942,-0.2339064,-0.7933215,-0.5531815,0.08091185
284.318997860,-0.2385647,-0.7916828,-0.5524418,0.08809572
284.354061604,-0.2421469,-0.7890357,-0.5533372,0.09608914
284.386620045,-0.2401529,-0.7872884,-0.5562387,0.09863894
284.419178963,-0.2359702,-0.7858847,-0.5599597,0.09887374
284.451738358,-0.2302559,-0.7848258,-0.5639938,0.097823
284.486801148,-0.2220992,-0.7842522,-0.5686842,0.09405483
284.519360542,-0.2138508,-0.7838281,-0.5731829,0.08927659
284.551919460,-0.2075305,-0.783066,-0.5770352,0.08600468
284.586982727,-0.204873,-0.7816402,-0.5799345,0.08584349
284.619542122,-0.2053879,-0.7797636,-0.5818297,0.08880649
284.687164307,-0.2109939,-0.7752786,-0.5842824,0.09831859
284.719723225,-0.2147837,-0.7729985,-0.5850179,0.1035515
284.752282619,-0.2176063,-0.7708246,-0.5860977,0.1076763
284.787345409,-0.2190392,-0.7686642,-0.5879039,0.1103344
284.819904804,-0.2191898,-0.7668384,-0.5898682,0.1122408
284.852463722,-0.2177154,-0.7654569,-0.5921896,0.112317
284.885022640,-0.2144112,-0.7645465,-0.5948814,0.1106356
284.920086384,-0.209529,-0.7637042,-0.5983298,0.1071565
284.952645302,-0.2052238,-0.7628689,-0.6014822,0.1037365
284.985203743,-0.2021723,-0.7619396,-0.6041073,0.1012746
285.020267487,-0.2005944,-0.7608626,-0.6062606,0.09962756
285.052826881,-0.200167,-0.7600875,-0.6074455,0.09918526
285.085385323,-0.1998498,-0.7593756,-0.6083144,0.0999504
285.120449066,-0.2001171,-0.7585541,-0.608803,0.1026417
285.153007984,-0.20123,-0.7577291,-0.608687,0.1071489
285.185566902,-0.2027283,-0.7567704,-0.6085512,0.1117709
285.220630646,-0.2040669,-0.7555867,-0.6088019,0.1159019
285.253189087,-0.205639,-0.7544764,-0.6088203,0.120181
285.285748005,-0.2083229,-0.7534341,-0.6082128,0.1250744
285.318307400,-0.2125677,-0.7522163,-0.6071361,0.1303808
285.353370190,-0.2172756,-0.7509525,-0.606095,0.1346783
285.385929585,-0.2210838,-0.7499049,-0.6052504,0.1380735
285.418488503,-0.224089,-0.7487957,-0.6045293,0.1423417
285.453551769,-0.2256941,-0.7478431,-0.604176,0.1462594
285.486111164,-0.2267151,-0.7472143,-0.6034767,0.1507136
285.518670082,-0.2297447,-0.7463646,-0.6018693,0.1566466
285.553733349,-0.2372762,-0.7449074,-0.5980576,0.1666368
285.586292267,-0.2466707,-0.7424151,-0.5938558,0.1787072
285.618851662,-0.2566472,-0.7392902,-0.5893395,0.192065
285.653914452,-0.2661033,-0.7360966,-0.5847609,0.20502
285.686473846,-0.2725626,-0.7337865,-0.5819221,0.2127479
285.719032288,-0.2772845,-0.7320949,-0.5805269,0.2162557
285.754096031,-0.280623,-0.730587,-0.5804021,0.2173813
285.786655426,-0.2819279,-0.7295192,-0.5811101,0.2173871
285.819213867,-0.2826428,-0.7282814,-0.5821296,0.2178813
285.851772785,-0.2840608,-0.7266704,-0.5827288,0.2198054
285.886836529,-0.2869582,-0.724673,-0.5824495,0.2233482
285.919394970,-0.2899938,-0.7230117,-0.5814453,0.2273912
285.951954365,-0.2925526,-0.7218733,-0.5798552,0.2317492
285.987017632,-0.2963792,-0.7219969,-0.5765879,0.2346358
286.019576550,-0.2971495,-0.7235139,-0.5745357,0.2340218
286.052135468,-0.2940417,-0.7268314,-0.573654,0.2297916
286.087198734,-0.2870311,-0.7302175,-0.5750561,0.224352
286.119758129,-0.2756605,-0.7330821,-0.578702,0.2198492
286.152317047,-0.2509825,-0.7397532,-0.5852996,0.2093444
286.187380314,-0.2026097,-0.7523469,-0.5958509,0.1857759
286.219939232,-0.1470072,-0.7636515,-0.6079422,0.1491942
286.252498627,-0.09353077,-0.7724803,-0.6153061,0.1120369
286.285057068,-0.05313803,-0.7797267,-0.614871,0.0881129
286.320120812,-0.03094359,-0.78665,-0.6084455,0.08152412
286.352679253,-0.02755287,-0.7937459,-0.598285,0.08883075
286.385238648,-0.03189233,-0.8016443,-0.5855675,0.1004378
286.420302391,-0.03592748,-0.8104352,-0.5704216,0.1146778
286.452860832,-0.03437719,-0.8179531,-0.5571699,0.1263341
286.485419750,-0.02949966,-0.8257385,-0.5439335,0.1343496
286.520483017,-0.02526419,-0.8353885,-0.5276045,0.1405308
286.553041935,-0.02321929,-0.8441674,-0.5117664,0.146851
286.585601330,-0.0241315,-0.8522534,-0.4955258,0.1554469
286.620664597,-0.02863775,-0.8608138,-0.4766246,0.1662413
286.653223514,-0.03567364,-0.8687472,-0.4578917,0.1759791
286.685782909,-0.04496173,-0.8766159,-0.4377684,0.1857674
286.718341350,-0.05435668,-0.8836636,-0.4170112,0.1972647
286.753405094,-0.06147344,-0.8899558,-0.3951791,0.2113312
286.785964012,-0.06172235,-0.8940774,-0.377111,0.2263426
286.818522453,-0.05277484,-0.8964774,-0.3631096,0.2415
286.853586197,-0.03471066,-0.8976656,-0.3535659,0.2541859
286.886145115,-0.01605747,-0.8972945,-0.3490938,0.2633743
286.918704033,-0.001787446,-0.8950773,-0.3474772,0.2733506
286.953767776,0.004705823,-0.8907659,-0.347443,0.2870976
286.986326218,0.004086525,-0.885618,-0.3478644,0.3021295
287.018885612,0.002312067,-0.8802325,-0.348547,0.316746
287.053948402,0.003565843,-0.874805,-0.349932,0.3299676
287.086507797,0.00940427,-0.87084,-0.3514502,0.3386143
287.119066715,0.01784965,-0.8681738,-0.352668,0.3438148
287.151625156,0.025801,-0.8667329,-0.3527707,0.346827
287.186689377,0.0305879,-0.8663573,-0.3506823,0.3494841
287.219248295,0.03069746,-0.8673316,-0.345797,0.3519173
287.251806736,0.02817474,-0.8691483,-0.3388342,0.35441
287.286870480,0.02412735,-0.8716626,-0.3294571,0.3573626
287.319428921,0.02068822,-0.8744494,-0.3197459,0.3595836
287.351988316,0.01840945,-0.8772983,-0.3099454,0.3613452
287.387052059,0.01581799,-0.8797948,-0.3000933,0.3637069
287.419610500,0.01213418,-0.8815016,-0.2916341,0.3665856
287.452169418,0.006914518,-0.8826942,-0.2842683,0.3696244
287.487232685,-0.0008396236,-0.8835001,-0.2776556,0.372776
287.519792080,-0.007710644,-0.8837831,-0.27251,0.375811
287.552350998,-0.01196481,-0.883886,-0.2693152,0.3777556
287.587414265,-0.0131713,-0.8838294,-0.2683127,0.3785607
287.619973183,-0.01221494,-0.8837515,-0.2689563,0.3783181
287.652532577,-0.0107497,-0.8837374,-0.2701299,0.3775578
287.685091019,-0.009433161,-0.8838119,-0.271325,0.3765607
287.720154762,-0.007861201,-0.8842179,-0.2720348,0.3751289
287.752713203,-0.0060402,-0.884627,-0.2721429,0.3741184
287.785272598,-0.003963858,-0.8848296,-0.2717558,0.3739485
287.820336342,-0.001046959,-0.8848606,-0.2705969,0.3747342
287.852894783,0.001751321,-0.8850696,-0.2688257,0.3755118
287.885453701,0.003787775,-0.8854353,-0.2661664,0.3765278
287.920516968,0.005297709,-0.8857935,-0.2630633,0.3778454
287.953075886,0.005630174,-0.8863571,-0.2603608,0.3783906
287.985635281,0.004590631,-0.8871548,-0.2575876,0.378433
288.020698547,0.003172616,-0.8881158,-0.2551034,0.3778761
288.053257465,0.001997062,-0.8888463,-0.2534421,0.3772836
288.085816860,0.001526739,-0.8893143,-0.2520024,0.3771477
288.118375301,0.002817016,-0.8896433,-0.2510549,0.376996
288.153439045,0.005641257,-0.8900338,-0.2503776,0.3764926
288.185997486,0.0090241,-0.8904546,-0.2496398,0.3759216
288.218556404,0.01287837,-0.8909315,-0.2488988,0.3751697
288.253619671,0.01697678,-0.8914289,-0.248161,0.3743127
288.286179066,0.02049552,-0.8918164,-0.2475898,0.3735912
288.318737984,0.02383776,-0.8921533,-0.2467605,0.3731372
288.353801251,0.02765244,-0.8925036,-0.2456501,0.3727688
288.386360169,0.03193873,-0.8927909,-0.2444052,0.3725563
288.418919563,0.03788692,-0.8928549,-0.2433343,0.3725467
288.453982353,0.04641544,-0.8925879,-0.2427272,0.3726175
288.486541748,0.05657841,-0.8919683,-0.2419614,0.3731941
288.519100189,0.07007404,-0.8909996,-0.2405377,0.3741373
288.551659107,0.08815552,-0.8897675,-0.238338,0.3746531
288.586723328,0.1119148,-0.8874811,-0.2350422,0.3758128
288.619281769,0.1337055,-0.8856905,-0.2309751,0.3754376
288.651840687,0.1487252,-0.8857453,-0.2225947,0.3747202
288.686903953,0.1583719,-0.8878554,-0.2067465,0.3748529
288.719462871,0.1663766,-0.8898033,-0.1875444,0.3768603
288.752022266,0.1770969,-0.890615,-0.1669922,0.3797142
288.787085533,0.1913646,-0.8896609,-0.1462846,0.3835512
288.819644451,0.2034052,-0.887696,-0.1274204,0.388605
288.852202892,0.212054,-0.8856367,-0.1079806,0.3945232
288.887266636,0.2180178,-0.8830863,-0.08615506,0.4022834
288.919825077,0.2233651,-0.8794944,-0.06605311,0.4109286
288.952384472,0.2297817,-0.8747774,-0.04636617,0.4200508
288.984943390,0.2348098,-0.8698812,-0.02633612,0.4290749
289.020006657,0.2348532,-0.8648071,-0.003834214,0.439961
289.052565575,0.2304552,-0.8598146,0.01780065,0.4515752
289.085124970,0.2254729,-0.8544787,0.03855408,0.4627846
289.120188236,0.2187641,-0.8489499,0.05929942,0.4738541
289.152747154,0.2093955,-0.8443714,0.0770906,0.4836065
289.185305595,0.1977034,-0.8398578,0.09321219,0.4934484
289.220369339,0.183461,-0.8346424,0.1084181,0.5045664
289.252927780,0.1687825,-0.8301849,0.1200449,0.5143174
289.285487175,0.1529861,-0.8259662,0.1319492,0.5230603
289.320550919,0.140654,-0.8223316,0.1424603,0.5294526
289.353109360,0.132513,-0.8176468,0.146817,0.537556
289.385668755,0.1264513,-0.8136079,0.1468953,0.5450705
289.420731545,0.1206582,-0.8107085,0.1440968,0.5514137
289.453290939,0.1141788,-0.8081501,0.1400699,0.5575526
289.485849857,0.108898,-0.8056207,0.1333778,0.5638746
289.518408299,0.1029345,-0.8048822,0.1249123,0.5679735
289.553472042,0.09671663,-0.8095692,0.1217897,0.5630617
289.586030483,0.08993483,-0.8142771,0.123732,0.5569403
289.618589878,0.08494309,-0.8190351,0.1255164,0.5503085
289.653653145,0.07971589,-0.8250205,0.1297407,0.541093
289.686212063,0.07372162,-0.8285804,0.1334604,0.5355703
289.718771458,0.06601257,-0.8313376,0.1376985,0.5312126
289.753834248,0.05871569,-0.8346805,0.141443,0.5258161
289.786393642,0.05370255,-0.8381708,0.1425818,0.520465
289.818952084,0.0497334,-0.8416402,0.142436,0.5152747
289.854015827,0.04818073,-0.8449808,0.1408022,0.5103807
289.886574745,0.04881528,-0.8475492,0.1392914,0.5064614
289.919133663,0.04995558,-0.8496764,0.1375457,0.5032527
289.951692581,0.05036058,-0.8511614,0.136989,0.500849
289.986755848,0.05108245,-0.8520486,0.1374951,0.4991259
290.019314766,0.05173573,-0.8525062,0.1380145,0.4981329
290.051874161,0.05169858,-0.8527055,0.1389456,0.4975363
290.086936951,0.05175925,-0.8529765,0.1392115,0.4969907
290.119496346,0.05083543,-0.8536364,0.1394056,0.4958978
290.152054787,0.04895631,-0.8544663,0.1404492,0.4943606
290.187118530,0.04485289,-0.8556201,0.1423485,0.4922062
290.219676971,0.03877605,-0.8565894,0.1452895,0.4901731
290.252236366,0.03258632,-0.8575555,0.1483841,0.4880027
290.287299156,0.02552671,-0.8586035,0.1520713,0.4854383
290.319858551,0.01956644,-0.8589522,0.1564654,0.4836987
290.352417469,0.0158105,-0.8583195,0.1614443,0.4833229
290.384975910,0.01407618,-0.8576804,0.1651569,0.4832569
290.420040131,0.009819819,-0.8570627,0.1691667,0.4830708
290.452598572,2.132494E-05,-0.857584,0.176281,0.4796899
290.485157490,-0.01666341,-0.8557295,0.1885221,0.478055
290.520221233,-0.03344648,-0.85006,0.2028712,0.4814045
290.552779675,-0.04139133,-0.8439572,0.2107889,0.4880766
290.585339070,-0.04972157,-0.8374978,0.2181275,0.4951498
290.620401859,-0.06282593,-0.8284255,0.2295078,0.5037042
290.652961254,-0.07183921,-0.81863,0.2368097,0.5150078
290.685520172,-0.08134296,-0.8053962,0.2390654,0.5331001
290.720583439,-0.0915209,-0.7945897,0.2423232,0.5460387
290.753142834,-0.1037973,-0.7787465,0.241375,0.566697
290.785701275,-0.1069994,-0.7583709,0.2232407,0.6001799
290.820765018,-0.108034,-0.7497252,0.2009633,0.6184515
290.853323460,-0.09266838,-0.7529927,0.1948521,0.6189305
290.885882378,-0.07516111,-0.7578453,0.183824,0.618755
290.918441772,-0.06035814,-0.7633917,0.1807626,0.6144451
290.953505039,-0.04822769,-0.7646503,0.1792695,0.6143894
290.986063957,-0.03850712,-0.7570852,0.1710351,0.6266689
291.018622398,-0.03093549,-0.7579868,0.1669715,0.6270942
291.053686142,-0.02447982,-0.7576017,0.1628206,0.6289337
291.086244583,-0.02388161,-0.757092,0.1629643,0.6295328
291.118803978,-0.023491,-0.757548,0.164142,0.6286925
291.153867245,-0.02356601,-0.7587159,0.163844,0.6273578
291.186426163,-0.02403727,-0.7592508,0.1642904,0.6265755
291.218985081,-0.02325067,-0.759625,0.1645553,0.6260818
291.254048348,-0.02212861,-0.7597542,0.1634779,0.6262479
291.286607742,-0.0212792,-0.7594653,0.1623227,0.626928
291.319166184,-0.02013715,-0.7591065,0.1613698,0.627646
291.351725102,-0.01885823,-0.7587035,0.1603447,0.6284351
291.386788368,-0.01767347,-0.7585224,0.1593992,0.6289285
291.419347286,-0.01711907,-0.7586901,0.1587294,0.6289108
291.451906681,-0.01684099,-0.7588639,0.1586553,0.6287275
291.486969948,-0.01595607,-0.7592083,0.158446,0.6283875
291.519528866,-0.01445979,-0.7592913,0.157536,0.6285521
291.552087307,-0.01205402,-0.75911,0.1559909,0.6292069
291.587151051,-0.009413226,-0.7591285,0.1540735,0.6297019
291.619709492,-0.008695506,-0.7590829,0.1530388,0.6300194
291.652268886,-0.009153298,-0.75898,0.1528539,0.6301818
291.687332630,-0.009786657,-0.7588961,0.1527378,0.6303013
291.719891071,-0.01041926,-0.7588852,0.1526795,0.6303186
291.752450466,-0.01050345,-0.758877,0.1524621,0.6303795
291.785008907,-0.01019889,-0.7590266,0.1522905,0.630246
291.820072651,-0.01052509,-0.7591001,0.1522966,0.6301506
291.852631092,-0.01102358,-0.7590488,0.1521646,0.6302357
291.885190010,-0.01141015,-0.7588575,0.1518339,0.6305388
291.920253754,-0.01184346,-0.7585961,0.1510261,0.6310392
291.952812195,-0.0124244,-0.7582998,0.1504437,0.6315231
291.985371590,-0.0125953,-0.7582651,0.1499084,0.6316887
292.020434856,-0.01243509,-0.7583697,0.149353,0.631698
292.052993774,-0.01229088,-0.758444,0.1489802,0.6316996
292.085552216,-0.01225132,-0.7584193,0.1484364,0.6318579
292.120615959,-0.01232741,-0.7581489,0.1476844,0.6323569
292.153175354,-0.01242303,-0.7576158,0.1468395,0.6331903
292.185733795,-0.01268701,-0.7569003,0.1459319,0.6342496
292.218292713,-0.01278643,-0.7559975,0.1446294,0.6356211
292.253355980,-0.01267027,-0.7549278,0.143078,0.637244
292.285915375,-0.01266967,-0.754159,0.1420096,0.6383922
292.318473816,-0.01296755,-0.7536567,0.1414138,0.6391113
292.353537560,-0.01340184,-0.753402,0.1411117,0.6394694
292.386096001,-0.0133848,-0.7534806,0.1407905,0.6394478
292.418654919,-0.01255004,-0.7537134,0.14041,0.6392741
292.453718662,-0.0113995,-0.7540902,0.1398419,0.6389757
292.486277580,-0.0105554,-0.7544532,0.1392276,0.6386959
292.518836498,-0.009937993,-0.7549065,0.1383812,0.6383538
292.553899765,-0.009066966,-0.7555007,0.1372034,0.6379181
292.586458683,-0.00817073,-0.7557324,0.1363019,0.6378489
292.619017124,-0.007980188,-0.7559416,0.1359649,0.6376755
292.654080868,-0.008328846,-0.7562551,0.1360261,0.637286
292.686639309,-0.008696033,-0.7566411,0.1360296,0.636822
292.719198704,-0.008915714,-0.7569511,0.1359103,0.636476
292.751757622,-0.009056691,-0.7570406,0.135997,0.6363489
292.786820888,-0.009500525,-0.7571543,0.1362566,0.6361516
292.819380283,-0.01001529,-0.7573484,0.1364215,0.6358774
292.851938724,-0.01036729,-0.7577262,0.1367764,0.6353452
292.887002468,-0.01091347,-0.7584116,0.1374335,0.6343756
292.919560909,-0.01170081,-0.7593474,0.1380306,0.6331113
292.952119827,-0.01225466,-0.760317,0.1383174,0.6318733
292.987183094,-0.01242728,-0.7613308,0.138308,0.6306502
293.019742489,-0.01346731,-0.7620999,0.1381077,0.6297432
293.052301407,-0.01490407,-0.7625929,0.1377165,0.6291993
293.087364674,-0.01619687,-0.7632862,0.1371089,0.6284592
293.119923592,-0.01749712,-0.7636596,0.1363134,0.6281436
293.152482033,-0.01863562,-0.7638725,0.1354961,0.6280288
293.185041428,-0.02007854,-0.7640338,0.1347633,0.6279458
293.220104694,-0.0218284,-0.7641674,0.1341856,0.6278483
293.252663612,-0.02308327,-0.7643461,0.1336352,0.6277034
293.285222530,-0.02453911,-0.7644001,0.133169,0.6276816
293.320285797,-0.02601611,-0.7641535,0.1327558,0.6280098
293.352845192,-0.02685336,-0.7641515,0.1324362,0.6280444
293.385403633,-0.02754344,-0.7642752,0.1326033,0.6278287
293.420467377,-0.02829744,-0.7642177,0.1327298,0.6278386
293.453025818,-0.02882443,-0.763834,0.1325776,0.6283134
293.485584736,-0.02882381,-0.7633451,0.1326799,0.6288856
293.520648003,-0.02886736,-0.7628646,0.1328598,0.6294284
293.553207398,-0.02905769,-0.7625425,0.1331276,0.6297535
293.585765839,-0.02964586,-0.7625232,0.1336233,0.6296443
293.618324757,-0.03064214,-0.7623544,0.1341651,0.6296859
293.653388500,-0.03173914,-0.7617525,0.1343932,0.630311
293.685946941,-0.03251623,-0.7606454,0.1344129,0.6316029
293.718506336,-0.03176199,-0.7593359,0.1344878,0.633199
293.753569603,-0.02916249,-0.757843,0.1347275,0.6350588
293.786128521,-0.02603016,-0.7578657,0.1349693,0.6351166
293.818686962,-0.02102942,-0.7604045,0.1348636,0.6322835
293.853750706,-0.02372422,-0.761156,0.1345716,0.6313455
293.886309147,-0.03040029,-0.7519369,0.127724,0.6434135
293.918868542,-0.03535938,-0.7392891,0.1111576,0.6606612
293.953931808,-0.03537685,-0.7289697,0.08998922,0.6751899
293.986490726,-0.02146513,-0.7291945,0.06894245,0.6780037
294.019049644,-0.0004245423,-0.7314568,0.07084365,0.6757068
294.051608562,0.009333077,-0.7258136,0.06996239,0.6817921
294.086672306,-0.010024,-0.7232961,0.06172621,0.6852444
294.119230747,-0.01224164,-0.723227,0.06183597,0.6852714
294.151789665,-0.01300648,-0.7255623,0.06158055,0.6828072
294.186852932,-0.02384578,-0.725657,0.06601483,0.6819993
294.219411850,-0.02968549,-0.7271714,0.06805998,0.679953
294.251970768,-0.0336361,-0.728699,0.0676638,0.6781709
294.287034512,-0.0369048,-0.7285216,0.06677861,0.6782791
294.319592953,-0.03871802,-0.7276074,0.064749,0.6793554
294.352151871,-0.04030781,-0.7262071,0.06403903,0.680827
294.387215614,-0.04190299,-0.7254323,0.06235702,0.6817122
294.419774056,-0.04426545,-0.7247288,0.06074389,0.6824564
294.452333450,-0.04677898,-0.7242761,0.06046518,0.682794
294.487396717,-0.04918892,-0.7245772,0.05935227,0.6824027
294.519955635,-0.05101576,-0.724867,0.0580089,0.6820762
294.552514076,-0.0515762,-0.7253448,0.05645704,0.6816561
294.585073471,-0.05300318,-0.7256929,0.05385969,0.6813862
294.620136261,-0.05397062,-0.7254236,0.0534335,0.6816306
294.652695656,-0.05551317,-0.7259319,0.05094893,0.6811557
294.685254574,-0.05771686,-0.7260141,0.04953238,0.6809893
294.720317841,-0.05979474,-0.7262775,0.04783497,0.6806506
294.752876759,-0.06148895,-0.726347,0.0463384,0.680529
294.785435677,-0.06256738,-0.7264052,0.04516051,0.6804478
294.820499420,-0.06307976,-0.7265092,0.04365126,0.6803878
294.853057861,-0.06353477,-0.7265729,0.04200298,0.6803814
294.885616779,-0.06425777,-0.7265047,0.04075186,0.6804622
294.920680046,-0.06538762,-0.7263985,0.03969697,0.6805304
294.953238964,-0.06645802,-0.7263158,0.03813315,0.6806044
294.985797882,-0.06743714,-0.7253502,0.03674286,0.6816136
295.018356800,-0.06857004,-0.7242898,0.03505873,0.682716
295.053420067,-0.0701403,-0.7228062,0.03303333,0.6842281
295.085978985,-0.07159025,-0.7211074,0.03072768,0.6859757
295.118538380,-0.07264403,-0.7192608,0.02828047,0.6879061
295.153601170,-0.07322983,-0.7171946,0.02478977,0.6901321
295.186160564,-0.07317891,-0.7153152,0.02037734,0.6922294
295.218719006,-0.07229313,-0.7134418,0.01593964,0.694369
295.253782749,-0.07066607,-0.7118531,0.01156646,0.696251
295.286341190,-0.0691895,-0.7107047,0.007132485,0.6976307
295.318900585,-0.06790254,-0.7098517,0.002419695,0.6986571
295.353963375,-0.06589509,-0.7094706,-0.002444315,0.6992362
295.386522770,-0.06465044,-0.7090896,-0.005290317,0.6997228
295.419081211,-0.06338634,-0.7081288,-0.006738018,0.7007982
295.451640129,-0.06109385,-0.7071691,-0.00870032,0.7019483
295.486703396,-0.05888118,-0.7059072,-0.009701076,0.703393
295.519262791,-0.05711219,-0.7044513,-0.009036854,0.7050055
295.551821709,-0.05390649,-0.7037212,-0.008105936,0.7059976
295.586884976,-0.05036128,-0.7036191,-0.006415637,0.7063783
295.619443894,-0.04912926,-0.7037585,-0.003687477,0.7063459
295.652002335,-0.04871972,-0.7037743,7.660934E-05,0.7063681
295.687066078,-0.04715103,-0.7036016,0.003851389,0.706636
295.719624996,-0.0451232,-0.7032036,0.007356777,0.7071366
295.752183914,-0.04351521,-0.7025166,0.01064454,0.7078781
295.787247181,-0.0426609,-0.7016086,0.01420935,0.7087675
295.819806099,-0.04208814,-0.7007356,0.01781347,0.7095833
295.852364540,-0.04140355,-0.699729,0.02128393,0.7105209
295.884923935,-0.04028645,-0.698652,0.02474874,0.7115318
295.919986725,-0.03875829,-0.697515,0.02811944,0.7126062
295.952546120,-0.03679825,-0.6961586,0.03120859,0.7139067
295.985105038,-0.03523545,-0.6944246,0.03469709,0.7155116
296.020168304,-0.03367447,-0.6920999,0.0386897,0.7176313
296.052727699,-0.03269395,-0.690077,0.0419183,0.7194411
296.085286140,-0.03291789,-0.6878189,0.04486825,0.7214126
296.120349884,-0.03386761,-0.6850138,0.04748354,0.7238662
296.152908325,-0.03488057,-0.682294,0.0491274,0.7262729
296.185467243,-0.03611811,-0.6791549,0.05056649,0.7290506
296.220530510,-0.03764184,-0.6752028,0.05164492,0.7325605
296.253089905,-0.03953341,-0.6711367,0.05217983,0.7361506
296.285648346,-0.04168426,-0.6665751,0.05282857,0.7401195
296.320712090,-0.04405828,-0.6611934,0.05299232,0.7447829
296.353270531,-0.04614064,-0.6556289,0.0523044,0.7496091
296.385829449,-0.04836088,-0.6497011,0.0517331,0.754653
296.418388844,-0.05093265,-0.6430103,0.05237144,0.7601503
296.453452110,-0.054084,-0.6343348,0.05324161,0.7671292
296.486010552,-0.05681862,-0.6252716,0.05555579,0.7741759
296.518569470,-0.05863175,-0.6147353,0.05888338,0.7821913
296.553632736,-0.0614829,-0.6020585,0.06362953,0.7914066
296.586191654,-0.06643584,-0.5880985,0.07221869,0.8007113
296.618751049,-0.06905878,-0.5715423,0.08320121,0.8113418
296.653813839,-0.06878323,-0.5519552,0.08938394,0.8241678
296.686373234,-0.06770221,-0.5336742,0.09581509,0.8354971
296.718931675,-0.06349971,-0.5141658,0.1046242,0.8469255
296.753995418,-0.05801553,-0.4940746,0.1079407,0.8587788
296.786553860,-0.05616278,-0.4762959,0.1096932,0.8686675
296.819113255,-0.05660489,-0.4592734,0.1113098,0.8775544
296.851671696,-0.05447085,-0.4420713,0.1099003,0.8866541
296.886735439,-0.04761021,-0.4206746,0.09910668,0.8986499
296.919293880,-0.0393812,-0.39844,0.08668423,0.9103891
296.951852798,-0.03335307,-0.3764832,0.07624033,0.9208491
296.986916065,-0.0323319,-0.3544767,0.0684067,0.9301877
297.019475460,-0.03531133,-0.3331566,0.06270576,0.9383259
297.052034378,-0.0417501,-0.3114327,0.04919846,0.9462947
297.087097645,-0.05213457,-0.288577,0.02754405,0.9538732
297.119656563,-0.06424383,-0.2621949,0.01344937,0.9610271
297.152215004,-0.07446899,-0.2306729,-0.004533687,0.9684274
297.187278271,-0.07866101,-0.192355,-0.03816568,0.9756961
297.219837666,-0.07328868,-0.1520987,-0.07347599,0.9811847
297.252396584,-0.07282224,-0.09966909,-0.1078199,0.9847667
297.284955025,-0.07761353,-0.04968995,-0.1436109,0.9836212
297.320018768,-0.08398921,-0.01712007,-0.1557895,0.9823492
297.352577210,-0.0866342,0.01609722,-0.1467383,0.9835298
297.385136604,-0.08651695,0.04455745,-0.1447415,0.9829583
297.420199871,-0.08693343,0.06379577,-0.1453178,0.9817755
297.452758789,-0.09197996,0.06367898,-0.1521117,0.980293
297.485317230,-0.09599925,0.04251814,-0.1558814,0.9804616
297.520380974,-0.08939413,0.01671176,-0.1502764,0.9827381
297.552939415,-0.07761534,-0.00468495,-0.1477512,0.9842516
297.585498810,-0.07387045,-0.001054488,-0.151542,0.983974
297.620562077,-0.07112436,0.03925956,-0.1535382,0.9830838
297.653120994,-0.08315364,0.06897669,-0.1527658,0.9806212
297.685679436,-0.08933657,0.09583236,-0.1517615,0.977973
297.718238831,-0.09141789,0.09372287,-0.1592532,0.9767932
297.753301620,-0.09231264,0.07411623,-0.1750085,0.9756972
297.785861015,-0.1029721,0.08203738,-0.1887093,0.9714335
297.818419933,-0.1091544,0.07790912,-0.1947958,0.9698957
297.853483200,-0.1132466,0.05496271,-0.1945049,0.9710561
297.886042118,-0.116564,0.04556336,-0.1931365,0.9714231
297.918600559,-0.1272959,0.05086916,-0.1963291,0.96917
297.953664780,-0.1322441,0.0446988,-0.1831188,0.9713953
297.986223221,-0.1322798,0.03997409,-0.1609436,0.9755148
298.018782139,-0.1279345,0.04180869,-0.1461792,0.9783374
298.053845406,-0.1330472,0.04285359,-0.1419599,0.9782317
298.086404324,-0.1382606,0.04136346,-0.1342437,0.978662
298.118962765,-0.1395834,0.04453934,-0.1226323,0.9798579
298.154026985,-0.1379935,0.05009712,-0.1103456,0.9812744
298.186585426,-0.1388361,0.05394934,-0.1038671,0.9816585
298.219144344,-0.1416177,0.05325147,-0.09980243,0.9817209
298.251702786,-0.1401032,0.05369488,-0.09652936,0.9822412
298.286766529,-0.1367079,0.05813972,-0.09770329,0.9823505
298.319324970,-0.1412877,0.06272893,-0.1053296,0.9806305
298.351884365,-0.1482253,0.06631206,-0.1105292,0.9787967
298.386947632,-0.1544379,0.07245857,-0.1089007,0.9775822
298.419506550,-0.1533407,0.07543849,-0.1111027,0.9772817
298.452064991,-0.1644574,0.07304824,-0.1203945,0.9745515
298.487128735,-0.1740493,0.06783151,-0.1257824,0.9725801
298.519687176,-0.173688,0.06201757,-0.1243662,0.9732148
298.552246571,-0.1667552,0.05249512,-0.1258052,0.9748012
298.587309837,-0.1758916,0.03404621,-0.1411487,0.9719093
298.619868755,-0.1810004,0.01648846,-0.1461693,0.9706849
298.652427673,-0.1794518,0.00717061,-0.1400762,0.9719835
298.684986591,-0.178526,0.0004189031,-0.1401876,0.9721644
298.720050335,-0.1806795,-0.003391247,-0.143002,0.9713503
298.785167694,-0.1889124,-0.009464408,-0.1494283,0.9687732
298.820230961,-0.1940282,-0.01727598,-0.152706,0.9671417
298.852789879,-0.1974133,-0.02534207,-0.1521938,0.9663594
298.885348797,-0.1993434,-0.03197685,-0.1498466,0.9661332
298.920412540,-0.2012424,-0.03607913,-0.1476887,0.9659274
298.952970982,-0.2030058,-0.03882062,-0.1463413,0.965657
298.985529900,-0.2052161,-0.03952282,-0.1449804,0.9653666
299.020593166,-0.2104648,-0.0410137,-0.1456562,0.9640718
299.053152084,-0.2167581,-0.04244652,-0.1450291,0.9627089
299.085710526,-0.2197277,-0.04424158,-0.1414923,0.9624811
299.120774746,-0.2194214,-0.04404895,-0.1360305,0.9633469
299.153333187,-0.2176179,-0.04242904,-0.1319818,0.9643914
299.185892105,-0.2183283,-0.04096914,-0.1301631,0.9645412
299.218450546,-0.2213274,-0.0395292,-0.1291077,0.9640595
299.253514290,-0.2251888,-0.03903988,-0.1283155,0.9632905
299.286072731,-0.2285964,-0.04117901,-0.1274105,0.9625187
299.318632126,-0.2298523,-0.04289706,-0.1237431,0.962623
299.353695393,-0.2315487,-0.04349092,-0.1194954,0.9627265
299.386254311,-0.2338042,-0.04210048,-0.1153227,0.9627521
299.418812752,-0.2361587,-0.0406609,-0.1118088,0.9626538
299.453876495,-0.2384167,-0.03993595,-0.1068158,0.9626945
299.486434937,-0.2372991,-0.04015729,-0.1013243,0.9635547
299.518994331,-0.2346955,-0.03980645,-0.09779269,0.9645712
299.551553249,-0.2339009,-0.03978122,-0.09786844,0.9647576
299.586616516,-0.2378106,-0.03795994,-0.1002347,0.9636316
299.619175911,-0.2390281,-0.03478405,-0.09894544,0.9635835
299.651734352,-0.2370878,-0.03512814,-0.0996608,0.9639765
299.686797142,-0.2397985,-0.03436734,-0.1007079,0.9632244
299.719356537,-0.2384386,-0.03159325,-0.0953693,0.9641999
299.751915455,-0.2368981,-0.03151001,-0.09078708,0.9650243
299.786978722,-0.2356697,-0.03248896,-0.08710801,0.9656315
299.819537640,-0.2348836,-0.03422575,-0.08531411,0.9659231
299.852096558,-0.2355043,-0.0364828,-0.08418702,0.9657882
299.887159348,-0.2360041,-0.03847728,-0.08246498,0.9657374
299.919718742,-0.2365493,-0.03940192,-0.08177301,0.9656256
299.952277660,-0.2374258,-0.03991836,-0.08098333,0.9654559
299.987340927,-0.2390587,-0.04101831,-0.07977862,0.965107
300.019899845,-0.2390607,-0.04304406,-0.07701258,0.965243
300.052458286,-0.2389255,-0.04490579,-0.07449182,0.9653895
300.085017681,-0.238307,-0.04578097,-0.07280709,0.9656296
300.120080948,-0.2374172,-0.04597313,-0.07300412,0.9658249
300.152639866,-0.237975,-0.04630657,-0.07457326,0.9655517
300.185198307,-0.2393724,-0.04696431,-0.07602707,0.965061
300.220262051,-0.24121,-0.0478385,-0.07711548,0.9644741
300.252820492,-0.2422349,-0.04864518,-0.07754658,0.9641421
300.285379887,-0.2426491,-0.04932828,-0.07803904,0.9639636
300.320443153,-0.2425664,-0.04965968,-0.07937729,0.9638581
300.353002071,-0.2436067,-0.04979773,-0.08147641,0.9634133
300.385560513,-0.2456145,-0.05020554,-0.08314186,0.9627398
300.420624256,-0.2468449,-0.05115222,-0.08337597,0.962355
300.453182697,-0.2468365,-0.05182263,-0.08344779,0.9623151
300.485742092,-0.2468143,-0.05166772,-0.08493063,0.9621994
300.518300533,-0.2481586,-0.05129829,-0.08720297,0.96167
300.553364277,-0.2501003,-0.05128674,-0.08881342,0.96102
300.585922718,-0.251371,-0.05123546,-0.08920811,0.9606546
300.618482113,-0.2522205,-0.0510589,-0.08906309,0.9604548
300.653544903,-0.2526922,-0.05111722,-0.08889244,0.9603434
300.686104298,-0.2533548,-0.05144898,-0.08897026,0.9601439
300.718662739,-0.2543797,-0.05173309,-0.08881992,0.9598715
300.753726482,-0.2551997,-0.05187863,-0.08810286,0.9597121
300.786284924,-0.255819,-0.05185588,-0.08721656,0.9596295
300.853907108,-0.2561767,-0.05189114,-0.0859187,0.9596491
300.886466503,-0.2568361,-0.05198046,-0.08602365,0.9594587
300.919024944,-0.2579644,-0.05222381,-0.08603157,0.9591419
300.951583862,-0.2589425,-0.05264551,-0.08532359,0.9589185
300.986647129,-0.2593361,-0.05304812,-0.08414643,0.958894
301.019206524,-0.2595558,-0.05321236,-0.08346328,0.9588853
301.051764965,-0.2600029,-0.05329875,-0.08304421,0.9587956
301.086828709,-0.2605546,-0.05363203,-0.08250461,0.9586738
301.119387150,-0.2611457,-0.05378098,-0.08198415,0.9585494
301.151946068,-0.2615598,-0.05366036,-0.08140799,0.9584923
301.187009335,-0.2618624,-0.05370337,-0.08096264,0.958445
301.219568253,-0.2621116,-0.05386524,-0.08081966,0.9583798
301.252127171,-0.2623959,-0.05388901,-0.08067288,0.958313
301.287190914,-0.2628562,-0.05390486,-0.08054583,0.9581967
301.319749355,-0.2631657,-0.05406354,-0.08036017,0.9581184
301.352308273,-0.2632018,-0.05409021,-0.08025588,0.9581157
301.384866715,-0.2633435,-0.05391701,-0.08105043,0.9580197
301.419930458,-0.2616747,-0.05271828,-0.0828331,0.9583911
301.452488899,-0.2614,-0.05182291,-0.08518091,0.9583091
301.485048294,-0.2617395,-0.04878984,-0.09013975,0.9579219
301.520111561,-0.2666366,-0.03790465,-0.09943993,0.9561421
301.552670479,-0.2699587,-0.02635338,-0.1070922,0.9547705
301.585229874,-0.2761241,-0.02089808,-0.1161826,0.9520755
301.620292664,-0.2829147,-0.01492068,-0.1217608,0.9494939
301.652851105,-0.2855409,-0.01241368,-0.1231302,0.9485667
301.685410499,-0.2842724,-0.01207782,-0.1235359,0.9488994
301.720473766,-0.2865847,-0.009875962,-0.1266849,0.9478135
301.753032684,-0.2892698,-0.01042488,-0.1284745,0.9467504
301.785591125,-0.2914837,-0.01348972,-0.1281997,0.9460696
301.820654869,-0.2934723,-0.02505681,-0.121768,0.9460689
301.853213310,-0.2882495,-0.04429368,-0.1056161,0.9489064
301.885772705,-0.2820613,-0.04820067,-0.1019803,0.9509709
301.918331623,-0.2901408,-0.05688922,-0.10555,0.9476649
301.953394890,-0.2894621,-0.05922547,-0.102791,0.9480325
301.985953331,-0.2928502,-0.06408317,-0.1023481,0.9467231
302.018512726,-0.3005239,-0.07109641,-0.100723,0.9439879
302.053575516,-0.3098499,-0.07792673,-0.09212914,0.9413078
302.086134911,-0.3176603,-0.08154418,-0.0743494,0.9399694
302.118693829,-0.3260284,-0.08069611,-0.04317467,0.9391257
302.153757095,-0.3284845,-0.07545551,0.002194626,0.9396952
302.186315537,-0.3191282,-0.07176412,0.04842227,0.9419608
302.218874931,-0.3076418,-0.07620369,0.08694704,0.942665
302.253937721,-0.2935455,-0.08972603,0.1141399,0.9430695
302.286497116,-0.281296,-0.1052637,0.1231933,0.9440567
302.319056034,-0.2721565,-0.1186229,0.123892,0.9450598
302.351614475,-0.2692521,-0.1287058,0.1262614,0.9442583
302.386677742,-0.2709962,-0.1347553,0.1402439,0.9409364
302.419237137,-0.2748426,-0.133725,0.16342,0.9362162
302.451796055,-0.272252,-0.1326852,0.1846487,0.9331699
302.486859322,-0.2675299,-0.134143,0.1972043,0.9317572
302.519417763,-0.2603816,-0.1365571,0.2018801,0.93243
302.551976681,-0.2512676,-0.1399483,0.2002425,0.9347779
302.587039948,-0.2449047,-0.1450493,0.1928539,0.9372392
302.619598866,-0.2415468,-0.1484924,0.1846031,0.9392309
302.652158260,-0.2368615,-0.1481602,0.1784604,0.9416606
302.687221527,-0.2333285,-0.1471271,0.168766,0.9444878
302.719779968,-0.2294214,-0.1469907,0.1599302,0.9470003
302.752338886,-0.2248332,-0.1486683,0.1494689,0.9495443
302.784898281,-0.2202462,-0.1521882,0.1387263,0.9516897
302.819961071,-0.2183065,-0.154979,0.1359149,0.9520917
302.852520466,-0.21882,-0.1558031,0.1427702,0.9508352
302.885078907,-0.2199588,-0.1564704,0.1527158,0.9489155
302.920142174,-0.2200814,-0.156898,0.1639811,0.9469345
302.952701092,-0.2192454,-0.1575019,0.1736023,0.9453118
302.985260487,-0.2181765,-0.1577617,0.1819356,0.9439479
303.020323277,-0.2159886,-0.1578539,0.1884829,0.9431506
303.052881718,-0.2135491,-0.1584918,0.1913738,0.9430169
303.085441113,-0.2131774,-0.1585948,0.1945147,0.9424409
303.120504379,-0.2149809,-0.1579037,0.197282,0.9415717
303.153063297,-0.2178108,-0.1570268,0.1981827,0.9408785
303.185622692,-0.2211953,-0.1553473,0.2003618,0.9399056
303.220685482,-0.2242535,-0.1525426,0.2035932,0.9389455
303.253243923,-0.2257572,-0.1501319,0.2036839,0.938954
303.285803318,-0.2258241,-0.1475007,0.2007733,0.9399812
303.318362236,-0.2240648,-0.1449534,0.1943062,0.9421551
303.353425503,-0.221425,-0.1422434,0.1847072,0.9451184
303.385983944,-0.2194008,-0.1394666,0.1756964,0.9477187
303.418543339,-0.2181949,-0.1366265,0.1678508,0.9498305
303.453606129,-0.2181626,-0.1335588,0.1615873,0.9513593
303.486165524,-0.219035,-0.1308712,0.1581146,0.9521155
303.518724442,-0.2207099,-0.1291479,0.1556381,0.952372
303.553787708,-0.2236605,-0.1271007,0.1532205,0.9523511
303.586346150,-0.2274018,-0.1247705,0.1518575,0.9519914
303.618905544,-0.232574,-0.1214424,0.1498374,0.9514922
303.653968334,-0.241029,-0.1130321,0.146423,0.9509557
303.686527729,-0.2510266,-0.1017877,0.1418611,0.9503305
303.719086170,-0.2621059,-0.09001778,0.1359997,0.9493836
303.751645088,-0.2724225,-0.07923247,0.1272505,0.9486534
303.786708355,-0.2741365,-0.07173961,0.1137483,0.9504692
303.819267750,-0.2698262,-0.06667642,0.09946629,0.9536678
303.851826191,-0.2626372,-0.06164194,0.08408706,0.9574858
303.886889935,-0.2556071,-0.05600503,0.06738108,0.9610494
303.919448376,-0.2486952,-0.05276485,0.05281422,0.9639528
303.952007294,-0.2415027,-0.05116515,0.04073685,0.9664505
303.987070560,-0.2351248,-0.04976601,0.03017955,0.9684815
304.019629478,-0.2315514,-0.04788012,0.02102753,0.9696788
304.052188396,-0.2294032,-0.04606343,0.01060083,0.9704471
304.087252140,-0.228138,-0.04396628,0.0009004514,0.9709
304.119810581,-0.2256498,-0.04069749,-0.005161237,0.9716104
304.152369499,-0.2251683,-0.03765324,-0.01292016,0.9717727
304.184927940,-0.2278813,-0.03469433,-0.01972811,0.9711359
304.219991684,-0.2292038,-0.03107822,-0.02256447,0.9708854
304.252550602,-0.2268936,-0.02725978,-0.0210019,0.9715775
304.285109520,-0.221077,-0.02418531,-0.0187301,0.9730452
304.320172787,-0.2162102,-0.02290524,-0.01850091,0.9741735
304.352731705,-0.2121141,-0.02327972,-0.0185764,0.9750633
304.385290146,-0.2077517,-0.02482601,-0.01876202,0.9759604
304.420353890,-0.2033573,-0.02711603,-0.01926088,0.9768148
304.452912331,-0.199208,-0.02974242,-0.0198293,0.9775817
304.485471726,-0.1972375,-0.033317,-0.01916035,0.9778793
304.520534992,-0.1977088,-0.03517713,-0.01395357,0.9778071
304.553093910,-0.2003911,-0.03402016,-0.00815377,0.9773675
304.585652352,-0.2030124,-0.03289575,-0.005354904,0.9768843
304.618211746,-0.2038979,-0.03301452,-0.003382082,0.9767046
304.653274536,-0.202972,-0.03377188,-7.600833E-05,0.9768774
304.685833931,-0.2018996,-0.03481796,0.000376944,0.9770628
304.718392372,-0.2010828,-0.03538764,-0.002428008,0.9772078
304.753456116,-0.2000456,-0.03588221,-0.006695186,0.9773828
304.786014557,-0.1992519,-0.03692754,-0.009911233,0.9774786
304.818573952,-0.1982843,-0.03807809,-0.01207097,0.977607
304.853636742,-0.1970261,-0.03940762,-0.0150163,0.9777678
304.886196136,-0.1960866,-0.0405045,-0.0177347,0.9778664
304.918754578,-0.1956449,-0.04131276,-0.01912998,0.9778948
304.953818321,-0.1955788,-0.04166678,-0.01940406,0.9778875
304.986376762,-0.1955786,-0.0417136,-0.01897664,0.977894
305.018936157,-0.1954805,-0.0416876,-0.01780998,0.9779367
305.053998947,-0.1954463,-0.04190526,-0.01604088,0.9779648
305.086558342,-0.1952646,-0.04235794,-0.01473131,0.9780022
305.119116783,-0.1950009,-0.04292132,-0.01410431,0.9780395
305.151675701,-0.1945127,-0.04311643,-0.01406401,0.9781286
305.186738968,-0.1940173,-0.04294214,-0.01402985,0.9782352
305.219298363,-0.193623,-0.04248085,-0.0139307,0.9783348
305.251856804,-0.1935397,-0.04225443,-0.01437629,0.9783547
305.286920548,-0.1933936,-0.0421051,-0.01459685,0.9783868
305.319478989,-0.1930064,-0.04218692,-0.01426157,0.9784647
305.352037907,-0.1923536,-0.04234272,-0.01377903,0.9785933
305.387101173,-0.1915239,-0.04231475,-0.01317979,0.9787655
305.419660091,-0.1909532,-0.04219726,-0.01296025,0.9788851
305.452219010,-0.1905859,-0.04196329,-0.0131288,0.9789645
305.487282753,-0.190424,-0.04198196,-0.01398697,0.9789833
305.519841194,-0.1903458,-0.04212777,-0.01514326,0.978975
305.552400112,-0.1901688,-0.04222918,-0.01648287,0.9789834
305.584958553,-0.1898961,-0.04235065,-0.01782924,0.9790075
305.620022297,-0.1897223,-0.0425671,-0.0189056,0.9790117
305.652581215,-0.1896102,-0.04261409,-0.01923806,0.9790249
305.685140133,-0.189576,-0.042726,-0.01923866,0.9790266
305.720203400,-0.1895278,-0.04282397,-0.01905573,0.9790351
305.752762318,-0.1894513,-0.04282694,-0.01896633,0.9790516
305.785320759,-0.1893597,-0.04275395,-0.01889358,0.9790739
305.820384026,-0.1891828,-0.04264223,-0.01884115,0.9791139
305.852942944,-0.1890985,-0.04257938,-0.01886854,0.9791325
305.885502338,-0.1890253,-0.04258316,-0.01896479,0.9791445
305.920565605,-0.1889341,-0.04255137,-0.0190153,0.9791626
305.953124523,-0.1887918,-0.04260234,-0.01896469,0.9791888
305.985682964,-0.1886506,-0.04268032,-0.01875171,0.9792167
306.018242359,-0.188472,-0.04272025,-0.01852494,0.9792538
306.053305149,-0.188359,-0.04277875,-0.01823102,0.9792784
306.085864544,-0.1882458,-0.04275144,-0.01785548,0.9793082
306.118422985,-0.1881673,-0.04276629,-0.01775584,0.9793245
306.153486252,-0.1880334,-0.0427976,-0.01775265,0.9793489
306.186045170,-0.1878922,-0.04283157,-0.01774649,0.9793746
306.218604565,-0.1877534,-0.04280144,-0.0176502,0.9794043
306.253667355,-0.1876561,-0.04282619,-0.01744726,0.9794255
306.286225796,-0.1876303,-0.04276483,-0.01706301,0.9794399
306.318785191,-0.1876173,-0.04267429,-0.0167877,0.9794511
306.353848457,-0.1875731,-0.04258189,-0.01671309,0.9794649
306.386407375,-0.1874757,-0.04257646,-0.01685242,0.9794814
306.418965817,-0.1874184,-0.04267708,-0.01704248,0.9794847
306.451525211,-0.1873553,-0.04276451,-0.01714146,0.9794912
306.486588001,-0.1872639,-0.04284338,-0.01715825,0.9795049
306.519147396,-0.1871933,-0.04278408,-0.0170511,0.9795229
306.551706314,-0.187128,-0.04277091,-0.01700384,0.9795368
306.586769581,-0.1871198,-0.04288757,-0.01709349,0.9795316
306.619328022,-0.1871652,-0.04306231,-0.01731602,0.9795114
306.651887417,-0.1872372,-0.04315758,-0.01756303,0.9794891
306.686950207,-0.1871762,-0.04321565,-0.01790825,0.979492
306.719509602,-0.1870962,-0.04333488,-0.01814641,0.9794976
306.752068043,-0.1871333,-0.0436402,-0.01821583,0.9794757
306.787131786,-0.1878961,-0.04458764,-0.01826554,0.979286
306.819690227,-0.1891663,-0.04617167,-0.01774016,0.9789777
306.852249622,-0.1908404,-0.04768879,-0.01625932,0.9786057
306.887312412,-0.1925432,-0.04891454,-0.01439773,0.9782407
306.919871807,-0.1937869,-0.05040043,-0.0133715,0.9779342
306.952430248,-0.1944978,-0.05273771,-0.01345012,0.9776688
306.984989166,-0.1947362,-0.05491432,-0.01374061,0.9774973
307.020052433,-0.1941688,-0.05625575,-0.01425609,0.9775266
307.052611828,-0.1934541,-0.05709581,-0.01444681,0.9776168
307.085170269,-0.1930851,-0.05701812,-0.01325224,0.9777111
307.120234013,-0.1934932,-0.05676268,-0.01068091,0.9776768
307.152792454,-0.194061,-0.05692476,-0.008337433,0.9775776
307.185351372,-0.194044,-0.05770126,-0.007167308,0.9775448
307.220414639,-0.1934032,-0.05878283,-0.006653687,0.9776109
307.252973557,-0.1927621,-0.05999941,-0.006419125,0.9776652
307.285532475,-0.1922687,-0.06106393,-0.006157496,0.9776981
307.320596218,-0.1920029,-0.06242559,-0.00642142,0.9776627
307.353154659,-0.1915555,-0.06355048,-0.006392681,0.9776782
307.385713577,-0.1904296,-0.06457802,-0.006476782,0.9778302
307.418272019,-0.1890427,-0.06590228,-0.006939251,0.9780078
307.453335762,-0.1877683,-0.06734914,-0.006840414,0.9781555
307.485894680,-0.1871908,-0.06837727,-0.005785543,0.9782016
307.518453598,-0.1876355,-0.06880764,-0.003233582,0.978098
307.553516865,-0.1888442,-0.06844322,0.0007308351,0.977896
307.586075783,-0.1906842,-0.06794789,0.004039216,0.9775654
307.618634224,-0.1926395,-0.06672301,0.007730891,0.9772441
307.653697967,-0.1942365,-0.06414952,0.01223594,0.9770543
307.686256409,-0.1951809,-0.06145277,0.01568195,0.9769901
307.718815803,-0.1962594,-0.05918518,0.01784059,0.976877
307.753879070,-0.1975124,-0.05748492,0.01935083,0.9766973
307.786437988,-0.1992711,-0.05720177,0.02051062,0.9763329
307.818996429,-0.2018588,-0.05736519,0.02260078,0.9757455
307.851555824,-0.205444,-0.05735984,0.02602991,0.9749116
307.886618614,-0.2097652,-0.05688367,0.03117105,0.973868
307.919178009,-0.2133205,-0.05587089,0.03723723,0.9729408
307.951736450,-0.2158232,-0.05414351,0.04343102,0.9722295
307.986800194,-0.2176244,-0.05212668,0.05034703,0.9716046
308.019358635,-0.2185563,-0.05073666,0.05698637,0.9711021
308.051918030,-0.2185977,-0.04987865,0.06266938,0.970787
308.086980820,-0.2178422,-0.04941217,0.06701215,0.9706906
308.119540215,-0.2168469,-0.0483892,0.07025996,0.9707354
308.152098656,-0.2153417,-0.04653893,0.07276769,0.9709761
308.187162399,-0.2133563,-0.04485479,0.0740445,0.971397
308.219720841,-0.2113768,-0.0432384,0.07430582,0.9718831
308.252280235,-0.2099215,-0.04158158,0.07397223,0.9722961
308.284838677,-0.2089842,-0.03988633,0.0738014,0.972582
308.319901466,-0.2077593,-0.03878762,0.07336351,0.9729219
308.352460861,-0.2071474,-0.03855133,0.0724973,0.9731267
308.385019779,-0.205557,-0.03857803,0.07258185,0.9734565
308.420083046,-0.2032503,-0.03923417,0.07218014,0.9739444
308.452642441,-0.2032776,-0.0396043,0.07266161,0.973888
308.485200882,-0.2042302,-0.0396742,0.07475562,0.9735272
308.520263672,-0.2065644,-0.03968757,0.07811782,0.97277
308.552823067,-0.2091321,-0.03962995,0.08236554,0.9718729
308.585381985,-0.2114569,-0.03935328,0.08729605,0.9709503
308.620445252,-0.2128648,-0.03903009,0.09193058,0.9702276
308.653003693,-0.2100773,-0.03943705,0.09439113,0.9705824
308.685563087,-0.2073463,-0.03970125,0.09482799,0.9711162
308.720625877,-0.2033698,-0.03943011,0.09424839,0.9720241
308.753185272,-0.1982539,-0.03868205,0.09242725,0.9732852
308.785743713,-0.1939795,-0.03674528,0.08898897,0.9745412
308.818302631,-0.1890866,-0.03434083,0.08367994,0.9760596
308.853365898,-0.1825735,-0.03119561,0.07537348,0.9780798
308.885925293,-0.1745777,-0.02828681,0.06698653,0.9802362
308.918483734,-0.1665555,-0.02575226,0.05850568,0.9822428
308.953547478,-0.1600003,-0.02340733,0.04899029,0.9839104
308.986105919,-0.154725,-0.02216384,0.04097563,0.9851486
309.018664837,-0.1506134,-0.02187665,0.03487377,0.9860266
309.053728104,-0.147782,-0.02214188,0.03088467,0.986582
309.086287022,-0.1469235,-0.02256604,0.02846854,0.9867733
309.118845940,-0.1473416,-0.02262104,0.02749727,0.9867372
309.153909683,-0.1477623,-0.02242249,0.02641063,0.9867085
309.186468124,-0.147286,-0.02232458,0.02403519,0.9868427
309.219027042,-0.1460708,-0.02226344,0.02099541,0.9870939
309.251585484,-0.1444958,-0.02244231,0.01742882,0.9873911
309.286649227,-0.1426133,-0.02273541,0.01303283,0.9877259
309.319207668,-0.1407578,-0.02294946,0.008527833,0.9880363
309.351767063,-0.1393938,-0.02276384,0.003945434,0.9882628
309.386830330,-0.1384134,-0.02255078,-0.0006375785,0.9884131
309.419389248,-0.137776,-0.02255004,-0.004817546,0.9884906
309.451947689,-0.1372968,-0.02270898,-0.008727588,0.9885269
309.487011433,-0.1367947,-0.02294039,-0.0126535,0.9885488
309.519569874,-0.1366167,-0.02345774,-0.01646627,0.9885051
309.552129269,-0.1364381,-0.02419201,-0.02026389,0.9884414
309.587192536,-0.1362081,-0.02513069,-0.02477916,0.9883468
309.619751454,-0.1358676,-0.02602932,-0.02916248,0.9882508
309.652309894,-0.1356233,-0.02709033,-0.03328067,0.9881258
309.684869289,-0.1360319,-0.02867484,-0.03725095,0.9878832
309.719932079,-0.1364596,-0.03032928,-0.04035784,0.9876527
309.752491474,-0.1353667,-0.03174121,-0.04208126,0.9876868
309.785049915,-0.1334667,-0.03301912,-0.04223548,0.9878969
309.820113659,-0.1316254,-0.03356096,-0.04026529,0.9882079
309.852672100,-0.130393,-0.03416368,-0.03923516,0.988392
309.885231495,-0.1296923,-0.03480834,-0.03826286,0.9884998
309.920294285,-0.1291022,-0.03523695,-0.03627176,0.988637
309.952853680,-0.128972,-0.03578793,-0.03574045,0.9886535
309.985412121,-0.12903,-0.0361139,-0.03622223,0.9886165
310.020475864,-0.1287266,-0.03649329,-0.03873067,0.988547
310.053034306,-0.1281187,-0.03750133,-0.04208276,0.9884512
310.085593700,-0.1272276,-0.03852446,-0.04522372,0.9883884
310.120656490,-0.1263186,-0.04066807,-0.0490901,0.9882346
310.153215885,-0.125714,-0.04350509,-0.05292075,0.9879931
310.185774326,-0.1251212,-0.04649583,-0.05596724,0.9877643
310.218333244,-0.1251777,-0.04848728,-0.05736313,0.9875813
310.253396511,-0.1264437,-0.04976168,-0.05662238,0.9873993
310.285955906,-0.1289624,-0.05129358,-0.05431648,0.9871246
310.318514347,-0.1313181,-0.05241533,-0.05102529,0.9869308
310.353578091,-0.1332192,-0.05369557,-0.04705405,0.9868044
310.386136532,-0.13482,-0.0546129,-0.0433124,0.986708
310.418695450,-0.1358766,-0.05581307,-0.04040973,0.9866191
310.453758717,-0.1364247,-0.05757412,-0.03894736,0.986501
310.486317635,-0.1363003,-0.05909145,-0.03817212,0.9864588
310.518876553,-0.1361077,-0.06060232,-0.03678614,0.9864464
310.553940296,-0.1360289,-0.062829,-0.0336005,0.9864317
310.586498737,-0.1358946,-0.06564006,-0.02955093,0.9863967
310.619057655,-0.1357537,-0.06915287,-0.02554307,0.986288
310.651616096,-0.136032,-0.07309697,-0.02012865,0.9860905
310.686679840,-0.137199,-0.07700279,-0.01305421,0.9857507
310.719238281,-0.1391787,-0.08097071,-0.00758524,0.9852122
310.751797676,-0.1424652,-0.0845281,-0.001429014,0.9844717
310.786860943,-0.1468063,-0.08732313,0.006547737,0.9835687
310.819419861,-0.1502162,-0.08862352,0.01406818,0.9828584
310.851978302,-0.1528015,-0.08928646,0.0199734,0.9822975
310.887042046,-0.1537137,-0.08912304,0.02392211,0.9820817
310.919600487,-0.1532008,-0.08929986,0.02474877,0.9821255
310.952159882,-0.1520839,-0.08952403,0.02465292,0.982281
310.987223148,-0.150531,-0.08997115,0.02456534,0.9824814
311.019782066,-0.1491343,-0.0900072,0.02374829,0.9827112
311.052340508,-0.1481951,-0.08959501,0.02135585,0.9829458
311.084899902,-0.1482968,-0.08852231,0.01872741,0.9830813
311.119962692,-0.1488213,-0.08639736,0.0173919,0.9832156
311.152522087,-0.1483112,-0.08453324,0.01506466,0.9834931
311.185080528,-0.1470506,-0.08365873,0.01164204,0.9838036
311.220143795,-0.1460894,-0.08319318,0.01061608,0.9839978
311.252702713,-0.1458769,-0.08284336,0.01166522,0.984047
311.285262108,-0.1459758,-0.08264961,0.01152459,0.9840503
311.352884293,-0.1468818,-0.08135723,0.01094954,0.9840297
311.385442734,-0.1468623,-0.08128121,0.009984912,0.9840491
311.420506001,-0.1457691,-0.08162599,0.00858419,0.9841964
311.453064919,-0.1436631,-0.08237816,0.007312712,0.9844536
311.485624313,-0.1414042,-0.08330265,0.00571078,0.9847134
311.518182755,-0.1401557,-0.08387087,0.004647193,0.9848493
311.553245545,-0.1400931,-0.08424971,0.006702504,0.984814
311.585804939,-0.1407627,-0.08408654,0.009730688,0.9847072
311.618363857,-0.1415858,-0.08375184,0.01086476,0.9846058
311.653427124,-0.1423481,-0.08366513,0.01244498,0.9844847
311.685986519,-0.1427516,-0.08487649,0.01362527,0.9843069
311.718544960,-0.143229,-0.08707339,0.01495549,0.9840263
311.753607750,-0.1443158,-0.09014617,0.01971213,0.9835069
311.786167145,-0.1461259,-0.0965533,0.02760086,0.9824411
311.818726063,-0.1502868,-0.1007192,0.03845478,0.9810293
311.853789329,-0.1581441,-0.1028296,0.05115146,0.9789931
311.886347771,-0.1643119,-0.104643,0.06220611,0.9771435
311.918907166,-0.1664312,-0.1074605,0.07112985,0.9758694
311.953969955,-0.1649102,-0.112512,0.07800671,0.9750324
311.986529350,-0.1625254,-0.1205052,0.08430032,0.9739532
312.019088268,-0.1604676,-0.1328341,0.09074327,0.9721104
312.051646709,-0.1595324,-0.149481,0.09651023,0.9692876
312.086709976,-0.1605689,-0.1698861,0.1087537,0.9644463
312.119269371,-0.1625828,-0.1898925,0.1251864,0.9583651
312.151828289,-0.1646689,-0.2106151,0.1408296,0.9514831
312.186891556,-0.1664171,-0.2321384,0.1552502,0.9438974
312.219450474,-0.1666798,-0.251503,0.165786,0.9370735
312.252008915,-0.1654904,-0.2703599,0.1720899,0.9308766
312.287072182,-0.1637485,-0.2910954,0.1737814,0.924596
312.319631100,-0.1617811,-0.3100056,0.1717809,0.9191532
312.352190495,-0.159522,-0.3277147,0.1673029,0.9142173
312.387253761,-0.1574274,-0.3456666,0.1613941,0.9090164
312.419812679,-0.1564194,-0.3616457,0.1568206,0.903759
312.452371121,-0.156213,-0.37636,0.1539913,0.8982567
312.484930515,-0.1561988,-0.3897422,0.152543,0.8927829
312.519993305,-0.1558142,-0.4020311,0.151744,0.8875214
312.552552700,-0.1560712,-0.4117014,0.1514172,0.8830879
312.585111141,-0.1581848,-0.4195178,0.1520358,0.878917
312.620174408,-0.1627763,-0.4255554,0.1547061,0.8747001
312.652733326,-0.1678537,-0.4310555,0.1570634,0.8706177
312.685292721,-0.1728546,-0.4370274,0.1588314,0.8663306
312.720355511,-0.1784997,-0.4437791,0.1617072,0.8612064
312.752914905,-0.1845545,-0.4510787,0.1650065,0.8554929
312.785473347,-0.1908588,-0.4596702,0.1688586,0.8487584
312.820536613,-0.1978315,-0.4709947,0.1719252,0.8402953
312.853095531,-0.2052441,-0.4814491,0.1772624,0.8314369
312.885654926,-0.2121152,-0.4913475,0.1840423,0.8223994
312.918213367,-0.2180147,-0.500865,0.1906512,0.8135623
312.953277111,-0.2227085,-0.5096986,0.1982545,0.8049417
312.985835552,-0.2250056,-0.5170738,0.2024567,0.7985276
313.018394470,-0.2277292,-0.5226768,0.2044552,0.7935832
313.053457737,-0.2292701,-0.5280693,0.2077967,0.7886864
313.086017132,-0.2286723,-0.5323654,0.2110887,0.7850894
313.118575573,-0.2257189,-0.5363947,0.2118067,0.7830054
313.153639317,-0.2207922,-0.5408888,0.2092592,0.7820028
313.186197758,-0.2162874,-0.5450594,0.2061192,0.7811995
313.218756676,-0.212012,-0.5492813,0.203032,0.7802221
313.253819943,-0.2076456,-0.5545003,0.1985968,0.7788451
313.286378861,-0.2046933,-0.5599541,0.193831,0.776923
313.318937779,-0.2041813,-0.5654745,0.1896905,0.7740762
313.386559963,-0.2090189,-0.5761595,0.185491,0.7658799
313.419118881,-0.2113955,-0.5811282,0.183893,0.7618484
313.451677322,-0.2126018,-0.5856659,0.1811826,0.7586808
313.486741066,-0.2131587,-0.5896101,0.1780148,0.7562154
313.519299984,-0.2122947,-0.5927786,0.174954,0.7546942
313.551858902,-0.2101017,-0.5960469,0.1711668,0.7536013
313.586922169,-0.2076692,-0.5991706,0.16746,0.7526308
313.619481087,-0.205187,-0.6014854,0.164946,0.7520199
313.652039528,-0.2016209,-0.6041344,0.1620933,0.7514813
313.687103271,-0.1964292,-0.6075199,0.1585157,0.7508899
313.719661713,-0.1910451,-0.6110309,0.1548258,0.7501998
313.752221107,-0.1862425,-0.6146173,0.1511263,0.7492315
313.787284374,-0.1825362,-0.6177344,0.1482935,0.7481455
313.819843292,-0.1800698,-0.6200087,0.1467021,0.7471749
313.852401733,-0.1774945,-0.6226434,0.1438061,0.7461625
313.884961128,-0.1758008,-0.6252277,0.140452,0.7450405
313.920023918,-0.1744563,-0.6268234,0.1386387,0.7443551
313.952583313,-0.173241,-0.6271493,0.1368929,0.7446874
313.985141754,-0.1718116,-0.6259564,0.1342869,0.7464946
314.020205498,-0.1683934,-0.6242082,0.129906,0.7495064
314.052763939,-0.1644684,-0.6228579,0.1240933,0.7524804
314.085323334,-0.161199,-0.6220693,0.1192653,0.754618
314.120386124,-0.1580542,-0.6214082,0.1148988,0.756503
314.152945519,-0.1561807,-0.6203099,0.1107109,0.7584155
314.185503960,-0.1554644,-0.6187053,0.1075458,0.7603264
314.220567703,-0.1553868,-0.6166733,0.1049342,0.7623552
314.253126144,-0.1556737,-0.6146848,0.1036691,0.7640738
314.285685539,-0.1554095,-0.613073,0.1028598,0.7655306
314.318243980,-0.1545104,-0.6110352,0.1013061,0.7675464
314.353307724,-0.1533108,-0.609656,0.1002015,0.7690272
314.385866165,-0.1514015,-0.6082558,0.09848144,0.7707344
314.418425083,-0.1489514,-0.606523,0.09627301,0.7728535
314.453488350,-0.1459078,-0.6051481,0.09435692,0.7747458
314.486047745,-0.1429289,-0.6027046,0.09247857,0.7774277
314.518606186,-0.1412363,-0.6007205,0.09023894,0.779533
314.553669930,-0.1407382,-0.5975549,0.09135454,0.7819226
314.586228371,-0.1378922,-0.5946676,0.09291909,0.7844424
314.618787289,-0.1350218,-0.5936906,0.09311515,0.7856576
314.653850555,-0.1339287,-0.5915521,0.09554749,0.7871643
314.686409473,-0.1327919,-0.5893019,0.09910665,0.7886032
314.718968391,-0.1302932,-0.5861196,0.1022094,0.790992
314.751527309,-0.1267215,-0.5814847,0.10568,0.7945292
314.786590576,-0.1218679,-0.5750258,0.1101222,0.7993712
314.819149494,-0.1161123,-0.5693571,0.112667,0.8039181
314.851708889,-0.1073866,-0.5647244,0.1148596,0.8080775
314.886771679,-0.08451037,-0.5731341,0.1241844,0.8034806
314.919330597,-0.05596687,-0.5881652,0.1392672,0.7925665
314.951889515,-0.03195751,-0.6025044,0.1538724,0.780332
314.986952782,-0.01424844,-0.6205319,0.1738808,0.762319
315.019511700,-0.001641902,-0.6380433,0.2064639,0.7395257
315.052071095,0.01343395,-0.645082,0.2413018,0.7225578
315.087133884,0.04042654,-0.6589803,0.2441584,0.7079017
315.119692326,0.06291276,-0.6774763,0.2406107,0.689784
315.152251720,0.06278859,-0.6950308,0.2625607,0.6638368
315.184810638,0.05733065,-0.7049434,0.2995217,0.6377166
315.219873905,0.06158789,-0.716633,0.3237317,0.6119391
315.252433300,0.07830252,-0.7267469,0.3286799,0.5952352
315.284991741,0.09384735,-0.7355742,0.3263508,0.5833062
315.320055485,0.1031925,-0.7463563,0.3281735,0.5667745
315.352613926,0.1073812,-0.7548319,0.3310294,0.5529425
315.385172844,0.111714,-0.7622871,0.3298904,0.5424374
315.420236111,0.1160864,-0.770523,0.3254668,0.5324636
315.452795506,0.1211664,-0.7803456,0.3221471,0.5188723
315.485353947,0.1170909,-0.7853856,0.3195575,0.5137799
315.520417690,0.1023422,-0.7897731,0.3185603,0.5108146
315.552976132,0.0893296,-0.7924528,0.3174947,0.5097681
315.585535050,0.08237273,-0.7935495,0.3151338,0.5106978
315.620598316,0.0757396,-0.7958056,0.3117506,0.5102904
315.653157711,0.06779312,-0.7977222,0.3088326,0.5101897
315.685716152,0.06195697,-0.7988228,0.3071043,0.5102531
315.718275070,0.05944195,-0.7992946,0.3051863,0.5109637
315.753338337,0.05775955,-0.7993659,0.3019998,0.5129346
315.785897255,0.05437238,-0.7995977,0.2987558,0.5148398
315.818455696,0.05050983,-0.799916,0.2965676,0.5160025
315.853519440,0.04787067,-0.7999211,0.2943812,0.517496
315.886078358,0.04614893,-0.7998648,0.2911935,0.5195388
315.918637276,0.04586358,-0.7993937,0.2885126,0.5217801
315.953700542,0.04859288,-0.79905,0.285313,0.523815
315.986259460,0.05115957,-0.7994021,0.2815498,0.5250682
316.018817902,0.05052334,-0.8005641,0.2781058,0.5251947
316.053881645,0.04761437,-0.8024657,0.2757882,0.5237844
316.086440086,0.04476092,-0.8045166,0.2740013,0.521824
316.118999481,0.04244875,-0.8069399,0.2717659,0.5194391
316.151557922,0.0404459,-0.8095875,0.269494,0.5166556
316.186621666,0.03754506,-0.8119451,0.2672921,0.5143132
316.219180107,0.03437715,-0.8143026,0.2649921,0.5119926
316.251739502,0.03132684,-0.8168504,0.2626904,0.5093088
316.286802292,0.02782877,-0.8194543,0.2609916,0.506193
316.319361687,0.0236991,-0.8213918,0.2598172,0.5038618
316.351920605,0.01874479,-0.8229374,0.2582623,0.5023454
316.386983872,0.01177194,-0.8241686,0.256786,0.5012945
316.419543266,0.00349462,-0.824731,0.2564206,0.5006822
316.452101708,-0.004667623,-0.8245574,0.2570138,0.5006545
316.487165451,-0.01212318,-0.8236902,0.2576801,0.5016137
316.519723892,-0.01823598,-0.8224566,0.2587804,0.5028848
316.552282810,-0.02336007,-0.8212323,0.259804,0.5041442
316.584841252,-0.02677486,-0.8202028,0.2610967,0.5049821
316.619905472,-0.02753151,-0.8204964,0.2622952,0.5038419
316.652463913,-0.02617855,-0.8213127,0.2621347,0.5026662
316.685022831,-0.02480056,-0.8230724,0.2618341,0.5000075
316.720086098,-0.02459279,-0.8256016,0.2622791,0.4955952
316.752645016,-0.02662664,-0.8274245,0.2615845,0.4928093
316.785203457,-0.02927601,-0.8291769,0.2609609,0.4900365
316.820267200,-0.03137548,-0.8309588,0.2594508,0.4876845
316.852826118,-0.0325589,-0.8324036,0.2576683,0.4860852
316.885385036,-0.03312469,-0.833461,0.2559543,0.4851397
316.920448303,-0.03187467,-0.8337233,0.254301,0.4856421
316.953007221,-0.02918611,-0.8339456,0.2521362,0.4865571
316.985565662,-0.02765123,-0.8342473,0.2502338,0.4871114
317.018125057,-0.02712331,-0.8345889,0.2491218,0.4871262
317.053188324,-0.02719969,-0.8348956,0.249341,0.4864834
317.085747242,-0.02674569,-0.8352297,0.2492292,0.4859923
317.118306160,-0.02661361,-0.835656,0.2486468,0.4855647
317.153369427,-0.02744803,-0.8361573,0.2481896,0.4848891
317.185928822,-0.02828394,-0.8366355,0.2478154,0.4842072
317.218487263,-0.02848119,-0.8371835,0.2469345,0.4836981
317.253551006,-0.02856967,-0.8376195,0.245993,0.4834175
317.286109448,-0.02833866,-0.838021,0.2451549,0.483161
317.318668366,-0.02741477,-0.838392,0.2443272,0.4829898
317.353731632,-0.02582167,-0.8387994,0.2430649,0.4830073
317.386291027,-0.02406318,-0.8393016,0.2419386,0.4827909
317.418849468,-0.02234094,-0.8399298,0.2411152,0.4821928
317.453913212,-0.02018875,-0.8406653,0.2401896,0.4814676
317.486471653,-0.01890137,-0.8414506,0.239388,0.4805465
317.519030571,-0.01896689,-0.8421881,0.2387882,0.4795491
317.551589012,-0.01990686,-0.8428721,0.2385589,0.4784221
317.586653233,-0.02049215,-0.8434562,0.2385084,0.4773919
317.619211674,-0.02023664,-0.8436312,0.238362,0.4771667
317.651770592,-0.0193375,-0.8436577,0.2377921,0.4774415
317.686833858,-0.01757125,-0.8436487,0.2368193,0.4780087
317.719392776,-0.0156883,-0.8438101,0.2357716,0.4783074
317.751951218,-0.01452356,-0.8441163,0.234925,0.4782204
317.787015438,-0.01538436,-0.8447649,0.234705,0.4771548
317.819573879,-0.01650209,-0.8452795,0.2350988,0.476011
317.852132797,-0.01650551,-0.8455507,0.2349829,0.4755863
317.887196064,-0.01605606,-0.8457332,0.2345673,0.4754824
317.919754982,-0.01483062,-0.8457268,0.2341441,0.4757422
317.952314377,-0.01278149,-0.8457236,0.2331234,0.476308
317.984872818,-0.0114739,-0.8457959,0.23211,0.4767079
318.019936562,-0.01104618,-0.8458377,0.2318238,0.4767829
318.052495003,-0.01068442,-0.8459997,0.2314768,0.4766722
318.085054398,-0.01048975,-0.8461358,0.2311178,0.4766093
318.120117188,-0.009914267,-0.8461642,0.2307968,0.4767267
318.152676582,-0.009255592,-0.8462262,0.2302415,0.4768983
318.185235024,-0.009215179,-0.8462585,0.229776,0.4770664
318.220298767,-0.009017087,-0.8462645,0.2292814,0.4772975
318.252857208,-0.008442541,-0.8463868,0.2288128,0.4773159
318.285416126,-0.007970506,-0.8465149,0.2284592,0.4772661
318.320479393,-0.007448454,-0.8466627,0.2282585,0.4771085
318.353038788,-0.007009279,-0.8467194,0.2281043,0.4770882
318.385597229,-0.006652408,-0.846653,0.2280251,0.4772491
318.418156147,-0.006293837,-0.8464607,0.2280365,0.4775896
318.453219414,-0.005387134,-0.8463474,0.2279125,0.4778604
318.485778332,-0.005473386,-0.8461046,0.2283292,0.4780905
318.518337727,-0.008733802,-0.8463094,0.2310476,0.4763705
318.553400993,-0.02187806,-0.8457889,0.24172,0.4715524
318.585959911,-0.04031042,-0.8382274,0.2594747,0.4743948
318.618518353,-0.04551648,-0.8289294,0.2697844,0.4844052
318.653582096,-0.03558792,-0.8210019,0.2620957,0.5026162
318.686140537,-0.03606495,-0.80606,0.2498688,0.5321275
318.718699932,-0.04628609,-0.7891042,0.2420622,0.5596477
318.753763199,-0.05429799,-0.7771311,0.2445448,0.5744079
318.786322117,-0.05232656,-0.7703709,0.2451848,0.5833547
318.818880558,-0.04351602,-0.7675986,0.2444257,0.5880326
318.851439953,-0.03202455,-0.7700558,0.2442602,0.585622
318.886502743,-0.02809284,-0.7725677,0.2467927,0.5814388
318.919062138,-0.02634687,-0.7748883,0.2526242,0.5759017
318.951621056,-0.01934526,-0.7796972,0.2536767,0.5691869
318.986684322,-0.01076666,-0.7874324,0.2527195,0.5591019
319.019243240,-0.004324419,-0.7941084,0.2511416,0.5503896
319.051802158,-0.0004755891,-0.8007833,0.251113,0.5406624
319.086865902,0.004275499,-0.8079984,0.252227,0.5292726
319.119424343,0.01022265,-0.8134853,0.2499793,0.5217997
319.151983261,0.01578726,-0.8191919,0.2458445,0.5146489
319.187046528,0.01951619,-0.8247519,0.2408459,0.507961
319.219605446,0.02349337,-0.8297356,0.2360488,0.501892
319.252163887,0.02834092,-0.8337451,0.2302636,0.4976667
319.287228108,0.03661306,-0.8380882,0.2232302,0.4930148
319.319786549,0.04611064,-0.8414988,0.2141737,0.490419
319.352345467,0.05669078,-0.8449752,0.2041073,0.4876178
319.384903908,0.06670587,-0.8482042,0.1936582,0.4849993
319.419967651,0.08093079,-0.8521546,0.18225,0.4803077
319.452526093,0.09129994,-0.855183,0.1726982,0.4765809
319.485085487,0.09944823,-0.8578667,0.1637664,0.4732684
319.520148754,0.1072016,-0.8600974,0.1556162,0.4702676
319.552707672,0.1161492,-0.8619292,0.1461827,0.4678094
319.585267067,0.120719,-0.8636015,0.1374999,0.4661984
319.620329857,0.1190645,-0.8655865,0.1330396,0.4642325
319.652889252,0.1193167,-0.8676365,0.1299932,0.461194
319.685447693,0.1255599,-0.8692061,0.1229741,0.4584979
319.720511436,0.1324278,-0.8708207,0.1137095,0.455886
319.753069878,0.1359727,-0.871586,0.1063868,0.4551471
319.785629272,0.1401926,-0.8718247,0.09833944,0.4552195
319.818187714,0.1454416,-0.8712503,0.08637832,0.4570953
319.853251457,0.1509127,-0.8705152,0.07125656,0.4593244
319.885809898,0.1559676,-0.8687516,0.05622496,0.4630457
319.918368816,0.1644313,-0.8647034,0.03887448,0.4694326
319.953432083,0.1766694,-0.8581937,0.0151672,0.4782144
319.985991001,0.1905132,-0.8513715,-0.01007274,0.4851777
320.018550396,0.1995627,-0.8462179,-0.03462309,0.4894067
320.053613663,0.2039577,-0.8420247,-0.05464361,0.4929882
320.086172581,0.2073088,-0.8388685,-0.06993794,0.4950344
320.118731022,0.2098521,-0.8366593,-0.08121189,0.4959796
320.153794766,0.2148399,-0.834025,-0.08727142,0.4972499
320.186353207,0.2195877,-0.8320526,-0.08918568,0.4981401
320.218912602,0.2223501,-0.8317035,-0.08576942,0.4980975
320.251471520,0.2237844,-0.8320475,-0.07916445,0.4979741
320.286534786,0.2258097,-0.8328018,-0.07644831,0.4962203
320.319094181,0.2209634,-0.8370965,-0.07423959,0.4914881
320.351652622,0.2069979,-0.8435953,-0.06849778,0.4872725
320.386716366,0.1921296,-0.849746,-0.0621702,0.4835084
320.419274807,0.1830435,-0.8543791,-0.06002282,0.4791205
320.451833725,0.175583,-0.858511,-0.05910983,0.474619
320.486896992,0.1676384,-0.8621237,-0.05785583,0.4710845
320.519456387,0.1616112,-0.8640429,-0.05649581,0.4698378
320.552014828,0.1587702,-0.8654315,-0.05493872,0.4684332
320.587078571,0.1575503,-0.8661986,-0.05356853,0.4675854
320.619637013,0.1563745,-0.8666152,-0.05342684,0.467224
320.652195930,0.1537568,-0.8669627,-0.05253355,0.4675496
320.687259197,0.1510418,-0.8666624,-0.05141905,0.4691124
320.719818115,0.149297,-0.8652965,-0.05119552,0.4722067
320.752377510,0.1475745,-0.8634797,-0.05110298,0.4760682
320.784935951,0.1450844,-0.8626108,-0.05236388,0.4782664
320.819999695,0.1401013,-0.8646552,-0.05384669,0.47589
320.852558136,0.1359048,-0.8696153,-0.05287763,0.4681141
320.885117531,0.1352041,-0.8750659,-0.05380591,0.4579435
320.920180321,0.1357626,-0.8790932,-0.06070855,0.4491168
320.952739716,0.1316754,-0.8827065,-0.06974047,0.4418765
320.985298157,0.1191216,-0.8862525,-0.07394385,0.4376376
321.020361900,0.1076263,-0.8895994,-0.0763569,0.4333898
321.052920342,0.1013949,-0.8914949,-0.08232561,0.4298907
321.085479736,0.09634981,-0.8920743,-0.09035283,0.4282339
321.120543480,0.09054475,-0.8914327,-0.09905436,0.4289117
321.153101921,0.08762867,-0.889592,-0.1096882,0.4307476
321.185660839,0.0866375,-0.8868231,-0.1235819,0.4328903
321.218219280,0.08642415,-0.8837798,-0.1388206,0.4345349
321.253283501,0.08698482,-0.8808255,-0.1545296,0.4351188
321.285841942,0.08823177,-0.8781473,-0.1670042,0.4356716
321.318400860,0.08903724,-0.8754048,-0.1796591,0.4359917
321.353464127,0.08672798,-0.8723027,-0.1912587,0.4377372
321.386023045,0.08575191,-0.8680252,-0.2014296,0.4418514
321.418582440,0.08643213,-0.8627552,-0.2120442,0.4470432
321.453645229,0.08657056,-0.8569336,-0.2213889,0.4536353
321.486204624,0.08711975,-0.8524173,-0.2277235,0.4588732
321.518763065,0.08573471,-0.8491037,-0.2297854,0.4642186
321.553826809,0.08286662,-0.8421472,-0.2299205,0.4771639
321.586385250,0.08284833,-0.8268402,-0.2346162,0.5010532
321.618944645,0.08581765,-0.8097522,-0.2430378,0.5239248
321.651503086,0.08219533,-0.8048632,-0.2416202,0.5326222
321.686566830,0.07291421,-0.8035268,-0.2284057,0.5417441
321.719125748,0.06813296,-0.801039,-0.2148201,0.5515201
321.751684189,0.07103337,-0.7997156,-0.2090106,0.5552939
321.786748409,0.07382614,-0.8035043,-0.2098223,0.5491199
321.819306850,0.06850849,-0.8064952,-0.2060135,0.546862
321.851865768,0.06132167,-0.8086256,-0.2000531,0.5467822
321.886929035,0.05960918,-0.810247,-0.1961832,0.5459729
321.919487953,0.05865625,-0.8117878,-0.1945121,0.5443829
321.952046394,0.05529401,-0.8135088,-0.1922463,0.5429688
321.987110615,0.05059452,-0.8154941,-0.1892094,0.5415137
322.019669056,0.04596426,-0.8172556,-0.1876227,0.5398205
322.052227974,0.04036571,-0.8197318,-0.1863198,0.5369571
322.084787369,0.03436336,-0.8229389,-0.1846136,0.5330444
322.119850159,0.02933249,-0.8250496,-0.1822154,0.530903
322.152409554,0.02723014,-0.8252436,-0.1806516,0.5312479
322.184967995,0.02451401,-0.8254483,-0.1792197,0.531547
322.220031738,0.02208187,-0.8257719,-0.1786022,0.5313588
322.252590180,0.02024782,-0.8260107,-0.1785721,0.5310708
322.285149574,0.01929548,-0.8258647,-0.1781738,0.531467
322.320212364,0.01956811,-0.8255504,-0.1785657,0.5318133
322.352771759,0.01987777,-0.8252916,-0.1793849,0.5319281
322.385330677,0.01996435,-0.8251142,-0.1799276,0.5320168
322.420393944,0.01983199,-0.8250093,-0.1800442,0.5321447
322.452952862,0.01913713,-0.8250708,-0.1801985,0.5320227
322.485511303,0.01755664,-0.8253079,-0.1799999,0.5317765
322.520575523,0.01573872,-0.8256002,-0.1790882,0.5316875
322.553133965,0.01467738,-0.8258384,-0.1788419,0.5314307
322.585692883,0.01396127,-0.8260432,-0.1788301,0.5311359
322.618252278,0.01368875,-0.8261535,-0.178724,0.5310069
322.653315067,0.01391916,-0.8261386,-0.1787465,0.5310166
322.685874462,0.01414445,-0.8261765,-0.1789359,0.530888
322.718432903,0.01416004,-0.82631,-0.178925,0.5306835
322.753496647,0.01425383,-0.826501,-0.1789123,0.5303876
322.786055088,0.01418583,-0.8266329,-0.1788617,0.5302011
322.818614483,0.01392158,-0.8266491,-0.1787413,0.5302231
322.853677273,0.01348295,-0.8265562,-0.1786636,0.5304056
322.886236668,0.01289152,-0.8265259,-0.1786601,0.5304689
322.918795586,0.01219622,-0.8265285,-0.1786236,0.5304932
322.953858852,0.01158915,-0.8266181,-0.1784089,0.5304399
322.986417770,0.01132104,-0.8267794,-0.1783086,0.5302279
323.018976688,0.01126222,-0.8270311,-0.1782769,0.529847
323.051535606,0.01147903,-0.8272823,-0.178197,0.5294768
323.086598873,0.01197957,-0.8273495,-0.178319,0.5293198
323.119157791,0.01216693,-0.8272228,-0.1784296,0.5294761
323.151717186,0.0122248,-0.8270425,-0.1784891,0.5297365
323.186779976,0.01213534,-0.8269686,-0.1785373,0.5298376
323.219339371,0.01214281,-0.8268903,-0.1786648,0.5299165
323.251897812,0.01220726,-0.8269132,-0.1787473,0.5298516
323.286961556,0.01223742,-0.8270622,-0.1787169,0.5296285
323.319519997,0.01233479,-0.8271686,-0.1787632,0.5294443
323.352079392,0.01246233,-0.827137,-0.1788915,0.5294474
323.387142181,0.01244384,-0.8270172,-0.1790441,0.5295833
323.419701576,0.01233024,-0.8269086,-0.179134,0.5297251
323.452260494,0.01229375,-0.8269345,-0.1791385,0.5296842
323.484818936,0.01229313,-0.8269747,-0.179098,0.5296351
323.519882679,0.01232016,-0.8270361,-0.179141,0.529524
323.552441597,0.01234474,-0.8270519,-0.1791377,0.5294999
323.585000515,0.01216726,-0.8270651,-0.1792747,0.5294369
323.620063782,0.0119561,-0.8270844,-0.1793898,0.5293728
323.652622700,0.01172299,-0.8270996,-0.1793828,0.5293565
323.685182095,0.01140139,-0.8271485,-0.1793693,0.5292916
323.720244884,0.01102606,-0.8272519,-0.179271,0.5291713
323.752804279,0.01094648,-0.8273591,-0.1792095,0.5290263
323.785362720,0.01097336,-0.8274253,-0.1792628,0.5289042
323.820426464,0.01091263,-0.8274624,-0.1792011,0.5288683
323.852984905,0.01087056,-0.8274694,-0.1790811,0.5288986
323.885544300,0.01073909,-0.8274549,-0.1791198,0.5289111
323.918103218,0.01062897,-0.8274441,-0.1792038,0.5289019
323.953166485,0.01044975,-0.8274526,-0.179235,0.5288814
323.985725403,0.01019957,-0.8274614,-0.1792622,0.5288633
324.018283844,0.01002323,-0.8274638,-0.1793401,0.5288363
324.053348064,0.009964032,-0.8274435,-0.1795376,0.5288022
324.085906506,0.009881295,-0.8274025,-0.1797507,0.5287958
324.118465424,0.009660916,-0.8273662,-0.179838,0.5288268
324.153529167,0.009392534,-0.8273506,-0.1799326,0.528824
324.186087608,0.009053367,-0.8273698,-0.1799828,0.5287826
324.218647003,0.00866384,-0.8274076,-0.1799862,0.5287288
324.253709793,0.008301025,-0.8274319,-0.1800479,0.5286757
324.286269188,0.007958525,-0.8274575,-0.1800999,0.5286233
324.318828106,0.007662931,-0.8274825,-0.1800836,0.5285938
324.353891373,0.007549095,-0.8274955,-0.1801516,0.5285522
324.386450768,0.007595536,-0.8274701,-0.1802158,0.5285692
324.419009209,0.007736707,-0.8274795,-0.1803101,0.5285203
324.451568127,0.00787241,-0.8275172,-0.1803933,0.5284311
324.486631394,0.008038111,-0.8275273,-0.1804731,0.5283852
324.519190312,0.008093541,-0.8274498,-0.180654,0.5284441
324.551749706,0.008145699,-0.8272691,-0.1808157,0.5286708
324.586812973,0.008592804,-0.826845,-0.1812315,0.5291848
324.619371891,0.009024952,-0.826281,-0.182151,0.5297424
324.651930332,0.009317311,-0.8256872,-0.1831549,0.5303167
324.686994076,0.009547005,-0.8251885,-0.1838498,0.5308483
324.719552517,0.009973012,-0.8248441,-0.1841906,0.5312573
324.752111912,0.01072955,-0.8246818,-0.1843903,0.5314252
324.787175178,0.0119021,-0.8245808,-0.1845667,0.5314957
324.819734096,0.01339478,-0.8246031,-0.1845898,0.5314178
324.852293014,0.01543432,-0.8246208,-0.1844878,0.5313703
324.884851932,0.0174909,-0.8245866,-0.1847422,0.531271
324.919915676,0.01927919,-0.8243671,-0.1853595,0.531335
324.952474117,0.02020521,-0.8240281,-0.1858447,0.5316568
324.985033035,0.02084969,-0.8234778,-0.1864588,0.5322692
325.020096779,0.02109162,-0.8229967,-0.1870247,0.5328048
325.052655220,0.02060893,-0.8227773,-0.1869581,0.5331858
325.085214615,0.02009455,-0.8227945,-0.1867528,0.533251
325.120277882,0.02015637,-0.8227119,-0.1868603,0.5333383
325.152836800,0.02142535,-0.8221652,-0.1881202,0.5336888
325.185396195,0.02421249,-0.8213345,-0.1903213,0.5340685
325.220458984,0.02932085,-0.8197891,-0.1936389,0.5349932
325.253018379,0.0364741,-0.8182452,-0.1979029,0.5353563
325.285576820,0.04401838,-0.8169417,-0.2027579,0.5349631
325.318135738,0.05025432,-0.8157051,-0.2080576,0.5342652
325.353199005,0.05681085,-0.8148342,-0.2166018,0.5315347
325.385758400,0.0597196,-0.8174061,-0.2251054,0.5236756
325.418317318,0.05530767,-0.8228355,-0.230293,0.5132987
325.453380585,0.0466128,-0.8307105,-0.2330363,0.5000691
325.485939503,0.04088358,-0.8373825,-0.2371355,0.4873537
325.518497944,0.03625022,-0.8454394,-0.2428594,0.4707071
325.553561688,0.02640753,-0.8588981,-0.2441711,0.445651
325.586120129,0.01277567,-0.8735012,-0.236566,0.4213032
325.618679524,-0.0007878727,-0.8841839,-0.2280295,0.403545
325.653743267,-0.007239569,-0.8913143,-0.2248887,0.3893059
325.686301708,-0.00826192,-0.8939224,-0.2251608,0.3830988
325.718861103,-0.008652091,-0.8922915,-0.2301657,0.383917
325.751420021,-0.01231137,-0.8886973,-0.2388582,0.386833
325.786483288,-0.02482926,-0.8854658,-0.2392161,0.3933664
325.819042206,-0.03373509,-0.8845832,-0.2350884,0.3971593
325.851600647,-0.03757437,-0.8851808,-0.2348851,0.3956006
325.886664867,-0.04024135,-0.8844951,-0.2335196,0.3976749
325.919223309,-0.04100417,-0.8823868,-0.234722,0.401554
325.951782227,-0.03888601,-0.8803807,-0.2375345,0.404503
325.986845493,-0.03799869,-0.8796911,-0.2401961,0.404516
326.019404411,-0.04183195,-0.8795176,-0.2408172,0.4041455
326.051963806,-0.04699976,-0.8790746,-0.239069,0.4055767
326.087026596,-0.0490102,-0.8787186,-0.237195,0.4072076
326.119585991,-0.05089159,-0.8787391,-0.2385988,0.406111
326.152144432,-0.05843989,-0.8789009,-0.2389651,0.4045259
326.187208176,-0.06726141,-0.8789396,-0.2363056,0.4046338
326.219767571,-0.06914303,-0.8784704,-0.2343664,0.406459
326.252326012,-0.06445402,-0.8774147,-0.2351025,0.4090765
326.284884930,-0.0572027,-0.8759893,-0.2372848,0.4119395
326.319948196,-0.0503787,-0.874565,-0.2399586,0.4143013
326.352507114,-0.04696152,-0.8730055,-0.2419434,0.4168298
326.385066509,-0.04700398,-0.8710007,-0.2433617,0.4201801
326.420129776,-0.04878925,-0.8688826,-0.2448473,0.4234859
326.452688694,-0.05109358,-0.8671951,-0.2470794,0.4253721
326.485247135,-0.05395237,-0.8655788,-0.2489693,0.4272054
326.520310879,-0.05474899,-0.8644104,-0.2503393,0.4286669
326.552870274,-0.05246951,-0.8636556,-0.2520882,0.4294476
326.585428715,-0.05165686,-0.863067,-0.2550199,0.4289983
326.620492458,-0.05600878,-0.8621058,-0.2564317,0.429543
326.653050899,-0.05948677,-0.8607253,-0.2562372,0.431953
326.685609817,-0.05760311,-0.8591148,-0.2581861,0.434248
326.718169212,-0.05560707,-0.8573052,-0.2629651,0.4352158
326.753232479,-0.05613474,-0.8555402,-0.2664399,0.4365058
326.785791397,-0.0535592,-0.8560868,-0.2667141,0.4355894
326.818349838,-0.04627911,-0.8591241,-0.2682084,0.4294833
326.853413582,-0.04009398,-0.8624873,-0.2734785,0.4199347
326.885972977,-0.04286917,-0.8673715,-0.2756692,0.4079989
326.918531418,-0.05109889,-0.872365,-0.2750883,0.3966388
326.953595161,-0.05287059,-0.8772243,-0.2778975,0.383514
326.986153603,-0.0457284,-0.8802465,-0.2896103,0.3685493
327.018712997,-0.04067825,-0.8827751,-0.3032025,0.3517804
327.053776741,-0.04377919,-0.8850746,-0.3138934,0.3358942
327.086335182,-0.04348854,-0.8864642,-0.3252388,0.32115
327.118894100,-0.04210085,-0.8877728,-0.3385789,0.3034455
327.151452541,-0.04815293,-0.8897852,-0.3492683,0.2839064
327.186516285,-0.0626488,-0.8928757,-0.356157,0.2619695
327.219075680,-0.07316995,-0.8957024,-0.3625163,0.2399438
327.251634121,-0.07515047,-0.8982787,-0.3718289,0.2140529
327.286697865,-0.07411906,-0.9007888,-0.3819154,0.1839952
327.319256306,-0.07372931,-0.9023182,-0.3906669,0.1561821
327.351815701,-0.07174013,-0.902597,-0.4001261,0.1292233
327.386879444,-0.06455363,-0.9014154,-0.4124241,0.0990811
327.419437885,-0.05340956,-0.899703,-0.4236504,0.06949728
327.451996803,-0.04139724,-0.8973763,-0.4337329,0.03880056
327.487060070,-0.03052935,-0.89388,-0.4433183,0.01196397
327.519619465,-0.02118826,-0.8889828,-0.4537048,-0.006352614
327.552178383,-0.01119409,-0.8823525,-0.4662837,-0.02315107
327.584736824,6.717107E-05,-0.8738199,-0.4811465,-0.03955179
327.619800568,0.0144789,-0.8620797,-0.4999345,-0.05746345
327.652359009,0.0277827,-0.8505958,-0.5169706,-0.07130283
327.684918404,0.03964334,-0.8398097,-0.5322128,-0.08078019
327.719982147,0.05380242,-0.8288689,-0.5467353,-0.0882608
327.752540588,0.0720303,-0.8184044,-0.5588902,-0.09641152
327.785099506,0.0961807,-0.8075246,-0.5688514,-0.1081157
327.820162773,0.1261001,-0.7953063,-0.5770159,-0.1235597
327.852722168,0.1536134,-0.7833636,-0.5829862,-0.1396397
327.885281086,0.17633,-0.7721673,-0.5878357,-0.1540859
327.920344353,0.1912662,-0.7624727,-0.5926042,-0.1658331
327.952903271,0.196233,-0.7578284,-0.5940597,-0.1758113
327.985461712,0.2488034,-0.73785,-0.5970231,-0.1840248
328.020525932,0.2920648,-0.7152653,-0.6058155,-0.1808561
328.053084850,0.3165975,-0.7047498,-0.606735,-0.177747
328.085643291,0.3387217,-0.6993353,-0.6015037,-0.1761215
328.118202686,0.3551414,-0.6984024,-0.5954519,-0.1678495
328.153265476,0.3604254,-0.7080761,-0.5871732,-0.1434473
328.185824871,0.3591792,-0.719108,-0.5802791,-0.1173783
328.218383789,0.3593464,-0.7290071,-0.5715857,-0.09662433
328.253447056,0.3634035,-0.7353529,-0.5629399,-0.08318731
328.286005974,0.3688176,-0.7384638,-0.5560426,-0.07803246
328.318567276,0.3726911,-0.7409054,-0.5503715,-0.07667714
328.353628635,0.3761315,-0.7428852,-0.545298,-0.07697006
328.386187553,0.3804,-0.7449146,-0.5392435,-0.07900812
328.418745995,0.3816238,-0.7473266,-0.533712,-0.08743832
328.453809738,0.379669,-0.7513418,-0.5278906,-0.09641577
328.486368179,0.3722126,-0.7578015,-0.523023,-0.1013375
328.518927574,0.3603022,-0.765427,-0.5197882,-0.103691
328.551486492,0.3455581,-0.7731974,-0.5179885,-0.1052197
328.586549759,0.3268328,-0.7823165,-0.5162271,-0.1062951
328.619109154,0.3057483,-0.791899,-0.5144226,-0.1068228
328.651668072,0.2822857,-0.8013222,-0.5127851,-0.1089786
328.686731338,0.2569191,-0.8112016,-0.5099558,-0.1118811
328.719290256,0.2335817,-0.821079,-0.5057402,-0.1101067
328.751848698,0.2115243,-0.8292348,-0.5030667,-0.1057291
328.786912441,0.1916716,-0.8339878,-0.5037067,-0.1031199
328.819471836,0.1750149,-0.8373222,-0.5051264,-0.09867305
328.852030277,0.1562179,-0.8407909,-0.5067466,-0.0922083
328.887094021,0.1344687,-0.8447652,-0.5078486,-0.08371009
328.919652462,0.115405,-0.8480929,-0.5083994,-0.0746858
328.952211857,0.09613518,-0.8513823,-0.5083667,-0.06400985
328.984770775,0.07724594,-0.8543774,-0.507809,-0.05319803
329.019834042,0.05975355,-0.8567919,-0.5070651,-0.04301064
329.052392960,0.04929236,-0.8580892,-0.5065299,-0.03617144
329.084952354,0.04554702,-0.8585477,-0.5063925,-0.03186931
329.120015144,0.04665396,-0.858668,-0.5062419,-0.02931853
329.152574539,0.04867821,-0.8585847,-0.506225,-0.02875496
329.185132980,0.0500845,-0.8584332,-0.506224,-0.03080493
329.220196724,0.05143798,-0.8586257,-0.5054997,-0.03483962
329.252756119,0.05458255,-0.8591595,-0.5039532,-0.03904334
329.285314560,0.04883087,-0.8597336,-0.5036954,-0.03731494
329.320378304,0.03782776,-0.8610066,-0.5027076,-0.03390345
329.352936745,0.02933902,-0.8614006,-0.5025559,-0.0345472
329.385495663,0.01649282,-0.8615825,-0.5026902,-0.03652159
329.418055058,-0.002814634,-0.8630375,-0.5005361,-0.03535163
329.453118324,-0.02554815,-0.8649104,-0.496785,-0.0333139
329.485677242,-0.04277785,-0.8669714,-0.4920587,-0.03219595
329.518236637,-0.05397453,-0.868611,-0.4881003,-0.03142498
329.553299427,-0.06025742,-0.8692995,-0.4861414,-0.03133147
329.585858822,-0.06212077,-0.8692371,-0.4859824,-0.03188855
329.618417263,-0.06161393,-0.8689799,-0.4864188,-0.03319596
329.653481007,-0.06066089,-0.8686929,-0.4869666,-0.03441403
329.686039925,-0.06014711,-0.8685003,-0.4873326,-0.03498713
329.718598366,-0.06103575,-0.8684174,-0.4874046,-0.03450293
329.753662586,-0.06431932,-0.8683625,-0.4872107,-0.03260484
329.786221027,-0.0693991,-0.8682473,-0.4868761,-0.03016175
329.818779945,-0.07513262,-0.8680679,-0.4864777,-0.02793443
329.853843689,-0.08069585,-0.8679102,-0.4859627,-0.02623014
329.886402130,-0.08476863,-0.867855,-0.4854281,-0.02508464
329.918961525,-0.08739582,-0.8678818,-0.4849489,-0.02440069
329.951520443,-0.08819207,-0.8678624,-0.4848417,-0.02435727
329.986583710,-0.08759533,-0.8677937,-0.4850345,-0.02510197
330.019143105,-0.08662894,-0.8677678,-0.485217,-0.02581819
330.051702023,-0.08605567,-0.8677558,-0.4853214,-0.02617877
330.086765289,-0.0862528,-0.8677381,-0.4853224,-0.02609308
330.119324207,-0.08720598,-0.8677098,-0.4852297,-0.02558301
330.151882649,-0.08865494,-0.8676589,-0.4850954,-0.02486949
330.186946392,-0.09035116,-0.86757,-0.4849755,-0.02419274
330.219505787,-0.09183835,-0.8674724,-0.4848941,-0.0237202
330.252064228,-0.09314683,-0.8673956,-0.4847973,-0.02340375
330.287127972,-0.09409969,-0.8673375,-0.4847263,-0.02322065
330.319686413,-0.09449992,-0.8673104,-0.4846992,-0.0231675
330.352245808,-0.09461059,-0.8672904,-0.4847133,-0.02317163
330.384804726,-0.09474828,-0.8672686,-0.4847224,-0.02323324
330.419867992,-0.09507699,-0.8672467,-0.4847029,-0.02311301
330.452426911,-0.09553747,-0.8672143,-0.4846818,-0.02287332
330.484986305,-0.09604821,-0.8671628,-0.4846813,-0.02269514
330.520049095,-0.09670345,-0.8670878,-0.4846927,-0.02253577
330.552608490,-0.09751312,-0.8670119,-0.4846799,-0.02223771
330.585167408,-0.0985109,-0.866931,-0.4846392,-0.02187703
330.620230675,-0.0996311,-0.866852,-0.4845675,-0.02152341
330.652790069,-0.1005998,-0.8667887,-0.4844948,-0.02120287
330.685348511,-0.1013716,-0.8667265,-0.4844565,-0.0209426
330.720412254,-0.1019803,-0.8666759,-0.4844248,-0.02081157
330.752971172,-0.102396,-0.8666503,-0.4843861,-0.02073807
330.785529613,-0.1026662,-0.8666438,-0.4843409,-0.02073146
330.818089008,-0.102765,-0.8666316,-0.4843421,-0.02072375
330.853152275,-0.1028304,-0.8666177,-0.4843525,-0.02073354
330.885711193,-0.1029746,-0.8666002,-0.4843552,-0.02068966
330.918270588,-0.1032099,-0.8665757,-0.4843492,-0.02068509
330.953333378,-0.1035514,-0.8665459,-0.4843321,-0.02062468
330.985892773,-0.1039679,-0.8665173,-0.4843016,-0.02045044
331.018451691,-0.1044552,-0.866483,-0.4842669,-0.02024258
331.053514957,-0.1049684,-0.8664501,-0.4842263,-0.01996161
331.086073875,-0.1053597,-0.8664071,-0.4842262,-0.01976644
331.118633270,-0.1057578,-0.8663821,-0.4841986,-0.01941019
331.153696537,-0.1062487,-0.8663595,-0.4841448,-0.01908187
331.186255455,-0.1067101,-0.8663421,-0.4840846,-0.01881427
331.218813896,-0.1069985,-0.8663334,-0.4840454,-0.01858487
331.251373291,-0.1071618,-0.8663182,-0.48404,-0.01849552
331.286437035,-0.1074814,-0.8662842,-0.4840349,-0.01836412
331.318995476,-0.1077856,-0.8662426,-0.4840464,-0.01824613
331.351554394,-0.1080211,-0.866231,-0.4840173,-0.01817142
331.386618137,-0.1082053,-0.8662263,-0.4839865,-0.01812141
331.419177055,-0.1082669,-0.8662158,-0.4839895,-0.01818065
331.451735973,-0.1083398,-0.8661977,-0.4840007,-0.01830217
331.486799240,-0.1083837,-0.8661883,-0.4839941,-0.01866559
331.519358158,-0.1084739,-0.8661773,-0.48399,-0.01875147
331.551917553,-0.1086232,-0.8661559,-0.4839957,-0.01873194
331.586980343,-0.1089162,-0.8660958,-0.4840381,-0.01870841
331.619539738,-0.1094194,-0.866015,-0.484075,-0.01855914
331.652098656,-0.1100093,-0.8659267,-0.4841089,-0.01830623
331.687161922,-0.1106696,-0.865828,-0.4841444,-0.01805535
331.719721317,-0.1113834,-0.8657426,-0.4841412,-0.01784789
331.752280235,-0.1122168,-0.8656637,-0.4841051,-0.017428
331.784838676,-0.113082,-0.8656144,-0.4840121,-0.01685266
331.819902420,-0.1139016,-0.8655799,-0.4839059,-0.01614286
331.852461815,-0.1144182,-0.865572,-0.4838206,-0.01545333
331.885020256,-0.1146924,-0.8656035,-0.4837044,-0.01530047
331.920084000,-0.114495,-0.8656614,-0.483627,-0.01593941
331.952642441,-0.1141882,-0.8656991,-0.4836214,-0.01625565
331.985201359,-0.1138095,-0.8657838,-0.4835815,-0.0155698
332.020265579,-0.1133716,-0.8658374,-0.4835824,-0.01575149
332.052824020,-0.1128035,-0.8658238,-0.4837056,-0.0167693
332.085382938,-0.1126038,-0.8657441,-0.4838642,-0.01762239
332.120446682,-0.1129615,-0.8656001,-0.4840269,-0.01793956
332.153005123,-0.1141337,-0.865479,-0.4839981,-0.01712189
332.185564518,-0.1159721,-0.8653479,-0.483841,-0.01578432
332.218123436,-0.1177465,-0.865225,-0.4836726,-0.01449267
332.253186703,-0.1193088,-0.8651221,-0.4835121,-0.01314568
332.285745621,-0.1203028,-0.8650734,-0.4833792,-0.01213934
332.318305016,-0.1207218,-0.8650709,-0.4832921,-0.01161934
332.353368282,-0.120421,-0.8651178,-0.4832824,-0.01164589
332.385927200,-0.1195433,-0.8652136,-0.4833191,-0.01204186
332.418485642,-0.1185008,-0.8653268,-0.4833621,-0.01248723
332.453549385,-0.1177314,-0.8654274,-0.4833575,-0.01295609
332.486108780,-0.1176082,-0.8654695,-0.483308,-0.01312
332.518667221,-0.1179248,-0.8654605,-0.4832511,-0.01295281
332.553730965,-0.118565,-0.865394,-0.4832278,-0.01242181
332.586289883,-0.119244,-0.8652965,-0.4832487,-0.01188772
332.618848801,-0.1201054,-0.8651955,-0.4832321,-0.01122572
332.651407719,-0.1206584,-0.8651828,-0.4831273,-0.01076867
332.686471462,-0.1196942,-0.8653347,-0.4830841,-0.01125707
332.719029903,-0.1175131,-0.8655408,-0.4832214,-0.0124287
332.751589298,-0.1151327,-0.8657415,-0.483407,-0.01347663
332.786652088,-0.1129618,-0.8659464,-0.4835301,-0.01423755
332.819211483,-0.1110403,-0.866146,-0.4836076,-0.0145785
332.851770401,-0.1077297,-0.8662468,-0.4841408,-0.01568728
332.886833668,-0.102065,-0.8663406,-0.4851411,-0.01739371
332.919393063,-0.09575571,-0.8663906,-0.4863169,-0.01793286
332.951951981,-0.08839266,-0.8660338,-0.4883657,-0.01728864
332.987015247,-0.07881454,-0.8649691,-0.4919157,-0.01622988
333.019574165,-0.06925242,-0.863327,-0.4962351,-0.01578058
333.052133560,-0.06088607,-0.861373,-0.5007693,-0.01368556
333.084692001,-0.05499223,-0.8595399,-0.5046895,-0.009123394
333.119755745,-0.05221096,-0.8578026,-0.5079997,-0.003548193
333.152314663,-0.05048561,-0.8569788,-0.5095738,0.0008157213
333.184873104,-0.05103949,-0.8571619,-0.5091715,0.006363783
333.219937325,-0.05475911,-0.8579409,-0.5073513,0.01269922
333.252496243,-0.05311152,-0.8592388,-0.5052127,0.01660755
333.285054684,-0.04899607,-0.8610617,-0.5024225,0.01927181
333.320118427,-0.04293264,-0.8639501,-0.4979718,0.01996821
333.352676869,-0.03598294,-0.8676616,-0.4920706,0.01904606
333.385236263,-0.02917399,-0.8720555,-0.4847803,0.01684917
333.420300007,-0.02104383,-0.8773245,-0.4757302,0.01293482
333.452858448,-0.0174052,-0.8827133,-0.465901,0.008848023
333.485417843,-0.01470939,-0.8880474,-0.4557795,0.006942353
333.520481587,-0.01248432,-0.8939392,-0.444228,0.002466896
333.553040028,-0.01037261,-0.8988257,-0.4343176,-0.0008141316
333.585598946,-0.01443038,-0.903047,-0.4253532,0.0001736888
333.618158341,-0.02638066,-0.9055338,-0.4194401,0.003220556
333.653221130,-0.04920764,-0.9052519,-0.4179861,0.0036145
333.685780525,-0.08397371,-0.9036475,-0.4158382,0.008704182
333.718339443,-0.1213854,-0.9011194,-0.4116642,0.02023748
333.753402710,-0.144629,-0.8988822,-0.4081522,0.03365592
333.785962105,-0.1573703,-0.8945375,-0.412343,0.04047467
333.818521023,-0.1681647,-0.890015,-0.417246,0.04612294
333.853584290,-0.1769886,-0.886972,-0.4189745,0.05517048
333.886143208,-0.1792047,-0.8858629,-0.4189439,0.06516315
333.918701649,-0.1747213,-0.8858614,-0.4196101,0.07264351
333.953765392,-0.1626765,-0.885595,-0.4246815,0.07437172
333.986324787,-0.1472271,-0.8851497,-0.4313964,0.07320595
334.018883228,-0.1282759,-0.8849465,-0.4384406,0.06937285
334.051442146,-0.1061692,-0.8851144,-0.4450206,0.06232999
334.086506367,-0.08058781,-0.8853401,-0.4513134,0.05121046
334.119064808,-0.05908485,-0.8849659,-0.4564998,0.03974979
334.151623726,-0.04146476,-0.8846076,-0.4598812,0.02978327
334.186687470,-0.02464228,-0.8855163,-0.4598428,0.0206356
334.219245911,-0.009983052,-0.8858159,-0.4600712,0.01387701
334.251805306,0.003366495,-0.8857793,-0.4603765,0.008060312
334.286869049,0.01405079,-0.885728,-0.4603299,0.003555411
334.319427490,0.02021142,-0.8857075,-0.4601517,0.00130827
334.351986408,0.02333769,-0.8856038,-0.4602055,4.976738E-05
334.387049675,0.02465438,-0.8856556,-0.4600351,-0.001245841
334.419609070,0.02557333,-0.885758,-0.4597798,-0.002971017
334.452167988,0.02254974,-0.8863942,-0.4586811,-0.00601962
334.484727383,0.0129935,-0.8875776,-0.4567347,-0.007634383
334.519790173,-0.001220246,-0.8888502,-0.4544502,-0.006816559
334.552349568,-0.01247864,-0.8892652,-0.4535109,-0.002687418
334.584908486,-0.02189047,-0.8885441,-0.4545568,0.00399825
334.619971752,-0.03096809,-0.8875903,-0.4557432,0.01225587
334.652530670,-0.02917297,-0.8879444,-0.4550007,0.01748592
334.685089588,-0.01559209,-0.8896754,-0.4521995,0.01943807
334.720153332,-0.0003372998,-0.8896371,-0.4526508,0.01675785
334.752712250,0.01022991,-0.8899014,-0.4521258,0.01344334
334.785270691,0.0146386,-0.8917276,-0.4484187,0.01248438
334.820334434,0.01731604,-0.897196,-0.4372925,0.01193619
334.852893829,0.02153037,-0.9028081,-0.4253976,0.01177183
334.885452270,0.02854916,-0.9083529,-0.4129996,0.0117866
334.920516014,0.03786502,-0.9138491,-0.3999144,0.01192264
334.953074932,0.04544079,-0.9177712,-0.3900018,0.01254136
334.985633850,0.0494295,-0.921414,-0.3807584,0.01427099
335.053256035,0.04037448,-0.9286577,-0.3631405,0.02685728
335.085814953,0.03327474,-0.931313,-0.3564226,0.033755
335.118374348,0.02496823,-0.9336902,-0.3498139,0.04309442
335.153437138,0.01843178,-0.9358795,-0.3425258,0.05562186
335.185996532,0.01220092,-0.9372115,-0.3366789,0.06899896
335.218555450,0.00185796,-0.9377909,-0.3314998,0.08532508
335.253618717,-0.01207128,-0.9374418,-0.326378,0.1056515
335.286178112,-0.026566,-0.9364771,-0.3212284,0.1254791
335.318737030,-0.04033627,-0.9351677,-0.3145574,0.1466827
335.353800297,-0.0497159,-0.9335411,-0.3060644,0.1702401
335.386359215,-0.05069898,-0.9316218,-0.2975978,0.1938392
335.418918610,-0.04350579,-0.9291843,-0.28902,0.2186754
335.451477051,-0.02866169,-0.9255064,-0.2823288,0.243997
335.486540794,-0.008228248,-0.9189996,-0.2805558,0.2707179
335.519099712,0.009101639,-0.910888,-0.2821004,0.2953762
335.551658630,0.01941188,-0.9016758,-0.2847019,0.3196503
335.586722374,0.01908609,-0.8913529,-0.2853799,0.3468596
335.619281292,0.01045757,-0.8825024,-0.2835576,0.370544
335.651839733,0.001380723,-0.8737297,-0.2820612,0.3919996
335.686903477,-0.004793374,-0.8648167,-0.2838264,0.4100481
335.719462871,-0.007258178,-0.8578777,-0.2879986,0.4215179
335.752021313,-0.007034305,-0.8524989,-0.2934409,0.4286212
335.787085056,-0.00641541,-0.849888,-0.2996141,0.4295442
335.819643497,-0.008163625,-0.8488433,-0.3033128,0.4289842
335.852202892,-0.01032532,-0.8482563,-0.3051404,0.4288024
335.884761810,-0.01034189,-0.8479283,-0.3074138,0.4278258
335.919825077,-0.01041287,-0.8495328,-0.3079443,0.4242447
335.952383995,-0.01122295,-0.8513128,-0.305151,0.4226713
335.984943390,-0.01065611,-0.8526275,-0.3013803,0.4227416
336.020006180,-0.007569027,-0.8533188,-0.2977022,0.4240175
336.052565575,-0.002278314,-0.8536008,-0.294952,0.4254311
336.085124493,0.003766582,-0.8534812,-0.2922228,0.4275385
336.120187759,0.009045877,-0.8524417,-0.2894592,0.4313959
336.152747154,0.01268911,-0.8510267,-0.2873152,0.4355115
336.185306072,0.0153579,-0.8498975,-0.285827,0.4385988
336.220369339,0.01685591,-0.8490324,-0.2855207,0.4404151
336.252928257,0.01600438,-0.8482372,-0.2864218,0.4413929
336.285487652,0.01281891,-0.8477599,-0.2873902,0.4417842
336.318046093,0.008704462,-0.8475919,-0.2882274,0.4416614
336.353109837,0.004498716,-0.8470024,-0.2901811,0.4415759
336.385668755,0.0004630597,-0.8461138,-0.2926177,0.4416941
336.418227196,-0.002651306,-0.8450114,-0.295221,0.4420644
336.453291416,-0.004271895,-0.8439995,-0.2982473,0.4419534
336.485850334,-0.00396128,-0.8430932,-0.3006975,0.4420258
336.518408775,-0.001654207,-0.8423055,-0.3031122,0.4418928
336.553472519,0.001299824,-0.841404,-0.3053159,0.4420943
336.586030960,0.002818401,-0.8403404,-0.3062134,0.4434876
336.618590355,0.00308688,-0.8389624,-0.3060228,0.4462176
336.653654098,0.003461048,-0.8370658,-0.3055161,0.4501072
336.686212540,0.004666627,-0.8355212,-0.3053946,0.4530391
336.718771458,0.006527811,-0.8343875,-0.3057049,0.4548924
336.753835678,0.008368173,-0.8337344,-0.3067258,0.4553723
336.786394119,0.008811275,-0.833822,-0.3086804,0.4538803
336.818953037,0.007059936,-0.8343598,-0.3109164,0.4513896
336.851512432,0.003435472,-0.835281,-0.3132859,0.4480777
336.886575222,-0.0008537446,-0.8368039,-0.3154435,0.4437132
336.919134617,-0.003260796,-0.8388695,-0.3174278,0.4383545
336.951693535,-0.003837092,-0.8415484,-0.3194724,0.4316787
336.986756802,-0.003312008,-0.844606,-0.3215239,0.4241224
337.019315720,-0.002220439,-0.8472116,-0.3229429,0.4178074
337.051875114,-0.001006515,-0.8491936,-0.3243216,0.4126894
337.086938381,-0.0003381075,-0.8503317,-0.3254984,0.4094074
337.119497299,0.000210765,-0.8505892,-0.325856,0.4085874
337.152056694,0.001934347,-0.8502988,-0.325747,0.4092733
337.187119484,0.004859658,-0.8492429,-0.3257508,0.4114327
337.219678879,0.007112461,-0.8476536,-0.3255018,0.4148604
337.252237797,0.008383392,-0.8454731,-0.3248022,0.4198048
337.284796238,0.008815886,-0.8430018,-0.3238765,0.4254434
337.319860458,0.008300844,-0.8403257,-0.3227859,0.4315329
337.352418900,0.00660723,-0.8379664,-0.3214502,0.4371112
337.384977818,0.003392519,-0.8359404,-0.3199039,0.4421328
337.420041561,-0.001680577,-0.833703,-0.3183895,0.4474286
337.452600002,-0.00718662,-0.8313755,-0.3176048,0.4522366
337.485159397,-0.01299095,-0.829353,-0.3175698,0.4558311
337.520223141,-0.01851812,-0.8275078,-0.3182819,0.4584892
337.552781582,-0.02323103,-0.8262119,-0.3197799,0.459568
337.585340500,-0.02829057,-0.8248411,-0.3216639,0.4604312
337.620404720,-0.03355113,-0.8232489,-0.3243098,0.4610709
337.652963161,-0.03806752,-0.8217303,-0.3273442,0.4612849
337.685522079,-0.04185097,-0.8199024,-0.331059,0.4615585
337.718081474,-0.04612625,-0.8179825,-0.3347203,0.4619166
337.753144264,-0.05128987,-0.8156962,-0.337915,0.4630878
337.785703659,-0.05565178,-0.8133065,-0.340454,0.4649239
337.818262577,-0.0598366,-0.810905,-0.3426186,0.4670042
337.853325844,-0.06516707,-0.8086329,-0.3438844,0.4692943
337.885884762,-0.06983183,-0.8064018,-0.3448934,0.4717158
337.918444157,-0.07370146,-0.8040274,-0.3463193,0.4741293
337.953507423,-0.0770722,-0.8016991,-0.3477726,0.4764666
337.986066341,-0.07923858,-0.8001159,-0.3487754,0.4780367
338.018625736,-0.07987615,-0.7993335,-0.348929,0.4791264
338.053688526,-0.07769491,-0.7992781,-0.3488397,0.4796421
338.086247921,-0.07370421,-0.7998738,-0.3486905,0.4793874
338.118806362,-0.0689782,-0.8014138,-0.3478585,0.4781215
338.151365280,-0.065204,-0.8037968,-0.3456277,0.476265
338.186429024,-0.06182403,-0.8070982,-0.3408967,0.4745393
338.218987942,-0.05873682,-0.809761,-0.3361084,0.4738101
338.251546860,-0.05547812,-0.8119999,-0.3309861,0.4739772
338.286610603,-0.05194123,-0.8140678,-0.3251517,0.4748683
338.319169045,-0.04873491,-0.8158699,-0.3189692,0.4763063
338.351728439,-0.0447272,-0.8174071,-0.3118155,0.4787942
338.386792183,-0.03722568,-0.8182161,-0.304469,0.4827659
338.419350624,-0.02639052,-0.8187326,-0.2995967,0.4856438
338.451909542,-0.01607061,-0.8194308,-0.2955098,0.4874182
338.486973286,-0.00760554,-0.8202504,-0.2890452,0.4901143
338.519532204,-4.777916E-05,-0.8207402,-0.2821489,0.4933612
338.552091122,0.01154364,-0.8211693,-0.2758342,0.4960755
338.584650517,0.03151448,-0.8207579,-0.2725905,0.4976799
338.619713307,0.06497348,-0.8187584,-0.27305,0.4974782
338.652272701,0.07822723,-0.8163699,-0.268313,0.5020524
338.684831619,0.08657702,-0.813977,-0.2560563,0.5108901
338.719894886,0.09971647,-0.8105642,-0.2422563,0.5205594
338.752453804,0.1190574,-0.8075663,-0.2383034,0.5229734
338.785012245,0.1382594,-0.8044949,-0.2375419,0.5233297
338.820076466,0.1567458,-0.7996327,-0.2342005,0.5270637
338.852635384,0.1739662,-0.7938133,-0.230339,0.5321351
338.885193825,0.1941781,-0.7864289,-0.2287882,0.5367569
338.920257568,0.220406,-0.7784858,-0.2288311,0.5381868
338.952816963,0.2442227,-0.772415,-0.2293764,0.5364182
338.985375404,0.2635013,-0.7681055,-0.228558,0.5338258
339.020439148,0.2796423,-0.7652809,-0.2262407,0.5306487
339.052998066,0.2891667,-0.7634913,-0.2255317,0.5284191
339.085556507,0.2931804,-0.7627351,-0.2242877,0.5278288
339.118115902,0.2937166,-0.7647526,-0.2191514,0.5267678
339.153179646,0.2927009,-0.7682499,-0.2133579,0.5246183
339.185738087,0.2935173,-0.7691006,-0.2095987,0.5244309
339.218297482,0.2940855,-0.7702168,-0.2073626,0.5233623
339.253360272,0.2937329,-0.7714663,-0.2042505,0.5229438
339.285919666,0.2934456,-0.7737304,-0.2027478,0.5203382
339.318478584,0.2918721,-0.7768813,-0.2019357,0.5168324
339.353541851,0.2890992,-0.7819574,-0.2020686,0.5106468
339.386101246,0.2841899,-0.7904736,-0.203429,0.4996318
339.418660164,0.2759076,-0.7991047,-0.2036165,0.4903822
339.453723431,0.2660522,-0.809517,-0.2021321,0.4792377
339.486282349,0.2608292,-0.8152585,-0.2019119,0.4724203
339.518841744,0.2577097,-0.8197272,-0.1967196,0.4685746
339.551400185,0.2586017,-0.8218431,-0.1952575,0.4649746
339.586463928,0.2512838,-0.8271168,-0.1880676,0.4625933
339.619022846,0.2438579,-0.8334374,-0.1690161,0.4625762
339.651581287,0.2574871,-0.8327134,-0.1666148,0.4573358
339.686645508,0.263523,-0.8341579,-0.1601873,0.4535459
339.719204426,0.2636237,-0.8374755,-0.1448545,0.4525287
339.751762867,0.2640853,-0.8407663,-0.1274259,0.4513994
339.786826611,0.2541684,-0.8472379,-0.1065758,0.4503949
339.819386005,0.2320905,-0.856728,-0.07750507,0.4503017
339.851944447,0.209823,-0.864924,-0.04484424,0.4499971
339.887008190,0.1965,-0.8694644,-0.01752448,0.4491549
339.919567108,0.1872519,-0.871415,0.003237342,0.4496552
339.952125549,0.1765127,-0.8727186,0.02387517,0.4508471
339.984684944,0.1633246,-0.8739294,0.04692317,0.4516618
340.019748211,0.1533922,-0.8733986,0.06934385,0.4532823
340.052307129,0.1460042,-0.8726044,0.08916973,0.453785
340.084866524,0.1378622,-0.8710254,0.1105456,0.4546603
340.119929314,0.1279875,-0.8687779,0.1357452,0.4550221
340.152488709,0.1180789,-0.8659149,0.1593072,0.4555193
340.220110893,0.08918819,-0.8593418,0.2032444,0.4570519
340.252669811,0.06832078,-0.8552768,0.2213567,0.4598507
340.285229206,0.04141764,-0.8495129,0.2375161,0.465646
340.320292473,0.009292047,-0.8400724,0.2596546,0.4726511
340.352851391,-0.01588588,-0.8283152,0.2731018,0.4854735
340.385410786,-0.04014046,-0.8155805,0.2764168,0.5034266
340.417969227,-0.07277615,-0.7998524,0.2861443,0.5193157
340.453032971,-0.1046394,-0.780114,0.3001076,0.5357572
340.485591889,-0.1169393,-0.7662724,0.2942633,0.5560473
340.518150330,-0.1230195,-0.7585028,0.2766764,0.5741233
340.553214073,-0.131618,-0.7535664,0.2556593,0.5882859
340.585773468,-0.1421806,-0.7510701,0.2312263,0.5990329
340.618331909,-0.1520917,-0.7502364,0.2049237,0.6071634
340.653395653,-0.1610067,-0.7544858,0.1796453,0.6076046
340.685955048,-0.1688166,-0.7611612,0.1620435,0.6020831
340.718513489,-0.1713142,-0.7720129,0.1556404,0.5891107
340.753577232,-0.1729512,-0.7803172,0.1509183,0.5788301
340.786135673,-0.1700711,-0.7887056,0.146457,0.5693833
340.818694591,-0.167308,-0.7953767,0.1424182,0.5618975
340.853758335,-0.1671998,-0.7957018,0.1448648,0.5608429
340.886317253,-0.1618765,-0.7926829,0.1472288,0.5660397
340.918876171,-0.1490534,-0.7903297,0.1463517,0.5730366
340.951435566,-0.1348992,-0.7889818,0.1440767,0.5789469
340.986498356,-0.1231281,-0.7879871,0.1434238,0.5830721
341.019057751,-0.1149573,-0.7870431,0.1427515,0.5861721
341.051616669,-0.1093085,-0.7871402,0.1395474,0.5878914
341.086679935,-0.1088682,-0.7880108,0.1358721,0.5876677
341.119238853,-0.1129681,-0.7889599,0.1349921,0.5858204
341.151798248,-0.1184056,-0.7900016,0.1350206,0.5833307
341.186861515,-0.1227625,-0.7910189,0.1350151,0.5810483
341.219420433,-0.1244533,-0.7920448,0.1342975,0.5794553
341.251979828,-0.1256877,-0.7932045,0.1330084,0.5778976
341.287042618,-0.1279943,-0.7940687,0.1323265,0.5763592
341.319602013,-0.1298994,-0.7942333,0.1321343,0.5757497
341.352160931,-0.1312651,-0.7937191,0.1319934,0.5761815
341.384719372,-0.1309624,-0.7930617,0.1324659,0.5770463
341.419783115,-0.1273044,-0.7926257,0.1321063,0.5785445
341.452342033,-0.1225075,-0.7922851,0.1313139,0.5802247
341.484900951,-0.118172,-0.7911468,0.1309555,0.5827525
341.519964695,-0.113577,-0.7896295,0.1302482,0.5858743
341.552523136,-0.109955,-0.7885591,0.1292573,0.5882217
341.585082531,-0.1079586,-0.7879899,0.1283869,0.5895435
341.620146275,-0.1068254,-0.7876684,0.1275072,0.5903698
341.652704716,-0.1055944,-0.7875213,0.1265824,0.5909863
341.685263634,-0.1033862,-0.7874084,0.1258745,0.5916779
341.720327377,-0.1000867,-0.787228,0.1248736,0.5926965
341.752886295,-0.0973767,-0.7868609,0.1240336,0.5938107
341.785445213,-0.09495847,-0.7864476,0.1237972,0.5947983
341.818004131,-0.09285571,-0.7860224,0.1239865,0.5956523
341.853067398,-0.09024885,-0.7854466,0.124233,0.5967602
341.885626793,-0.08701049,-0.7848994,0.1238964,0.5980296
341.918185711,-0.08285263,-0.7840866,0.1232926,0.5998085
341.953248978,-0.07679655,-0.782973,0.1227211,0.6021817
341.985807896,-0.07025965,-0.7817937,0.12288,0.6044753
342.018367291,-0.0630922,-0.7800756,0.1248639,0.6070734
342.053430557,-0.05432512,-0.7782286,0.1287803,0.6094691
342.085989475,-0.0457164,-0.7766873,0.1328225,0.6112714
342.118548393,-0.03796549,-0.7755774,0.1375682,0.612161
342.153611660,-0.03088162,-0.7753821,0.1418867,0.611821
342.186171055,-0.02626661,-0.7754207,0.1436951,0.6115654
342.218729496,-0.02480811,-0.7761192,0.1432475,0.6108449
342.253793240,-0.02759559,-0.7774195,0.1414534,0.6094884
342.286352158,-0.03307374,-0.7795119,0.1395226,0.6069832
342.318910599,-0.04021081,-0.7822307,0.1373191,0.6035473
342.351469994,-0.04810156,-0.7850204,0.1356093,0.5997226
342.386533737,-0.05426865,-0.7873862,0.1344997,0.596335
342.419092178,-0.05499981,-0.7892421,0.1331675,0.5941094
342.451651573,-0.05138091,-0.790472,0.1316236,0.5931416
342.486715317,-0.04764393,-0.7908753,0.1297075,0.5933381
342.519273758,-0.0483395,-0.7911147,0.1289468,0.5931284
342.551832676,-0.05130012,-0.7913411,0.1287072,0.5926293
342.586896420,-0.05433491,-0.7916401,0.1280123,0.5921101
342.619454861,-0.05554434,-0.7917747,0.1266826,0.5921037
342.652014255,-0.0555241,-0.7917335,0.125637,0.5923834
342.687077522,-0.055248,-0.7915961,0.1249366,0.5927411
342.719636440,-0.05564082,-0.7914933,0.124367,0.5929612
342.752195835,-0.05652777,-0.7913643,0.1242249,0.5930793
342.784754753,-0.05698444,-0.7912861,0.1240859,0.5931691
342.819818020,-0.05644575,-0.7914678,0.1233254,0.5931368
342.852376938,-0.0546843,-0.7910818,0.1219491,0.5941005
342.884936333,-0.05164391,-0.7902811,0.1194303,0.5959471
342.919999123,-0.04920636,-0.7895215,0.1171809,0.5976043
342.952558517,-0.04825818,-0.7889968,0.1159477,0.5986142
342.985116959,-0.04796667,-0.7889071,0.1150103,0.5989367
343.020180702,-0.04847383,-0.7891352,0.1143866,0.5987148
343.052740097,-0.04901559,-0.7894841,0.1141906,0.5982477
343.085298538,-0.04980798,-0.7899742,0.1141372,0.5975453
343.120362282,-0.05124998,-0.7905204,0.113866,0.5967523
343.152921200,-0.05201586,-0.7908468,0.1134048,0.5963411
343.185479641,-0.05246593,-0.7912357,0.1128391,0.5958928
343.218039036,-0.05324306,-0.7912745,0.1128652,0.5957677
343.253102779,-0.05412944,-0.7913763,0.1132507,0.5954793
343.285661221,-0.05492711,-0.7916175,0.1137002,0.5949997
343.318220615,-0.05633307,-0.7918395,0.1138388,0.5945461
343.353284359,-0.05766204,-0.7920739,0.1139527,0.5940846
343.385842800,-0.05835669,-0.7923971,0.1129348,0.59378
343.418401718,-0.0594389,-0.7926447,0.1113903,0.5936341
343.453464985,-0.06002759,-0.7929497,0.1099957,0.5934275
343.486023903,-0.05998791,-0.7935456,0.1085692,0.5928972
343.518583298,-0.05996566,-0.7945833,0.1072875,0.5917422
343.553646565,-0.06088857,-0.7958472,0.1058387,0.5902081
343.586205483,-0.06258024,-0.7968613,0.1040992,0.5889711
343.618764877,-0.06364806,-0.7978537,0.1028406,0.5877327
343.651323795,-0.06371387,-0.7988034,0.1017245,0.5866289
343.686387062,-0.06471235,-0.8000322,0.1004091,0.5850697
343.718945980,-0.06633324,-0.8009871,0.09938699,0.5837547
343.751504421,-0.06793383,-0.8015347,0.09850613,0.5829677
343.786568165,-0.06936358,-0.8019292,0.09831649,0.5822884
343.819127560,-0.0705542,-0.8025457,0.09890396,0.5811955
343.851686001,-0.07210543,-0.8030232,0.09923903,0.5802879
343.886749744,-0.07412344,-0.8030272,0.09942015,0.5799971
343.919309139,-0.07606024,-0.8028353,0.1000041,0.5799112
343.951867580,-0.07768404,-0.8026202,0.1009311,0.5798334
343.986931324,-0.07940666,-0.8022648,0.1015412,0.5799853
344.019490242,-0.08178601,-0.8013939,0.1021057,0.5807589
344.052048683,-0.08436516,-0.8002852,0.1030181,0.5817569
344.087112427,-0.08695627,-0.7991598,0.103292,0.5828728
344.119671822,-0.08905957,-0.7977338,0.1028063,0.5845918
344.152230263,-0.09050183,-0.7959368,0.1019222,0.58697
344.184789181,-0.09094647,-0.79394,0.1007088,0.589808
344.219852448,-0.09089174,-0.7919735,0.09866758,0.5927976
344.252411842,-0.09017807,-0.7896845,0.09662757,0.5962861
344.284970760,-0.08931366,-0.7874006,0.0945227,0.5997636
344.320034027,-0.08900626,-0.7845635,0.09262286,0.6038102
344.352592945,-0.08828618,-0.7820659,0.09003569,0.6075359
344.385152340,-0.0876191,-0.779519,0.08665746,0.6113847
344.420215607,-0.08714487,-0.7768225,0.08385473,0.6152632
344.452774525,-0.0875565,-0.7747468,0.08192965,0.6180749
344.485333920,-0.08859608,-0.7729952,0.08025348,0.6203356
344.520396710,-0.08971113,-0.7708446,0.07965367,0.6229234
344.552956104,-0.09128049,-0.7692672,0.07884596,0.6247454
344.585515022,-0.09360161,-0.7680055,0.07756954,0.6261126
344.618073464,-0.09565968,-0.7661019,0.07598862,0.6283236
344.653137207,-0.09637171,-0.7635251,0.07414684,0.6315629
344.685696602,-0.09600503,-0.7614268,0.07163707,0.6344354
344.718255043,-0.09577032,-0.7596737,0.06864394,0.6368985
344.753318787,-0.09603965,-0.7575745,0.06615885,0.6396154
344.785878181,-0.0961837,-0.755735,0.06444107,0.641941
344.818436623,-0.09639908,-0.7542893,0.06262156,0.6437866
344.853500366,-0.09723595,-0.7530296,0.06080168,0.645308
344.886059284,-0.09815736,-0.7521698,0.05939431,0.6463017
344.918617725,-0.09836884,-0.7515207,0.05818782,0.6471337
344.953681469,-0.09812345,-0.7509833,0.05692422,0.6479068
344.986240864,-0.09801622,-0.7505921,0.05598393,0.6484581
345.018799305,-0.09758145,-0.7502499,0.05521642,0.6489852
345.051358223,-0.09764965,-0.7498564,0.05407153,0.6495258
345.086421490,-0.09769385,-0.7495212,0.05265684,0.6500223
345.118980885,-0.09768957,-0.7492897,0.0513639,0.6503931
345.151539803,-0.09771177,-0.7490092,0.05041135,0.6507872
345.186603069,-0.09700894,-0.7487805,0.04943458,0.6512304
345.219161987,-0.0960485,-0.748534,0.04920271,0.6516736
345.251721382,-0.09410541,-0.7483828,0.04911975,0.6521367
345.286784649,-0.09247788,-0.7487474,0.04793379,0.6520392
345.319343567,-0.09213746,-0.7490933,0.04806285,0.6516806
345.351902485,-0.09178362,-0.7492431,0.04841607,0.6515322
345.386965752,-0.0917263,-0.7497383,0.04826325,0.6509817
345.419525147,-0.09216735,-0.750193,0.0484248,0.6503834
345.452084065,-0.09299538,-0.7504439,0.04854497,0.6499667
345.484642506,-0.09372256,-0.7505534,0.04837657,0.6497483
345.519706249,-0.09426527,-0.7507105,0.04839477,0.649487
345.552265644,-0.09460039,-0.7505605,0.04816979,0.6496284
345.584824085,-0.094273,-0.7499563,0.04803786,0.6503832
345.619887829,-0.09414814,-0.7496807,0.0478316,0.6507341
345.652446747,-0.09498826,-0.749112,0.04761596,0.6512824
345.685005665,-0.09643615,-0.7481632,0.0474485,0.652172
345.720069408,-0.09746803,-0.747247,0.04688401,0.6531091
345.752628326,-0.09773821,-0.7464466,0.04566556,0.6540697
345.785186768,-0.09797488,-0.7454986,0.04426093,0.655211
345.820250511,-0.09810428,-0.7442442,0.04314844,0.6566902
345.852809906,-0.09856474,-0.7427807,0.04300012,0.6582861
345.885368347,-0.09901414,-0.7409601,0.04329952,0.6602478
345.920432091,-0.09928318,-0.7389169,0.04365544,0.66247
345.952991486,-0.09841268,-0.7371131,0.04373121,0.6646009
345.985549927,-0.09678335,-0.7352026,0.04303659,0.6669976
346.018108845,-0.09469882,-0.7330294,0.0421765,0.669738
346.053172588,-0.09262395,-0.7306686,0.04174562,0.6726286
346.085731030,-0.09130594,-0.7284482,0.04135871,0.6752359
346.118290424,-0.09157729,-0.7264501,0.04023831,0.677416
346.153353214,-0.09323759,-0.7239695,0.03765843,0.6799886
346.185912609,-0.09333653,-0.7221943,0.03528056,0.6819873
346.218471527,-0.09271698,-0.7210221,0.03484816,0.6833331
346.253534794,-0.09164611,-0.7200261,0.03523427,0.6845069
346.286094189,-0.09263118,-0.7184801,0.03455589,0.6860317
346.318653107,-0.09350996,-0.7167399,0.03472837,0.687722
346.353716374,-0.09196441,-0.7152705,0.03595977,0.6893948
346.386275292,-0.09050041,-0.7141912,0.0356438,0.6907227
346.418834686,-0.08965398,-0.7135404,0.03593943,0.6914898
346.451393128,-0.08891846,-0.7128813,0.03745237,0.6921841
346.486456871,-0.0878339,-0.7120609,0.03920612,0.6930694
346.519015789,-0.0868853,-0.7112386,0.04104184,0.6939263
346.551574707,-0.08681924,-0.7100077,0.04291226,0.6950812
346.586638451,-0.08837555,-0.7079434,0.04601762,0.6967898
346.619197369,-0.09018823,-0.7052019,0.04657739,0.6992958
346.651755810,-0.1000703,-0.6989859,0.04863738,0.7040361
346.686819553,-0.1108615,-0.6923606,0.053432,0.7086037
346.719378948,-0.1153845,-0.6917108,0.05536485,0.7083679
346.751937389,-0.1130061,-0.6970623,0.06284955,0.7028595
346.787001133,-0.1050812,-0.7031078,0.06632747,0.6977289
346.819560051,-0.09888755,-0.6963955,0.0533072,0.7064282
346.852118969,-0.09866858,-0.6949382,0.05423672,0.7078217
346.884677887,-0.1006462,-0.6906251,0.03891199,0.7127559
346.919741631,-0.109108,-0.6813124,0.04493402,0.7200816
346.952300072,-0.1058787,-0.6754142,0.04094574,0.7263308
346.984859467,-0.1070262,-0.6686098,0.03729216,0.7326276
347.019923210,-0.1089217,-0.6604893,0.03866204,0.73961
347.052481651,-0.1133041,-0.6522945,0.0411856,0.74606
347.085040569,-0.119484,-0.6444632,0.0431379,0.7517695
347.120104313,-0.1259051,-0.6348384,0.04553296,0.7587375
347.152663231,-0.1306115,-0.6247662,0.0497058,0.7660058
347.185222149,-0.1339047,-0.6136287,0.05209284,0.7742373
347.220285416,-0.1362274,-0.5995518,0.05253592,0.7847594
347.252844334,-0.1371213,-0.5840943,0.05300128,0.796147
347.285403729,-0.1380612,-0.5658478,0.05142269,0.8091593
347.317962647,-0.1411314,-0.5439298,0.04937935,0.8236575
347.353025913,-0.1439825,-0.5166531,0.04475209,0.8408113
347.385584831,-0.146671,-0.488782,0.0390553,0.857136
347.418144226,-0.1496361,-0.4596885,0.03025046,0.8729307
347.453207493,-0.1553935,-0.4283962,0.01884546,0.8880327
347.485766411,-0.1664415,-0.3982237,0.007480879,0.9001593
347.518325806,-0.1758527,-0.3678691,0.002187862,0.911247
347.553388596,-0.1802575,-0.3348852,5.512262E-05,0.9230313
347.585947991,-0.1827305,-0.3060868,-0.001732135,0.932494
347.618506432,-0.1734348,-0.2814312,-0.002837917,0.9419853
347.653570175,-0.1646827,-0.2542734,-0.01059365,0.9511783
347.686129093,-0.1566968,-0.2280809,-0.01994618,0.9589864
347.718687534,-0.1506318,-0.2021414,-0.02689354,0.9655845
347.753751755,-0.1537425,-0.1748276,-0.02440045,0.9704797
347.786310673,-0.1581565,-0.1506816,-0.01543295,0.9739974
347.818869114,-0.1618148,-0.1258585,-0.00513075,0.9770246
347.851428509,-0.1662493,-0.1005625,-0.001569646,0.9792209
347.886492252,-0.1720361,-0.06859169,0.001137231,0.9809818
347.919050693,-0.1763219,-0.04761983,0.002575232,0.9814602
347.951609611,-0.1885346,-0.03012319,0.01552812,0.9797621
347.986673355,-0.2074016,-0.0008314968,0.03710417,0.9758251
348.019231796,-0.2321839,0.02583616,0.0488418,0.9693633
348.051791191,-0.2604565,0.0566965,0.08216719,0.9585531
348.086854935,-0.2807013,0.1065701,0.1494785,0.9402835
348.119413376,-0.2827332,0.1638652,0.2155375,0.9183579
348.151972771,-0.2770593,0.2102562,0.265131,0.8974206
348.187036514,-0.2744062,0.2281032,0.3066123,0.8805037
348.219594955,-0.2859044,0.2169578,0.3491219,0.8636721
348.252153874,-0.2944995,0.1883678,0.4080395,0.8413792
348.284713268,-0.2843048,0.1468181,0.5000888,0.802592
348.319776535,-0.2644608,0.09429362,0.6112127,0.7377098
348.352335453,-0.2573476,0.05803286,0.6925924,0.6688406
348.384894371,-0.2571893,0.02049387,0.7480627,0.608657
348.419957638,-0.2491803,-0.009450101,0.7908965,0.5558148
348.452517033,-0.2285352,-0.03628096,0.7888858,0.5663412
348.485075951,-0.1910253,-0.05175161,0.7871501,0.5812515
348.520139217,-0.1532167,-0.06593867,0.7919945,0.5844219
348.552698136,-0.1271536,-0.0864486,0.7876599,0.5937828
348.585257530,-0.11193,-0.1140928,0.7877957,0.5919967
348.620320797,-0.1009819,-0.1357559,0.8129398,0.5541926
348.652879715,-0.09750313,-0.1372257,0.8488777,0.4976912
348.685438633,-0.09393866,-0.1329327,0.8743252,0.4535278
348.717997551,-0.08757062,-0.1269902,0.8830152,0.4394504
348.753061294,-0.07823347,-0.1246405,0.8754231,0.4567343
348.785619736,-0.06898364,-0.1269237,0.8633525,0.4799811
348.818178654,-0.06419104,-0.1280972,0.8569415,0.4916802
348.853242397,-0.06430443,-0.1269091,0.8588222,0.488683
348.885800838,-0.06619734,-0.1263858,0.8624646,0.482107
348.918360233,-0.06813139,-0.1284135,0.8627349,0.4808164
348.953423977,-0.069893,-0.1331319,0.858213,0.4873284
348.985982418,-0.07127926,-0.139382,0.8501236,0.4994092
349.018541813,-0.07120724,-0.1468373,0.8387812,0.5161804
349.053605557,-0.06876463,-0.1559591,0.8234845,0.5380047
349.086163998,-0.06620833,-0.1629581,0.8079207,0.559422
349.118722916,-0.06565352,-0.1672433,0.7900435,0.5832479
349.151282311,-0.06551472,-0.1712256,0.7680716,0.6108055
349.186345100,-0.0649351,-0.1744463,0.7446666,0.638319
349.218904495,-0.06460055,-0.1754887,0.7276412,0.6574165
349.251463413,-0.0648218,-0.175399,0.7138526,0.6723655
349.286526680,-0.06516898,-0.1755638,0.6997867,0.6869182
349.319086075,-0.06457663,-0.1768126,0.6863223,0.7001118
349.351644993,-0.06357367,-0.1787919,0.6718122,0.7136441
349.386708260,-0.06236928,-0.1811934,0.6564904,0.7272736
349.419267178,-0.06130413,-0.1820386,0.6445959,0.7377179
349.451826573,-0.05969493,-0.1821618,0.6338025,0.7471115
349.486889362,-0.05801432,-0.1813462,0.6218237,0.7574371
349.519448757,-0.05656669,-0.1803529,0.6115729,0.7660804
349.552007675,-0.0554265,-0.1787348,0.6026905,0.7735461
349.587070942,-0.05424896,-0.1768111,0.5950844,0.779934
349.619630337,-0.0529945,-0.1745346,0.5887062,0.7853547
349.652189255,-0.05131829,-0.1719806,0.5830131,0.7902611
349.684747696,-0.04936876,-0.1695437,0.5771044,0.7952332
349.719811439,-0.04659199,-0.1662644,0.571371,0.8002176
349.752370834,-0.04280717,-0.1629528,0.5657971,0.8050561
349.784929275,-0.03782681,-0.158481,0.5616226,0.8091111
349.819993019,-0.02958449,-0.1512778,0.5596286,0.812209
349.852551937,-0.0191198,-0.1412316,0.5580921,0.8153827
349.885110855,-0.006843619,-0.130643,0.5509745,0.8221559
349.920174599,0.009334386,-0.1204053,0.5339478,0.834831
349.952733040,0.02542061,-0.1109995,0.5100307,0.8506052
349.985291958,0.04126909,-0.1015106,0.4825974,0.8670177
350.020355701,0.05751782,-0.09089114,0.4535719,0.8827971
350.052914143,0.07022843,-0.08014347,0.4281157,0.8955386
350.085473537,0.08067042,-0.07028967,0.4045749,0.9063655
350.118032455,0.08836822,-0.06042689,0.383101,0.9156424
350.153095722,0.09229659,-0.048756,0.3653693,0.9231669
350.185655117,0.09731379,-0.04408595,0.3540498,0.9272879
350.218214035,0.1060773,-0.05278189,0.3471508,0.9284803
350.253277302,0.1233864,-0.06289811,0.353928,0.9231371
350.285836220,0.1496235,-0.07815853,0.3662196,0.9132441
350.318395615,0.1783517,-0.09712877,0.3724906,0.9036787
350.353458405,0.1923606,-0.123409,0.3637218,0.9011669
350.386017799,0.2063627,-0.131214,0.3585081,0.8990535
350.418576717,0.2217003,-0.146846,0.3470314,0.8974866
350.453639984,0.2259721,-0.1552154,0.3283429,0.902033
350.486199379,0.2251498,-0.1572494,0.302928,0.9107373
350.518758297,0.2173316,-0.1559802,0.270044,0.9231147
350.551316738,0.2055223,-0.1526347,0.2423753,0.9339942
350.586380482,0.1973029,-0.143736,0.230191,0.9402399
350.618939877,0.1929459,-0.135806,0.2256488,0.9434187
350.651498318,0.1889709,-0.1315249,0.2236664,0.9453001
350.686562061,0.1883581,-0.1271158,0.235451,0.9431614
350.719120979,0.1962944,-0.1279803,0.2569122,0.9357956
350.751679420,0.1979089,-0.1284308,0.2640938,0.9333916
350.819302559,0.1922438,-0.1368137,0.2534472,0.9363314
350.851861000,0.1913291,-0.1409167,0.2426978,0.9387551
350.886924744,0.18927,-0.1436727,0.2328103,0.9412555
350.919484138,0.182381,-0.1452825,0.217751,0.9459611
350.952042580,0.1690063,-0.1447438,0.1960548,0.9532451
350.987106323,0.1529375,-0.1432963,0.1700824,0.9611326
351.019665241,0.1374636,-0.1399251,0.1459416,0.9679118
351.052224159,0.1213633,-0.1354759,0.1263719,0.9734347
351.084783077,0.1110272,-0.1306868,0.1128062,0.9769833
351.119846821,0.103748,-0.1255318,0.09107657,0.9807196
351.152405262,0.09866385,-0.1191722,0.06431445,0.9841518
351.184964657,0.09490386,-0.1086943,0.03155955,0.9873248
351.220028400,0.09452121,-0.09578538,-0.0009266373,0.9892005
351.252586842,0.09422506,-0.08359066,-0.02482409,0.990023
351.285145760,0.09288385,-0.0703954,-0.05367415,0.9900323
351.320209026,0.09282036,-0.06099648,-0.08173562,0.988742
351.352768421,0.0906207,-0.05580522,-0.1038766,0.9871733
351.385327339,0.08624904,-0.04985663,-0.1235746,0.9856127
351.420390606,0.0812885,-0.04221589,-0.1369552,0.9846222
351.452949524,0.07856058,-0.03453112,-0.1381903,0.9849705
351.485508919,0.07517877,-0.02622922,-0.1400584,0.9852266
351.518067837,0.07314017,-0.02042857,-0.1428102,0.9851224
351.553131104,0.07339197,-0.0203722,-0.1404755,0.9854405
351.585690022,0.07250274,-0.02026051,-0.1399179,0.9855879
351.618249416,0.07061631,-0.01765377,-0.1426867,0.9853781
351.653312683,0.06881239,-0.01453327,-0.1425912,0.9855704
351.685871601,0.06816553,-0.01206239,-0.1417761,0.9857663
351.718430996,0.06787661,-0.01085313,-0.1427299,0.9856626
351.753493786,0.06712955,-0.0117988,-0.1444603,0.9854508
351.786053181,0.06740402,-0.01377481,-0.1425215,0.9856887
351.818612099,0.06751402,-0.01377619,-0.1415959,0.9858146
351.853675365,0.06731095,-0.01322788,-0.140543,0.9859866
351.886234283,0.06700849,-0.01404752,-0.1383248,0.9863095
351.918792725,0.066972,-0.01563465,-0.1371622,0.9864504
351.951352119,0.06696951,-0.01668744,-0.1363345,0.9865482
351.986415863,0.06665207,-0.01793358,-0.1354122,0.9866748
352.018974304,0.06685583,-0.01878964,-0.1312179,0.9872116
352.051533699,0.06675344,-0.02023507,-0.1286477,0.9875282
352.086597443,0.0665138,-0.02178298,-0.1265481,0.9877827
352.119155884,0.06625494,-0.02366729,-0.12482,0.9879766
352.151714802,0.06613951,-0.02593834,-0.1239848,0.9880325
352.186778545,0.06588861,-0.02828658,-0.1229594,0.9881129
352.219336987,0.06489242,-0.03106416,-0.1241952,0.9879409
352.251896381,0.06406074,-0.03352154,-0.1245328,0.9878724
352.286960125,0.06376141,-0.03403198,-0.1233597,0.9880214
352.319518566,0.06355718,-0.03288609,-0.1241551,0.9879737
352.352077961,0.06365423,-0.03181272,-0.1264489,0.9877117
352.384636879,0.06273202,-0.03231167,-0.1279674,0.9875589
352.419700146,0.06159965,-0.03330769,-0.1293299,0.9874197
352.452259064,0.06097401,-0.03385813,-0.1311244,0.9872031
352.484818459,0.0605853,-0.03402948,-0.1315236,0.987168
352.519881725,0.06055744,-0.03322094,-0.1315059,0.9871996
352.552440643,0.06013733,-0.03232456,-0.1331803,0.9870306
352.584999561,0.05924444,-0.0321067,-0.1353055,0.9868026
352.620062828,0.05844542,-0.03312023,-0.1372003,0.9865551
352.652622223,0.05609694,-0.03615996,-0.1387837,0.9863632
352.685181141,0.05183215,-0.03993136,-0.1364882,0.9867713
352.720244408,0.04509519,-0.04528155,-0.1388115,0.9865471
352.752803326,0.03833859,-0.04966067,-0.1438937,0.9858937
352.785362720,0.03581771,-0.05367842,-0.1517886,0.9845931
352.817921162,0.03501496,-0.06336899,-0.1612444,0.9825407
352.852984905,0.03174308,-0.08092038,-0.1715663,0.9796106
352.885543823,0.02519419,-0.09804589,-0.1697978,0.9785441
352.918102741,0.01894562,-0.1133679,-0.1546621,0.9795387
352.953166485,0.02149529,-0.1277245,-0.1373658,0.9802973
352.985725403,0.0316421,-0.1368598,-0.1262961,0.9802781
353.018283844,0.04767152,-0.1407955,-0.1332929,0.9781436
353.053347588,0.06983493,-0.1347367,-0.1659483,0.9726551
353.085906982,0.08850195,-0.1181779,-0.2114556,0.964425
353.118465424,0.09906128,-0.09298573,-0.2655074,0.9527193
353.153529167,0.1069351,-0.06116671,-0.3014016,0.9437204
353.186088562,0.1116194,-0.03975793,-0.3047599,0.9432442
353.218647003,0.1137111,-0.02691925,-0.2914009,0.9476594
353.253710747,0.1097334,-0.02265612,-0.2790664,0.9519427
353.286269665,0.1045825,-0.02211525,-0.2746364,0.9538218
353.318828106,0.1022275,-0.02639827,-0.2708524,0.9550495
353.351387501,0.1035933,-0.0332835,-0.2630002,0.9568799
353.386451244,0.1071541,-0.0426161,-0.2521588,0.9590336
353.419009686,0.110711,-0.05271475,-0.2419056,0.9607671
353.451568604,0.1140453,-0.0623588,-0.2318853,0.9622691
353.486632824,0.1163784,-0.07134674,-0.2201023,0.9641309
353.519191265,0.1162981,-0.07871689,-0.207725,0.9663107
353.551750183,0.1153022,-0.08656302,-0.1932597,0.9687573
353.586813927,0.1140576,-0.09604301,-0.1752142,0.9714393
353.619372368,0.1127704,-0.1059366,-0.1576008,0.9735759
353.651931763,0.1123573,-0.1164132,-0.140743,0.9750092
353.686995506,0.1123832,-0.1282047,-0.1236413,0.9758453
353.719553947,0.1110473,-0.1405464,-0.1061035,0.9763632
353.752112865,0.1082234,-0.1555574,-0.08353586,0.9765956
353.784672260,0.1028304,-0.1741759,-0.05748772,0.9759157
353.819735527,0.09382848,-0.1977017,-0.02533211,0.9737023
353.852294445,0.08230455,-0.2234031,0.008208507,0.9694726
353.884853840,0.06711712,-0.2531746,0.04656154,0.9622149
353.919916630,0.04833748,-0.2870685,0.08742058,0.9509155
353.952476025,0.03699948,-0.3230436,0.125467,0.9354995
353.985034943,0.03871895,-0.368486,0.1807167,0.9092238
354.020098209,0.04802587,-0.4241422,0.2506118,0.8669591
354.052657127,0.0571784,-0.4749983,0.3155139,0.8174263
354.085216522,0.06552375,-0.5172147,0.3606822,0.7711885
354.120279789,0.08321271,-0.5484443,0.3632948,0.7462767
354.152838707,0.1083101,-0.5524386,0.3362303,0.7527665
354.185398102,0.1122032,-0.5663538,0.3186452,0.7494977
354.217956543,0.1158455,-0.5759355,0.3212458,0.7404776
354.253020287,0.1257198,-0.5812059,0.3095865,0.7397149
354.285579205,0.1353602,-0.5915657,0.300247,0.7336259
354.318137646,0.1407182,-0.6004747,0.2937086,0.7280051
354.353201389,0.1446383,-0.609108,0.2860719,0.723089
354.385760784,0.1435752,-0.6151453,0.2769693,0.7217327
354.418319225,0.1356188,-0.6186589,0.2714241,0.7223747
354.453382969,0.1227806,-0.6199446,0.2671055,0.7251731
354.485942364,0.1088401,-0.6221787,0.2631223,0.72694
354.518500805,0.09528667,-0.6266381,0.2609553,0.7257927
354.553564549,0.08396475,-0.6316729,0.2590873,0.723492
354.586123467,0.07572894,-0.6357457,0.2579179,0.7212479
354.618681908,0.06851535,-0.6389887,0.2578862,0.7191115
354.651241302,0.06252363,-0.6418268,0.2576517,0.7172115
354.686305046,0.05721798,-0.6441366,0.2571941,0.7157465
354.718863487,0.05118773,-0.6468081,0.2577587,0.7135877
354.751422882,0.04595813,-0.6492096,0.2595774,0.7110993
354.786486626,0.04285247,-0.6513095,0.2615141,0.7086591
354.819045067,0.04030288,-0.653124,0.2635003,0.7063994
354.851603985,0.03733273,-0.6552656,0.2656585,0.703766
354.886667728,0.03196045,-0.6583713,0.2685266,0.7000335
354.919226170,0.02479236,-0.661885,0.2719984,0.6956567
354.951785564,0.01459716,-0.6669699,0.2759065,0.6895226
354.986849308,-0.003836879,-0.6732941,0.2809906,0.6814193
355.019407749,-0.02384284,-0.6787839,0.2874947,0.6727989
355.051967144,-0.0403867,-0.6836247,0.2933884,0.6645126
355.087030888,-0.05214703,-0.6879653,0.2983348,0.6569691
355.119589329,-0.05882419,-0.6908488,0.3022416,0.6515716
355.152148247,-0.06155162,-0.6919851,0.3056423,0.6485203
355.184707642,-0.06170668,-0.6924671,0.3073031,0.6472049
355.219770432,-0.06159372,-0.6932037,0.3098034,0.6452321
355.252329826,-0.06321642,-0.6943319,0.3113411,0.6431184
355.284888744,-0.0661042,-0.6952959,0.3122101,0.6413628
355.319952011,-0.06812873,-0.6962174,0.3123587,0.6400778
355.352511406,-0.07135635,-0.6973561,0.3119181,0.6386999
355.385070324,-0.07576433,-0.6984941,0.3115025,0.6371497
355.420133591,-0.08160786,-0.7010037,0.3103632,0.634221
355.452692509,-0.08832582,-0.7034633,0.3084265,0.6315368
355.485251904,-0.09568231,-0.7066466,0.3057284,0.6282143
355.520314694,-0.104463,-0.7103808,0.3025233,0.6241425
355.552874088,-0.1120181,-0.7134717,0.2977828,0.6215812
355.585433006,-0.1169043,-0.7164093,0.2886385,0.621616
355.617991448,-0.1195386,-0.7194995,0.2781158,0.6223426
355.653055668,-0.1225827,-0.7234781,0.2691175,0.6210928
355.685614586,-0.1272634,-0.7276679,0.2634349,0.6176836
355.718173027,-0.1316754,-0.732706,0.2597593,0.6123368
355.753236771,-0.135367,-0.7386401,0.2562601,0.6058424
355.785796165,-0.1380917,-0.7442169,0.2533214,0.5996065
355.818354607,-0.1407401,-0.7492458,0.2512425,0.5935721
355.853418350,-0.1421515,-0.7535226,0.2481077,0.5891238
355.885977268,-0.1418429,-0.7566775,0.2438097,0.5869448
355.918535709,-0.1383532,-0.760189,0.2362948,0.5863134
355.953599930,-0.1322126,-0.765082,0.2237311,0.5862947
355.986158848,-0.1269283,-0.7696769,0.2111221,0.5861244
356.018717289,-0.1224813,-0.7738025,0.1985271,0.5860398
356.051276684,-0.116938,-0.7774847,0.1855058,0.5865648
356.086340427,-0.108051,-0.7821829,0.1702719,0.586643
356.118898869,-0.09901001,-0.7861912,0.154804,0.587166
356.151457787,-0.09168983,-0.7895294,0.1396796,0.587668
356.186521530,-0.08593776,-0.7929195,0.1256732,0.5871349
356.219080448,-0.08202361,-0.7962559,0.1153084,0.5853036
356.251639366,-0.07559406,-0.7996374,0.1049599,0.5835038
356.286703110,-0.06864854,-0.8032159,0.09291615,0.5814859
356.319261551,-0.06319348,-0.8069031,0.08335654,0.5784403
356.351820946,-0.0550845,-0.8108161,0.07344689,0.5751315
356.386884689,-0.04289718,-0.8145955,0.06160498,0.5722119
356.419443607,-0.02864485,-0.8171335,0.05045387,0.5705738
356.452002049,-0.01273946,-0.8196462,0.03703248,0.568572
356.484561443,-0.001276936,-0.8225237,0.02565417,0.565175
356.519624710,0.008040672,-0.8255014,0.01683703,0.5610943
356.552183628,0.01596442,-0.8282195,0.01051632,0.5570591
356.584742546,0.02249706,-0.8305734,0.005758499,0.5533863
356.619805813,0.02589288,-0.8331811,0.0020659,0.5493289
356.652365208,0.02545507,-0.8349271,0.003261996,0.5466861
356.684924126,0.02286446,-0.835536,0.005039813,0.5458564
356.719987392,0.02106767,-0.8365663,0.007293157,0.544323
356.752546310,0.01933559,-0.8364404,0.007838138,0.5445732
356.785105705,0.01727151,-0.8350844,0.009657572,0.54669
356.820169449,0.01667065,-0.8329635,0.01069699,0.5499156
356.852727890,0.01712554,-0.8291331,0.008830588,0.5556931
356.885287285,0.01713178,-0.8234541,0.005588833,0.5641154
356.920351028,0.0115976,-0.8213891,0.005704931,0.567257
356.952909470,0.01001581,-0.8222753,0.006870625,0.5659889
356.985468388,0.01041126,-0.8223904,0.007169691,0.5658108
357.018027782,0.01112396,-0.8217306,0.008341395,0.5667391
357.053090572,0.01295084,-0.8219192,0.01173318,0.5663666
357.085649967,0.01670601,-0.8221911,0.01513698,0.5657926
357.118208885,0.0204199,-0.8223244,0.01755677,0.5654069
357.153272152,0.02278839,-0.8221904,0.01960503,0.5654441
357.185831547,0.0244845,-0.8218827,0.02287786,0.5656974
357.218390465,0.02810706,-0.8216472,0.0249387,0.5657842
357.253453732,0.03202316,-0.8214371,0.02601183,0.5658329
357.286012650,0.03614559,-0.8210738,0.02554434,0.566133
357.318572044,0.03940299,-0.8205351,0.02511773,0.5667155
357.353634834,0.04258058,-0.8201994,0.02630568,0.5669177
357.386194229,0.04514031,-0.8197977,0.02761443,0.5672383
357.418753147,0.04635252,-0.8193136,0.02890512,0.5677753
357.451312542,0.04609978,-0.819241,0.03028572,0.5678288
357.486375809,0.04517995,-0.8193678,0.03152722,0.5676522
357.518934727,0.04395298,-0.819492,0.0331943,0.5674741
357.551493168,0.04291289,-0.8200747,0.03456009,0.5666297
357.586556912,0.04113033,-0.8206971,0.0356641,0.5657919
357.619116306,0.03801597,-0.8207229,0.03718489,0.5658743
357.651675224,0.03388461,-0.8206426,0.03874975,0.566148
357.686738491,0.02878528,-0.8203495,0.04042483,0.5667378
357.719297409,0.02459329,-0.8197141,0.04174791,0.5677577
357.751856804,0.02158874,-0.8188634,0.04256051,0.5690456
357.786920071,0.0195348,-0.8180903,0.04347101,0.5701621
357.819478989,0.01871384,-0.8176841,0.0444503,0.5706965
357.852038383,0.01854025,-0.8173794,0.04540433,0.5710634
357.884596825,0.01858211,-0.8170865,0.04625622,0.5714127
357.919660568,0.01852268,-0.8168321,0.04731873,0.5716913
357.952219486,0.01842955,-0.8165123,0.04841631,0.5720592
357.984777927,0.01794765,-0.8160602,0.04945,0.5726309
358.019841671,0.01683474,-0.8155397,0.05057933,0.5733072
358.052401066,0.01541685,-0.8150775,0.05159782,0.5739131
358.084959507,0.01389382,-0.8145651,0.05247018,0.5746
358.120023251,0.01214948,-0.8140957,0.05358366,0.5752016
358.152582645,0.0105484,-0.8138982,0.05459685,0.5754176
358.185141087,0.00923476,-0.8137177,0.0554722,0.5756117
358.220204830,0.008243072,-0.8134332,0.05654828,0.5759241
358.252763748,0.008041846,-0.8131195,0.05747624,0.5762777
358.285322189,0.00814563,-0.8127415,0.05818137,0.5767387
358.320385933,0.00808137,-0.8124477,0.05895701,0.5770748
358.352945328,0.00791918,-0.8122914,0.05979548,0.5772106
358.385503769,0.007316271,-0.8121351,0.06067688,0.5773466
358.418062687,0.006428464,-0.8120255,0.06169375,0.5774036
358.453126907,0.00546207,-0.8119704,0.06269903,0.5773827
358.485685349,0.0046092,-0.8118128,0.06347573,0.5775269
358.518244267,0.003569328,-0.8116501,0.06430504,0.5776711
358.553308010,0.002350227,-0.811558,0.06525598,0.5777
358.585866451,0.001170364,-0.8114437,0.06593449,0.5777872
358.618425846,0.0001487629,-0.8112285,0.06673633,0.5779986
358.653489590,-0.0005584221,-0.8108366,0.06764638,0.5784423
358.686048031,-0.0009559835,-0.8103406,0.06833534,0.5790555
358.718606949,-0.001237444,-0.8097499,0.06883337,0.5798217
358.753671169,-0.00153658,-0.8092725,0.06956637,0.5803998
358.786229610,-0.002073605,-0.8090162,0.070342,0.5806619
358.818788528,-0.002791956,-0.8088412,0.07101233,0.5808212
358.851347923,-0.003433947,-0.808753,0.07172,0.5808535
358.886411667,-0.00436115,-0.80875,0.07251108,0.5807532
358.918970108,-0.005403019,-0.8087718,0.07321876,0.5806253
358.951529026,-0.006245678,-0.8088145,0.0739321,0.5804671
358.986592770,-0.006988185,-0.8088506,0.07459179,0.5803238
359.019151211,-0.007378284,-0.8088398,0.07515957,0.5802607
359.051710606,-0.00754058,-0.8087793,0.07581902,0.580257
359.086774349,-0.007671483,-0.8086016,0.07645666,0.5804196
359.119332790,-0.008006662,-0.8083621,0.07701813,0.5806742
359.151892185,-0.008632433,-0.8082842,0.07764967,0.5806897
359.186955929,-0.009626609,-0.8082566,0.07819342,0.5806394
359.219514370,-0.01068305,-0.8081037,0.07866707,0.5807697
359.252073288,-0.01131254,-0.8078238,0.07917154,0.5810785
359.284632683,-0.01160188,-0.8075278,0.07974891,0.5814052
359.319695950,-0.01152236,-0.8072417,0.08043536,0.5817094
359.352254868,-0.0112032,-0.8070722,0.08095892,0.5818784
359.384813786,-0.01100683,-0.8068418,0.08154054,0.5821202
359.419877052,-0.0106647,-0.8066025,0.08217114,0.5823695
359.452436447,-0.01075842,-0.8065225,0.08246893,0.5824367
359.484995365,-0.01147545,-0.806604,0.08285438,0.5822551
359.520058632,-0.01263509,-0.8068138,0.08333692,0.5818717
359.552617550,-0.01376774,-0.8069878,0.08378165,0.5815406
359.585176945,-0.01466414,-0.8070082,0.08419808,0.5814303
359.620240212,-0.01541522,-0.806996,0.08461552,0.581367
359.652799129,-0.01585628,-0.8069034,0.08498371,0.58143
359.685358047,-0.01608811,-0.8066287,0.08538188,0.5817465
359.717917442,-0.01624195,-0.8062738,0.08577922,0.5821756
359.752980709,-0.01639012,-0.8059344,0.08612996,0.5825893
359.785539627,-0.01668543,-0.8056406,0.08645506,0.5829391
359.818099022,-0.01722538,-0.8053874,0.08675357,0.583229
359.853161812,-0.01784346,-0.8051632,0.08704405,0.5834767
359.885721207,-0.01845677,-0.8050193,0.08736092,0.5836087
359.918280125,-0.01904264,-0.804882,0.08777305,0.5837173
359.953343391,-0.01939901,-0.8047427,0.08807627,0.5838521
359.985902786,-0.0196952,-0.8045574,0.08833307,0.5840585
360.018461704,-0.02007893,-0.8043886,0.08857048,0.5842422
360.053524971,-0.02046355,-0.804245,0.08894194,0.58437
360.086083889,-0.02085528,-0.8040854,0.08922824,0.584532
360.118643284,-0.0214597,-0.8038633,0.08944374,0.5847825
360.153706074,-0.02242175,-0.8037089,0.08974157,0.5849132
360.186265469,-0.0236725,-0.8036313,0.09008165,0.5849183
360.218824387,-0.02482403,-0.8035235,0.0903925,0.5849707
360.251383781,-0.02546464,-0.8032901,0.09071275,0.5852141
360.286447048,-0.0253911,-0.8029946,0.09106803,0.5855675
360.319005966,-0.02486759,-0.8028013,0.09138302,0.5858058
360.351564884,-0.02421718,-0.802597,0.09170446,0.5860628
360.386628151,-0.0236767,-0.8024763,0.09204765,0.5861963
360.419187546,-0.02373454,-0.8024809,0.09242593,0.5861283
360.451746464,-0.02423007,-0.8025974,0.09274899,0.5858974
360.486809731,-0.02500855,-0.8028241,0.09309189,0.5854995
360.519368649,-0.02576288,-0.8030415,0.09344587,0.585112
360.551928043,-0.0262432,-0.8031696,0.09373952,0.584868
360.586991310,-0.02644741,-0.8031601,0.09397167,0.5848345
360.619550228,-0.02649016,-0.8030651,0.09422681,0.584922
360.652109623,-0.02677491,-0.8029622,0.0944362,0.5850164
360.684668064,-0.02726716,-0.802873,0.09471463,0.5850713
360.719731808,-0.02773387,-0.8026077,0.09490217,0.5853827
360.752290726,-0.02823246,-0.8024075,0.09511782,0.5855983
360.784850120,-0.02870783,-0.8023043,0.09554272,0.5856473
360.819912910,-0.02913742,-0.8021194,0.09578365,0.5858402
360.852472305,-0.02926171,-0.8018463,0.09612589,0.5861518
360.885031223,-0.02916044,-0.8015621,0.09637214,0.5865049
360.920094490,-0.02903347,-0.8011879,0.09656122,0.5869911
360.952653885,-0.02871828,-0.8008197,0.09671266,0.5874841
360.985212803,-0.028505,-0.8004718,0.09694372,0.58793
361.020276070,-0.02847349,-0.8002701,0.09723079,0.5881588
361.052834988,-0.02860012,-0.8002796,0.09755056,0.588087
361.085394382,-0.02876015,-0.8004882,0.09779505,0.5877545
361.117952824,-0.02900904,-0.8008492,0.09807012,0.5872045
361.153016567,-0.02930584,-0.8011301,0.09838169,0.5867544
361.185575485,-0.02940183,-0.8012153,0.09855556,0.586604
361.218134880,-0.02967377,-0.8012552,0.0988779,0.5864814
361.253198147,-0.03054413,-0.8012982,0.09922401,0.5863196
361.285757065,-0.0315099,-0.8013248,0.09950843,0.5861837
361.318316460,-0.03186674,-0.8013715,0.09986266,0.5860405
361.353379250,-0.03174444,-0.8014149,0.1001861,0.5859326
361.385938644,-0.03125535,-0.8014245,0.1003816,0.5859122
361.418497563,-0.03045316,-0.8014309,0.1006242,0.5859041
361.453560829,-0.02973989,-0.8014299,0.1008071,0.5859107
361.486119747,-0.02974917,-0.8014436,0.1009104,0.5858735
361.518679142,-0.03024414,-0.8014511,0.101119,0.585802
361.586301327,-0.03059613,-0.801299,0.1015292,0.5859209
361.618860722,-0.03054879,-0.8012557,0.1016443,0.5859627
361.651419163,-0.03065625,-0.8012193,0.1017947,0.5859806
361.686482906,-0.03121713,-0.801077,0.1020338,0.5861041
361.719041824,-0.03163357,-0.8010366,0.1022505,0.5860991
361.751601219,-0.0317005,-0.8010436,0.1024495,0.5860511
361.786664009,-0.0315823,-0.8009075,0.1026923,0.586201
361.819223404,-0.03119083,-0.8006072,0.1029107,0.5865938
361.851782322,-0.03106238,-0.8004633,0.1031076,0.5867625
361.886845589,-0.03137533,-0.8006123,0.1034592,0.5864805
361.919404984,-0.03171222,-0.8008995,0.1038169,0.5860069
361.951963902,-0.03209075,-0.8012401,0.1040734,0.5854749
361.984522343,-0.03230109,-0.8017151,0.1042023,0.5847898
362.019586086,-0.03236341,-0.802396,0.104395,0.5838173
362.052145481,-0.0326606,-0.8029222,0.1046988,0.5830222
362.084703922,-0.03309629,-0.803207,0.1049332,0.5825631
362.119767666,-0.03369693,-0.8032064,0.1051785,0.5824855
362.152326584,-0.03378295,-0.8030745,0.1053526,0.5826307
362.184885979,-0.03341252,-0.8029012,0.1055154,0.5828615
362.219949246,-0.03292051,-0.8026815,0.1056386,0.5831697
362.252508164,-0.03260952,-0.8025006,0.1058427,0.583399
362.285067558,-0.03229635,-0.8024095,0.1060696,0.5835004
362.320130348,-0.03230313,-0.8023848,0.1063211,0.5834883
362.352689743,-0.03232445,-0.8024166,0.1065543,0.5834007
362.385248661,-0.03233244,-0.8024834,0.1065893,0.5833021
362.420311928,-0.03261489,-0.8023748,0.1066322,0.5834281
362.452870846,-0.03326056,-0.8022571,0.1067567,0.5835308
362.485430241,-0.03389016,-0.8022775,0.1069684,0.5834277
362.517988682,-0.03447601,-0.8023333,0.1070935,0.5832937
362.553052426,-0.03492276,-0.8022646,0.1073299,0.5833182
362.585611820,-0.03475344,-0.802237,0.1075767,0.5833206
362.618170738,-0.03409817,-0.802141,0.1077211,0.5834648
362.653234005,-0.0331471,-0.8019789,0.1077777,0.5837318
362.685792923,-0.03279503,-0.8018031,0.1077796,0.5839927
362.718352318,-0.03299324,-0.8017368,0.1079259,0.5840456
362.753415108,-0.0334833,-0.8018978,0.108165,0.5837523
362.785974503,-0.03372893,-0.8021718,0.1083874,0.5833205
362.818533421,-0.03374648,-0.8022904,0.1086634,0.5831047
362.853596687,-0.03317601,-0.8023669,0.1086088,0.5830425
362.886156082,-0.03257999,-0.8024178,0.1086326,0.5830016
362.918715000,-0.03247679,-0.8025392,0.1088532,0.5827991
362.951274395,-0.03314743,-0.8026689,0.1091881,0.5825201
362.986337185,-0.0340437,-0.8027766,0.1094934,0.5822626
363.018896580,-0.03438375,-0.8028693,0.1098787,0.5820422
363.051455498,-0.03411477,-0.8029531,0.1100637,0.5819072
363.086518765,-0.03352359,-0.8028697,0.1099377,0.5820805
363.119077683,-0.03293611,-0.8029445,0.109903,0.5820174
363.151637077,-0.03190285,-0.8029042,0.1100893,0.5820956
363.186700344,-0.03145587,-0.802559,0.1103722,0.5825422
363.219259262,-0.03209215,-0.8019058,0.1105293,0.5833766
363.251818657,-0.03380571,-0.8012307,0.1103059,0.5842491
363.286881447,-0.03533688,-0.8009219,0.1103926,0.5845655
363.319440842,-0.03582868,-0.8011813,0.1105678,0.5841467
363.351999760,-0.0363465,-0.801532,0.1108881,0.5835726
363.384559155,-0.03674167,-0.8018337,0.1109534,0.5831208
363.419621945,-0.03723305,-0.8020965,0.1109274,0.5827331
363.452181339,-0.0376826,-0.8022503,0.1109448,0.5824891
363.484740257,-0.03811388,-0.8021548,0.1109627,0.5825889
363.519803524,-0.03838243,-0.8017316,0.1109424,0.5831575
363.552362919,-0.0383293,-0.8013405,0.1107339,0.5837381
363.584921837,-0.03829962,-0.8009258,0.1105979,0.5843346
363.619985104,-0.03816636,-0.8005185,0.1104103,0.5849365
363.652544022,-0.03807903,-0.8003138,0.1103436,0.5852348
363.685103416,-0.03811182,-0.8003117,0.1104386,0.5852177
363.720166206,-0.03841403,-0.8002511,0.1104359,0.5852813
363.752725601,-0.038875,-0.8002275,0.1104776,0.5852754
363.785284519,-0.03937339,-0.8002526,0.1102937,0.5852422
363.817843914,-0.04018403,-0.8001165,0.1101429,0.5854014
363.852907181,-0.04086258,-0.7999743,0.1099576,0.585584
363.885466099,-0.04168564,-0.7997697,0.1097867,0.5858373
363.918025494,-0.04257788,-0.7994649,0.1096698,0.5862111
363.953088284,-0.04313834,-0.7992637,0.1094157,0.5864918
363.985647678,-0.04347426,-0.798997,0.1093117,0.5868497
364.018206596,-0.04371719,-0.7988352,0.1093434,0.5870461
364.053269863,-0.04358098,-0.7987614,0.1094529,0.5871359
364.085828781,-0.04292873,-0.7987158,0.1095982,0.5872189
364.118388176,-0.0422931,-0.7988392,0.109633,0.5870908
364.153451443,-0.04204169,-0.7990443,0.1097917,0.5868
364.186010361,-0.04219461,-0.7991468,0.1099517,0.5866194
364.218569756,-0.04249866,-0.799351,0.1100693,0.5862972
364.253633499,-0.04306032,-0.799568,0.1101379,0.5859472
364.286191940,-0.04355381,-0.7997535,0.1101448,0.5856561
364.318750858,-0.04376404,-0.7999154,0.1101287,0.5854226
364.351310253,-0.04390175,-0.7999315,0.1100115,0.5854121
364.386373043,-0.04385755,-0.8000118,0.1099879,0.5853102
364.418932438,-0.04376196,-0.8001767,0.1099944,0.5850906
364.451491356,-0.04382278,-0.8001882,0.1100605,0.5850579
364.486555576,-0.04426646,-0.8001302,0.1099795,0.5851191
364.519114018,-0.0446122,-0.8000369,0.1098139,0.5852515
364.551672936,-0.04498288,-0.7999236,0.1097116,0.5853973
364.586736679,-0.0454125,-0.7998369,0.1096607,0.5854921
364.619295120,-0.04600381,-0.7996724,0.1095551,0.5856902
364.651854515,-0.04646194,-0.7995341,0.1093886,0.5858739
364.686918259,-0.04657298,-0.7995527,0.1093311,0.5858506
364.719476700,-0.04664427,-0.7995011,0.1092494,0.5859305
364.752035618,-0.04655188,-0.7993546,0.1091835,0.5861499
364.784595013,-0.04625922,-0.7993401,0.1092731,0.5861763
364.819658756,-0.04611484,-0.7994573,0.1093548,0.5860127
364.852217197,-0.0463425,-0.7996779,0.1093911,0.5856866
364.884776592,-0.04657121,-0.799883,0.1094459,0.5853782
364.919840336,-0.0467543,-0.8000017,0.1093851,0.5852126
364.952398777,-0.04693606,-0.8000905,0.1093615,0.585081
364.984957695,-0.04697251,-0.8001415,0.1093304,0.5850144
365.020021439,-0.04686468,-0.800027,0.109316,0.5851822
365.052580833,-0.04661793,-0.7999203,0.1092661,0.5853571
365.085139275,-0.04618973,-0.799887,0.1092336,0.5854425
365.120203018,-0.04571007,-0.7998313,0.1091675,0.5855688
365.152762413,-0.0452609,-0.7997812,0.109188,0.5856683
365.185320854,-0.04499583,-0.7998,0.1092424,0.5856526
365.217879772,-0.04483343,-0.7998852,0.1093249,0.5855334
365.252943516,-0.04475034,-0.7999278,0.1092989,0.5854862
365.285501957,-0.04492841,-0.7999322,0.1093265,0.5854617
365.318061352,-0.04500454,-0.7999696,0.1093912,0.5853927
365.353125095,-0.04491177,-0.7999627,0.1093949,0.5854086
365.385684013,-0.04481526,-0.7999464,0.1094503,0.585428
365.418242455,-0.04480113,-0.7999787,0.1095022,0.5853749
365.453306675,-0.04496848,-0.800009,0.1095171,0.5853181
365.485865593,-0.04504722,-0.8000517,0.1094513,0.5852659
365.518424034,-0.04508784,-0.8000724,0.1093839,0.5852469
365.553487778,-0.04535336,-0.8000807,0.1093643,0.5852188
365.586047173,-0.04554678,-0.8000987,0.1094237,0.5851682
365.618606091,-0.04567989,-0.799989,0.1094062,0.5853109
365.651164532,-0.04568339,-0.7999321,0.1094821,0.5853742
365.686228275,-0.04568497,-0.7998646,0.1095593,0.5854518
365.718787670,-0.04579743,-0.7997528,0.1096145,0.5855856
365.751346111,-0.04588583,-0.7996559,0.109721,0.585691
365.786409855,-0.04588763,-0.7994925,0.1097866,0.5859017
365.818969250,-0.04592574,-0.799372,0.109836,0.5860539
365.851528168,-0.04598147,-0.7993353,0.1098097,0.5861045
365.886591434,-0.04606957,-0.799292,0.1097732,0.5861633
365.919150352,-0.04613278,-0.7993013,0.1097285,0.586154
365.951709747,-0.04591656,-0.7993218,0.1097825,0.5861329
365.986772537,-0.04557872,-0.7993687,0.1099051,0.5860725
366.019331932,-0.04547092,-0.7994537,0.1100062,0.5859458
366.051890850,-0.04534994,-0.7995101,0.1099624,0.5858866
366.086954117,-0.04536933,-0.7996302,0.1099944,0.5857151
366.119513512,-0.04556941,-0.7998561,0.1099553,0.5853982
366.152072430,-0.045867,-0.8000507,0.1098498,0.585129
366.184631348,-0.04612629,-0.8002208,0.1097863,0.5848877
366.219694614,-0.04650655,-0.8003072,0.1096518,0.5847645
366.252254009,-0.04665862,-0.8003045,0.1095819,0.5847694
366.284812927,-0.04654044,-0.8002191,0.1095917,0.5848939
366.319876194,-0.04612771,-0.800061,0.1095623,0.5851483
366.352435112,-0.04559293,-0.7998171,0.1095564,0.5855247
366.384994507,-0.04508276,-0.7995455,0.1094893,0.5859475
366.420058251,-0.04480555,-0.7993971,0.1093862,0.5861902
366.452616692,-0.0449819,-0.7993751,0.109335,0.5862164
366.485176087,-0.04551148,-0.7994502,0.109257,0.5860876
366.520239830,-0.04617611,-0.7995753,0.1092801,0.5858605
366.552798271,-0.04681885,-0.7996138,0.1092859,0.5857558
366.585357189,-0.04730339,-0.7995951,0.1092397,0.5857512
366.617916584,-0.04781046,-0.7995307,0.109087,0.5858263
366.652980328,-0.04846219,-0.7993955,0.1089304,0.5859866
366.685538769,-0.04900288,-0.7992511,0.1087492,0.5861722
366.718097687,-0.04953783,-0.7991199,0.1085563,0.5863417
366.753161430,-0.05006406,-0.7990804,0.1083693,0.5863855
366.785720348,-0.05038602,-0.7991682,0.1081795,0.5862734
366.818279266,-0.0507769,-0.7992262,0.1080823,0.5861783
366.853343010,-0.05105221,-0.7992172,0.1079884,0.5861841
366.885902405,-0.05123305,-0.7992328,0.1078445,0.5861734
366.918460846,-0.05140178,-0.7992665,0.1078151,0.5861182
366.953524590,-0.05151437,-0.7993497,0.1079281,0.5859742
366.986083508,-0.0514435,-0.7993448,0.1080109,0.5859717
367.018642902,-0.05124122,-0.7991922,0.1081154,0.5861784
367.051201344,-0.05098011,-0.7990606,0.1081971,0.5863653
367.086265087,-0.05053942,-0.7989714,0.1081664,0.5865307
367.118824005,-0.05012688,-0.7988715,0.1080444,0.5867246
367.151382923,-0.04995582,-0.7987691,0.1079893,0.5868888
367.186446667,-0.04972013,-0.7987537,0.1080353,0.5869212
367.219005585,-0.04958183,-0.798965,0.1082249,0.5866103
367.251564980,-0.04943176,-0.7990538,0.1083417,0.5864804
367.286627770,-0.04906638,-0.7991095,0.1084188,0.5864209
367.319187164,-0.04904809,-0.7992247,0.1084264,0.5862641
367.351746082,-0.04931553,-0.7993016,0.108346,0.5861515
367.386809349,-0.0498532,-0.7994728,0.1083362,0.5858744
367.419368267,-0.05007686,-0.7997274,0.1082922,0.585516
367.451927662,-0.05015865,-0.7999694,0.1082401,0.5851878
367.484486580,-0.05033135,-0.8001002,0.1082561,0.5849912
367.519549847,-0.0505451,-0.8001572,0.1082299,0.5848997
367.552109242,-0.05068523,-0.8001961,0.1081251,0.5848539
367.584668160,-0.05078922,-0.8001119,0.1079296,0.5849959
367.619731426,-0.05080874,-0.7999215,0.1077739,0.5852833
367.652290344,-0.05093914,-0.7998081,0.1076131,0.5854566
367.684849739,-0.05126837,-0.7996608,0.1073899,0.58567
367.719912529,-0.05157439,-0.799561,0.1071727,0.5858191
367.752471924,-0.05176619,-0.7994546,0.1071208,0.5859569
367.785030842,-0.05160129,-0.7993589,0.1071689,0.5860932
367.820095062,-0.05125246,-0.7992681,0.1072838,0.5862265
367.852653503,-0.05096004,-0.7991732,0.107406,0.5863591
367.885212421,-0.05071497,-0.799046,0.1074603,0.5865436
367.920276165,-0.05072214,-0.7989883,0.1075195,0.5866107
367.952835560,-0.05072992,-0.7991669,0.1076057,0.5863509
367.985394001,-0.05070752,-0.7994224,0.1077026,0.5859868
368.017952919,-0.05125707,-0.7994782,0.1077409,0.5858558
368.053016663,-0.05257248,-0.799507,0.1075939,0.585727
368.085575104,-0.05407008,-0.8001156,0.1078427,0.584713
368.118134499,-0.05588627,-0.8007517,0.1084703,0.583554
368.153198242,-0.05678368,-0.8002008,0.1080475,0.584301
368.185757637,-0.05577043,-0.7992749,0.1074642,0.5857718
368.218316078,-0.05380406,-0.7985066,0.1073376,0.5870253
368.253379822,-0.05202954,-0.7979304,0.1074858,0.587941
368.285938740,-0.05105979,-0.7979469,0.1079336,0.5879216
368.318498135,-0.05026096,-0.7985823,0.1085724,0.5870093
368.353560925,-0.04977374,-0.7993086,0.1089724,0.5859873
368.386120319,-0.04957217,-0.7995181,0.1089953,0.5857142
368.418679237,-0.04950024,-0.7996944,0.1088519,0.5855062
368.451237679,-0.05019294,-0.7998444,0.1087409,0.585263
368.486301899,-0.05141754,-0.7998368,0.1086411,0.5851856
368.518860817,-0.05217684,-0.7997802,0.1086283,0.5851981
368.551419735,-0.05206859,-0.7997527,0.1086113,0.5852485
368.586483002,-0.0511853,-0.7996405,0.108637,0.5854749
368.619042397,-0.05011338,-0.7995431,0.1087202,0.5856852
368.651601314,-0.04929531,-0.7994227,0.1087068,0.5859213
368.686664581,-0.04888589,-0.7993245,0.1086909,0.5860927
368.719223499,-0.04903775,-0.7992946,0.1086379,0.5861306
368.751782894,-0.04961076,-0.7993429,0.1084942,0.586043
368.786846638,-0.05031755,-0.7995852,0.1084188,0.5856661
368.819405556,-0.05078084,-0.7998113,0.1084194,0.5853171
368.851964474,-0.05083758,-0.8000168,0.1083953,0.5850357
368.884523392,-0.05063561,-0.8001719,0.1083924,0.5848417
368.919587135,-0.05047443,-0.8002271,0.1082436,0.5848075
368.952145576,-0.05081179,-0.8002201,0.1081353,0.5848081
368.984704971,-0.05119982,-0.80022,0.1081712,0.5847678
369.019768715,-0.05146778,-0.8001383,0.10822,0.584847
369.052327156,-0.05135515,-0.8000278,0.1080906,0.585032
369.084886074,-0.05094553,-0.7998668,0.1079971,0.585305
369.119949818,-0.05052519,-0.7997046,0.108036,0.5855559
369.152509213,-0.05003003,-0.799625,0.1081135,0.5856928
369.185067654,-0.04931164,-0.7995811,0.1082916,0.5857809
369.220131397,-0.04861408,-0.7995889,0.1084525,0.5857987
369.252690792,-0.04817358,-0.7996635,0.108523,0.5857202
369.285249710,-0.04800659,-0.7997491,0.1086193,0.585599
369.320312977,-0.0481622,-0.7999111,0.1087029,0.5853494
369.352871895,-0.04861541,-0.8000179,0.1089414,0.5851216
369.385431290,-0.04924295,-0.8000924,0.109057,0.5849457
369.417990208,-0.04937882,-0.8000759,0.1092175,0.5849269
369.453053475,-0.04885864,-0.7999455,0.1092562,0.5851418
369.485612393,-0.04816787,-0.7997695,0.1092722,0.5854366
369.518171787,-0.04776064,-0.7996839,0.1093892,0.5855651
369.553235054,-0.04766452,-0.799814,0.1095505,0.5853648
369.585793972,-0.04769618,-0.7999822,0.1095587,0.5851309
369.618353367,-0.04762143,-0.800176,0.1095616,0.5848714
369.653417110,-0.04768835,-0.8003787,0.1093867,0.5846213
369.685975552,-0.04791182,-0.8006496,0.1092164,0.5842639
369.718534470,-0.04857994,-0.8008319,0.1090769,0.5839847
369.753598213,-0.0496587,-0.8007551,0.1089281,0.5840272
369.786156654,-0.05023489,-0.8006184,0.1088259,0.5841845
369.818716049,-0.05036899,-0.8004972,0.1086962,0.5843629
369.851274967,-0.05026006,-0.8002309,0.1085142,0.5847709
369.886339188,-0.05014886,-0.7998293,0.1082687,0.5853751
369.918897629,-0.04981022,-0.7994958,0.1080624,0.5858974
369.951456547,-0.0494206,-0.7991633,0.1079232,0.5864094
369.986520290,-0.04961001,-0.798754,0.1077953,0.5869743
370.019079685,-0.04997005,-0.7985299,0.1077078,0.5872645
370.051638126,-0.0505169,-0.798571,0.107703,0.5871627
370.086701870,-0.05087397,-0.7986922,0.107724,0.5869631
370.119260788,-0.05082703,-0.7989007,0.1078516,0.5866601
370.151820183,-0.05041722,-0.7991295,0.1079701,0.5863621
370.186883450,-0.05013922,-0.7991492,0.1080157,0.5863505
370.219442368,-0.05018822,-0.7992239,0.1080283,0.5862422
370.252001762,-0.05042224,-0.7993466,0.1079972,0.5860604
370.284560680,-0.05067297,-0.7995175,0.1079106,0.5858217
370.319623947,-0.05072455,-0.7996846,0.1077854,0.5856122
370.352182865,-0.05061143,-0.7997804,0.107654,0.5855154
370.384742260,-0.05054731,-0.7997859,0.1076423,0.5855155
370.419805050,-0.05046027,-0.7997431,0.1076835,0.5855739
370.452364445,-0.05027929,-0.7996335,0.1077144,0.5857334
370.484923363,-0.05016904,-0.7994769,0.1077115,0.585957
370.519987106,-0.0501029,-0.7992925,0.1077122,0.586214
370.552546024,-0.05002006,-0.7991801,0.1077275,0.5863717
370.585104942,-0.04972293,-0.7990633,0.1078022,0.5865424
370.620168686,-0.04948209,-0.7990221,0.1078917,0.5866022
370.652728081,-0.04930893,-0.7990334,0.1080093,0.5865799
370.685286522,-0.04897415,-0.7991146,0.1081064,0.5864794
370.717845440,-0.04876063,-0.7992797,0.1081892,0.586257
370.752909183,-0.04874599,-0.7994198,0.1082907,0.5860485
370.785468578,-0.04949926,-0.7994037,0.1082607,0.5860128
370.818027019,-0.05073642,-0.7994645,0.108307,0.5858155
370.853090763,-0.05201655,-0.7999036,0.1083593,0.5850937
370.885649681,-0.05325099,-0.8003073,0.108424,0.5844182
370.918209076,-0.05432798,-0.8004507,0.1084592,0.5841161
370.953272343,-0.05384707,-0.8000125,0.1085014,0.5847525
370.985831261,-0.05230849,-0.7992375,0.1083136,0.5859857
371.018390656,-0.05094629,-0.7982438,0.1080336,0.5875098
371.053453445,-0.04984574,-0.7975399,0.1079769,0.5885695
371.086012840,-0.0493174,-0.7974942,0.1081595,0.5886424
371.118571758,-0.04924284,-0.7980122,0.1084472,0.5878934
371.153635502,-0.04942604,-0.7989368,0.1088116,0.5865532
371.186193943,-0.04965675,-0.7995892,0.1089649,0.5856158
371.218753338,-0.04975607,-0.7999624,0.1088832,0.5851126
371.251312256,-0.05020788,-0.8001363,0.1089058,0.5848317
371.286376476,-0.05120143,-0.8001116,0.1088539,0.5847891
371.318934918,-0.05200572,-0.7998748,0.1087168,0.5850675
371.351493836,-0.05237969,-0.7996667,0.1085332,0.5853527
371.386557579,-0.05229053,-0.7995356,0.1083509,0.5855736
371.419116974,-0.05183028,-0.7995147,0.1082603,0.5856599
371.451675415,-0.05113209,-0.7995182,0.1082586,0.5857166
371.486739159,-0.05026667,-0.7995247,0.1083108,0.5857731
371.519298077,-0.05006358,-0.7995542,0.1083134,0.5857497
371.551857472,-0.05097449,-0.7995343,0.1082344,0.5857129
371.586920738,-0.05311207,-0.7995932,0.1080217,0.5854818
371.619479656,-0.0555632,-0.7998017,0.1076989,0.5850286
371.652038574,-0.05804692,-0.8002192,0.1083122,0.5841029
371.684597969,-0.05942142,-0.8006153,0.108469,0.5833922
371.719661236,-0.05818452,-0.7998737,0.108101,0.5846012
371.752220154,-0.05591498,-0.799246,0.1077985,0.585736
371.784779549,-0.05458004,-0.7989467,0.1078276,0.5862646
371.819843292,-0.05394839,-0.7990407,0.108111,0.5861427
371.852401733,-0.05416542,-0.7995921,0.1083933,0.5853181
371.884960651,-0.05420926,-0.800398,0.1088218,0.5841318
371.920024395,-0.05361501,-0.8009759,0.1092051,0.5833223
371.952583790,-0.05255289,-0.801111,0.1093452,0.5832072
371.985142231,-0.05161835,-0.800967,0.1095589,0.5834482
372.020205975,-0.05104836,-0.8008515,0.1095461,0.5836596
372.052765369,-0.05138145,-0.8007002,0.1094983,0.5838467
372.085324287,-0.05208824,-0.8007889,0.1097025,0.5836241
372.117882729,-0.0526851,-0.8012242,0.1100662,0.5829042
372.152946472,-0.05294051,-0.8018727,0.1106664,0.5818746
372.185505867,-0.05254264,-0.8024278,0.1110652,0.5810689
372.218064785,-0.0523482,-0.8026165,0.1115173,0.5807393
372.253128052,-0.05230609,-0.8026406,0.1121295,0.5805919
372.285686970,-0.0522177,-0.8028066,0.1128475,0.5802309
372.318246365,-0.05193073,-0.8030346,0.113235,0.5798656
372.353309631,-0.05194211,-0.8033285,0.1136177,0.5793824
372.385868549,-0.05243504,-0.8035538,0.113965,0.5789573
372.418427944,-0.05306932,-0.803961,0.1141885,0.5782898
372.453491688,-0.05324387,-0.8047042,0.1144261,0.5771921
372.486050606,-0.05319627,-0.8053346,0.1144354,0.5763146
372.518609047,-0.05410778,-0.8056865,0.1144469,0.5757354
372.551168442,-0.05582048,-0.8057736,0.1144384,0.5754516
372.586232186,-0.05852938,-0.8055384,0.1137221,0.5756536
372.618791104,-0.06111676,-0.8048152,0.1125752,0.576621
372.651349544,-0.06457143,-0.8037694,0.1109331,0.5780197
372.686413288,-0.06878698,-0.802996,0.1091664,0.578944
372.718972683,-0.07060098,-0.8025628,0.1070006,0.5797302
372.751531601,-0.07099544,-0.8016372,0.103795,0.5815425
372.786594868,-0.07081012,-0.7993503,0.1009546,0.5852016
372.819154263,-0.06905495,-0.7965931,0.09780744,0.5896882
372.851713181,-0.06807932,-0.7940773,0.09449047,0.593722
372.886776924,-0.06991971,-0.7930446,0.09271999,0.5951656
372.919335365,-0.07243521,-0.7932732,0.09197782,0.5946753
372.951894760,-0.07363254,-0.7933621,0.09161077,0.5944661
372.984453678,-0.07498739,-0.7935122,0.09162747,0.5940937
373.019517422,-0.07645576,-0.7940962,0.09140696,0.5931596
373.052075863,-0.07765789,-0.7950651,0.09174713,0.591651
373.084635258,-0.07728528,-0.7964912,0.09256224,0.5896513
373.119699001,-0.07610694,-0.7973121,0.09284023,0.5886508
373.152258396,-0.07402663,-0.7976252,0.09333657,0.5884132
373.184816837,-0.07228601,-0.7979486,0.09325356,0.5882044
373.219880581,-0.07112311,-0.7984542,0.09316982,0.5876729
373.252439499,-0.06988697,-0.7993674,0.09295422,0.5866131
373.284998894,-0.06916525,-0.8002638,0.09208811,0.5856121
373.320061684,-0.06867525,-0.8008406,0.0910171,0.5850484
373.352621079,-0.06944504,-0.8008521,0.09033824,0.5850469
373.385179997,-0.06985351,-0.8004711,0.08988418,0.5855894
373.420243740,-0.06954391,-0.799642,0.0894583,0.586823
373.452802658,-0.06944369,-0.7984118,0.08908204,0.5885647
373.485361576,-0.06956232,-0.7970906,0.08909095,0.5903375
373.517920971,-0.07018016,-0.7959527,0.08886497,0.5918317
373.552984715,-0.07109106,-0.7950636,0.08865304,0.592949
373.585543156,-0.07225331,-0.7947549,0.08818676,0.5932916
373.618102074,-0.0739214,-0.7948196,0.08804525,0.5930205
373.653165817,-0.07653478,-0.7953691,0.08770556,0.5920014
373.685725212,-0.07929444,-0.7957745,0.08752812,0.5911193
373.718284130,-0.0809865,-0.7962549,0.08698605,0.5903224
373.753347397,-0.08122887,-0.7964711,0.08680908,0.5900232
373.785906315,-0.07991201,-0.7964281,0.08689523,0.5902486
373.818465710,-0.07806316,-0.7962498,0.08690087,0.5907356
373.853528976,-0.07565017,-0.7963014,0.08710875,0.5909492
373.886087894,-0.07386196,-0.7965856,0.08754703,0.5907274
373.918647289,-0.07264182,-0.7970711,0.08858808,0.5900685
373.951206207,-0.07137848,-0.7977676,0.08958795,0.5891297
373.986269951,-0.07018968,-0.7986169,0.09038106,0.5879994
374.018828392,-0.06949046,-0.7994384,0.09084284,0.586894
374.051387787,-0.06900599,-0.8000756,0.091216,0.5860244
374.086451530,-0.06853412,-0.8005691,0.0913021,0.5853921
374.119010448,-0.067906,-0.800826,0.09159309,0.5850682
374.151568890,-0.0670604,-0.8009257,0.09179801,0.5849972
374.186633110,-0.06624071,-0.8008619,0.09206039,0.5851368
374.219192028,-0.06561711,-0.800661,0.09245984,0.5854191
374.251751423,-0.06508335,-0.8004836,0.09268313,0.5856858
374.286814213,-0.06509542,-0.8001807,0.09268124,0.5860986
374.319373608,-0.06571575,-0.7999009,0.09262649,0.5864195
374.351932526,-0.06662221,-0.7997302,0.09248844,0.5865719
374.384491921,-0.06765448,-0.7996379,0.09238372,0.5865963
374.419554710,-0.068591,-0.7996572,0.0923457,0.5864672
374.452114105,-0.06908184,-0.7997086,0.09238409,0.5863335
374.484673023,-0.06922148,-0.799805,0.09238096,0.5861858
374.519736767,-0.06899489,-0.7998299,0.09236507,0.5861812
374.552296162,-0.06874841,-0.799757,0.09222958,0.5863309
374.584854603,-0.06875773,-0.799642,0.09203861,0.5865164
374.619918347,-0.06909446,-0.799536,0.09189455,0.5866439
374.652477741,-0.06970383,-0.7995406,0.09165911,0.5866027
374.685036659,-0.07003895,-0.7995694,0.09143155,0.5865588
374.720099926,-0.07021798,-0.799679,0.09123579,0.5864184
374.752658844,-0.07044341,-0.799747,0.0910487,0.5863278
374.785218239,-0.07068495,-0.7996711,0.09081633,0.5864383
374.820281982,-0.0707876,-0.7995432,0.09039666,0.586665
374.852840424,-0.07075669,-0.7993696,0.09009906,0.5869512
374.885399342,-0.07058653,-0.7991935,0.08985831,0.5872483
374.917958736,-0.07020685,-0.7990758,0.08955097,0.5875007
374.953022480,-0.06976318,-0.7989174,0.08928291,0.5878098
374.985581875,-0.06939057,-0.7987635,0.0891546,0.5880824
375.018140316,-0.06929567,-0.7986571,0.0892439,0.5882247
375.053204060,-0.06942715,-0.7986407,0.08934495,0.5882161
375.085762978,-0.06961564,-0.7986968,0.08962075,0.5880756
375.118322372,-0.06986922,-0.798785,0.08980005,0.5878983
375.153385162,-0.07005759,-0.7987416,0.08985652,0.5879263
375.185944557,-0.07019794,-0.7988706,0.08974099,0.587752
375.218503475,-0.07051034,-0.7989895,0.08958229,0.587577
375.253567219,-0.07092231,-0.7991553,0.08935046,0.5873371
375.286126137,-0.07149596,-0.7993257,0.08916446,0.587064
375.318685055,-0.07192449,-0.7994561,0.0890942,0.5868447
375.351243973,-0.07213794,-0.7995239,0.08924623,0.5867029
375.386308193,-0.07198127,-0.7996035,0.08964981,0.5865523
375.418866634,-0.07106063,-0.7997402,0.09047507,0.5863515
375.451425552,-0.06905454,-0.8000559,0.09147049,0.586006
375.486489296,-0.06597061,-0.8003265,0.09249655,0.5858306
375.519048691,-0.06303638,-0.8003228,0.09322686,0.5860428
375.551607609,-0.06127744,-0.7999175,0.09415846,0.5866337
375.586670876,-0.06099007,-0.7991778,0.095609,0.5874366
375.619229794,-0.06139949,-0.7989882,0.09686713,0.5874459
375.651789188,-0.06231967,-0.7993109,0.09781644,0.5867519
375.686852932,-0.06365199,-0.7999129,0.09882905,0.5856178
375.719411373,-0.06466212,-0.8006491,0.09924463,0.5844298
375.751970768,-0.06553418,-0.8014123,0.09977743,0.5831944
375.784529686,-0.06640541,-0.8022002,0.1009555,0.5818083
375.819593430,-0.06660301,-0.8030921,0.102798,0.5802305
375.852152824,-0.06577606,-0.803811,0.1042093,0.5790764
375.884711266,-0.0644279,-0.8041121,0.1055864,0.5785602
375.919775009,-0.06247338,-0.8042703,0.1070079,0.5782934
375.952333927,-0.06051334,-0.8042948,0.1082208,0.5782421
375.984893322,-0.05868077,-0.8043427,0.109433,0.5781361
376.019956589,-0.05681509,-0.8044395,0.1104398,0.5779964
376.052515507,-0.05524054,-0.8046072,0.1110369,0.5778012
376.085074425,-0.0541131,-0.804749,0.1111698,0.5776847
376.120138645,-0.05407265,-0.8048688,0.1111203,0.5775313
376.152697563,-0.05470069,-0.8049946,0.1112147,0.5772786
376.185256004,-0.05554811,-0.8051128,0.1112556,0.5770247
376.217815399,-0.05643353,-0.8052381,0.1113942,0.5767373
376.252879143,-0.05695708,-0.8055526,0.1118032,0.5761673
376.285438061,-0.05710806,-0.805945,0.1119317,0.5755783
376.317997456,-0.05706234,-0.8062209,0.1118798,0.5752064
376.353060246,-0.05682072,-0.8065228,0.1117121,0.5748394
376.385619640,-0.05703805,-0.8069848,0.1120992,0.5740937
376.418178558,-0.05742462,-0.8074186,0.1126663,0.5733338
376.453242302,-0.05773487,-0.8078949,0.1135783,0.572451
376.485801220,-0.05776804,-0.8084687,0.1147988,0.5713933
376.518360138,-0.05758739,-0.809103,0.1161177,0.570246
376.553423882,-0.0567034,-0.8094874,0.1176773,0.5694687
376.585983277,-0.05562512,-0.8096462,0.1189676,0.5690809
376.618542195,-0.05455725,-0.8100075,0.1203383,0.5683819
376.653605461,-0.05426589,-0.8107694,0.1226921,0.566818
376.686164379,-0.05544833,-0.8118523,0.1256736,0.5644955
376.718723774,-0.05815868,-0.8132784,0.1301949,0.5611353
376.751282692,-0.06455958,-0.8160192,0.1388117,0.5543498
376.786345959,-0.06992289,-0.8191363,0.1520481,0.5455599
376.818904877,-0.06779201,-0.8231939,0.1602642,0.5373072
376.851464272,-0.0637916,-0.8269324,0.1640209,0.5308844
376.919087410,-0.05766809,-0.8344445,0.1633636,0.5199201
376.951645851,-0.05874452,-0.83872,0.1596253,0.5140478
376.986709595,-0.06698698,-0.8418286,0.158733,0.5082015
377.019268513,-0.07052384,-0.8448444,0.1556564,0.5036498
377.051827908,-0.07064757,-0.8491753,0.149028,0.4983258
377.086890697,-0.0754039,-0.8526853,0.1477952,0.4919616
377.119450092,-0.0729129,-0.8561979,0.1474557,0.4863058
377.152009010,-0.06358104,-0.8615795,0.1423284,0.4795919
377.184568405,-0.05666675,-0.8671575,0.1400514,0.4709989
377.219632149,-0.05586471,-0.8729883,0.1397516,0.4602909
377.252190590,-0.04765893,-0.8748154,0.142584,0.4568634
377.284749985,-0.03290443,-0.8750061,0.14537,0.4569211
377.319813728,-0.01934412,-0.8746302,0.1514421,0.4564437
377.352372646,-0.004776013,-0.8737296,0.1601596,0.455577
377.384932041,0.01086968,-0.871604,0.1693712,0.4562121
377.419994831,0.02431556,-0.8666164,0.1808708,0.4607583
377.452554226,0.03250645,-0.8596871,0.1904517,0.4692945
377.485113144,0.03542387,-0.8502243,0.1949382,0.4842422
377.520176888,0.03292367,-0.834623,0.1902135,0.5126078
377.552735329,0.02499148,-0.8269064,0.1886451,0.5259677
377.585294724,0.01053671,-0.8187054,0.1987696,0.5354706
377.617853642,0.004792206,-0.8132164,0.2065535,0.5409433
377.652917862,-0.001155025,-0.811044,0.2161761,0.5404646
377.685476780,-0.005374608,-0.8127841,0.2289722,0.5324965
377.718035221,-0.007877911,-0.8180367,0.2308535,0.5235344
377.753098965,-0.008557246,-0.8295351,0.2208519,0.509559
377.785658359,-0.01498561,-0.8434325,0.2104339,0.4906547
377.818217277,-0.02541643,-0.8574756,0.2010539,0.4693555
377.853281021,-0.02271412,-0.8736117,0.1803344,0.4476535
377.885839462,-0.01074256,-0.8886913,0.152172,0.4284666
377.918398857,-0.003775896,-0.9018489,0.125986,0.4091571
377.953462601,-0.002265066,-0.9132206,0.1033749,0.3898259
377.986021519,0.005100379,-0.9221796,0.07823972,0.3742526
378.018580914,0.01610193,-0.9299361,0.04746784,0.3596303
378.051139355,0.02530793,-0.935958,0.01644872,0.3459759
378.086203098,0.03630029,-0.9401563,-0.01499543,0.3334534
378.118762493,0.05524718,-0.9412521,-0.04714233,0.3246499
378.151321411,0.07476165,-0.939982,-0.0836471,0.3169785
378.186384678,0.08325084,-0.9366752,-0.1231606,0.3117175
378.218943596,0.0819459,-0.9316232,-0.1599811,0.3104782
378.251502991,0.08204633,-0.923182,-0.1976023,0.3139812
378.286566734,0.100509,-0.909027,-0.2418303,0.3189256
378.319125652,0.1200522,-0.8944952,-0.2810518,0.321097
378.351685047,0.1370041,-0.8788481,-0.3162389,0.3247714
378.386748314,0.1584516,-0.8589573,-0.3507923,0.3326528
378.419307232,0.1841538,-0.8406755,-0.3798363,0.3342216
378.451866150,0.2076718,-0.8232529,-0.4042128,0.3352112
378.486930370,0.2263048,-0.8037972,-0.422645,0.3474118
378.519488812,0.2283504,-0.7892956,-0.4295234,0.3701431
378.552047730,0.2100902,-0.7823336,-0.4249407,0.3998363
378.584607124,0.1859669,-0.7789167,-0.4135425,0.4293197
378.619670868,0.1684899,-0.7782931,-0.4024881,0.4477746
378.652229786,0.1564383,-0.7876854,-0.4008225,0.4370902
378.684789181,0.1388564,-0.796706,-0.4082851,0.4194154
378.719851971,0.118388,-0.8045253,-0.4156174,0.4032534
378.752411365,0.1011234,-0.8098286,-0.4218395,0.3906801
378.784970283,0.07480396,-0.8159509,-0.4172304,0.3888121
378.820034027,0.04293324,-0.8231566,-0.4016091,0.3948515
378.852592945,0.02746181,-0.8258364,-0.3950545,0.39724
378.885151863,0.02996425,-0.8240917,-0.4007399,0.3949812
378.920215607,0.0306161,-0.8209651,-0.4059067,0.3961646
378.952775002,0.02751704,-0.818566,-0.4043093,0.4029321
378.985333920,0.02602497,-0.8170084,-0.4032147,0.4072661
379.017893314,0.02407501,-0.8161945,-0.405441,0.4068074
379.052956104,0.01852063,-0.8164644,-0.4058974,0.406101
379.085515499,0.01470254,-0.8174363,-0.4025981,0.4075834
379.118074417,0.01407482,-0.8188795,-0.3992334,0.4080181
379.153138161,0.01659071,-0.8203107,-0.3984424,0.4058158
379.185696602,0.02253983,-0.8210334,-0.3990679,0.403446
379.218255997,0.02994775,-0.8211806,-0.3984426,0.4032823
379.253319740,0.03708295,-0.8204955,-0.3984275,0.404098
379.285879135,0.0409212,-0.8185657,-0.4015684,0.4045323
379.318438053,0.03919848,-0.8179152,-0.4069476,0.4006239
379.353501320,0.03283769,-0.8226947,-0.4099673,0.3881361
379.386060238,0.02491774,-0.8305442,-0.4134981,0.3677258
379.418619633,0.02022961,-0.8372965,-0.4253165,0.3380218
379.451178551,0.02326671,-0.8429984,-0.4397638,0.3033937
379.486242294,0.02324298,-0.8488806,-0.4503666,0.2695532
379.518801689,0.02043448,-0.8544788,-0.4553193,0.2424054
379.551360130,0.0258134,-0.8592877,-0.4610475,0.2121816
379.586423874,0.04842338,-0.8610675,-0.4726642,0.1715636
379.618982792,0.07411144,-0.8592618,-0.4866059,0.1265662
379.651542187,0.08749317,-0.8567105,-0.4983337,0.08175154
379.686605930,0.08878448,-0.8542297,-0.5073094,0.04091137
379.719164371,0.09462532,-0.8503438,-0.5143252,0.007654573
379.751723766,0.1179249,-0.8406611,-0.52467,-0.02704979
379.786787510,0.1587089,-0.8248686,-0.5353476,-0.06658677
379.819346428,0.2073392,-0.801397,-0.5481808,-0.1043968
379.851905823,0.256786,-0.7696096,-0.5643005,-0.1412602
379.884464741,0.2948873,-0.7361861,-0.582248,-0.1693703
379.919528007,0.3175009,-0.711389,-0.5949031,-0.1893062
379.952086925,0.3272604,-0.6974497,-0.6035497,-0.1970278
379.984646320,0.328806,-0.688071,-0.6132955,-0.1973349
380.019710064,0.3330181,-0.6783264,-0.6230709,-0.1933461
380.052268982,0.3470925,-0.6668353,-0.6290284,-0.1892311
380.084827423,0.3717802,-0.6618719,-0.6175625,-0.1973559
380.119891644,0.419841,-0.6364197,-0.6084808,-0.2123264
380.152450562,0.4542881,-0.6142844,-0.6024345,-0.223556
380.185009956,0.4831933,-0.6017667,-0.5911506,-0.2270897
380.220072746,0.5048565,-0.5981637,-0.5787973,-0.2212268
380.252632141,0.5094816,-0.5971213,-0.5794836,-0.2114259
380.285191059,0.5001265,-0.6015991,-0.5871921,-0.199462
380.317750454,0.4881828,-0.6137838,-0.590558,-0.1811522
380.352814198,0.473914,-0.6275864,-0.5911949,-0.1692841
380.385373116,0.4564146,-0.6369653,-0.595957,-0.1656015
380.417931557,0.4343407,-0.64468,-0.6048566,-0.162826
380.452995300,0.411198,-0.6512694,-0.6148533,-0.159209
380.485554695,0.3875654,-0.6552658,-0.6266058,-0.156245
380.518113613,0.3558219,-0.6621989,-0.6396702,-0.1494427
380.553177834,0.3149978,-0.6767182,-0.6491653,-0.1343167
380.585736275,0.2757933,-0.6924747,-0.6542736,-0.1138883
380.618295193,0.2382764,-0.706156,-0.6579384,-0.09117524
380.653358936,0.2001797,-0.7196488,-0.6589205,-0.06697036
380.718477249,0.1343774,-0.7350014,-0.6617602,-0.02041206
380.753540516,0.09442381,-0.7410255,-0.6622363,0.006002866
380.786099434,0.05944742,-0.7460082,-0.6601892,0.02675307
380.818658829,0.03600144,-0.7491627,-0.6576549,0.03970944
380.851217747,0.008425308,-0.7516391,-0.655085,0.04958734
380.886281490,-0.02080364,-0.7522674,-0.6532108,0.06003452
380.918840885,-0.05251281,-0.7543249,-0.6489438,0.06112235
380.951399803,-0.08668849,-0.7580934,-0.6405705,0.06384771
380.986463070,-0.1131004,-0.7627804,-0.6308311,0.06367262
381.019022465,-0.1169948,-0.764766,-0.6282542,0.05804693
381.051581383,-0.1108946,-0.7647117,-0.6299713,0.05178885
381.086645126,-0.1035505,-0.7633431,-0.6332557,0.04689879
381.119204521,-0.09936227,-0.7617022,-0.6360903,0.04420093
381.151762962,-0.09975205,-0.7600276,-0.6379821,0.04488101
381.186826706,-0.1009561,-0.7581617,-0.63994,0.04585966
381.219385624,-0.1035035,-0.7566311,-0.6412066,0.0477303
381.251945019,-0.109033,-0.7552024,-0.6416705,0.05165134
381.284503937,-0.1175014,-0.7534797,-0.6416889,0.05766034
381.319567204,-0.1278129,-0.7512669,-0.6416693,0.06442006
381.352126598,-0.1366548,-0.7492777,-0.6415944,0.0699478
381.384685516,-0.1438365,-0.7474356,-0.6416672,0.07444354
381.419749260,-0.149292,-0.7457268,-0.6420195,0.07773074
381.452308655,-0.1523275,-0.7443705,-0.6426622,0.07951042
381.484867573,-0.1537353,-0.7430832,-0.6437335,0.08017299
381.519930840,-0.1540809,-0.7417165,-0.6452342,0.0801008
381.552489758,-0.1536238,-0.7404412,-0.6468681,0.07959878
381.585049153,-0.1527205,-0.7393167,-0.6484677,0.07876978
381.620112896,-0.1518795,-0.7382451,-0.6499757,0.07801236
381.652671814,-0.1521134,-0.7371726,-0.6511539,0.07787387
381.685231209,-0.153294,-0.7359229,-0.6522217,0.07844014
381.717790127,-0.154553,-0.734537,-0.6534086,0.07907961
381.752853393,-0.1554486,-0.7332639,-0.6546088,0.07921322
381.785412312,-0.1556548,-0.7321678,-0.6558149,0.0789702
381.817971706,-0.1555114,-0.7311721,-0.657051,0.07820138
381.853035450,-0.1550851,-0.7301614,-0.6583961,0.07717055
381.885593891,-0.1546482,-0.7292116,-0.6596555,0.076267
381.918153286,-0.1542339,-0.7282209,-0.6608558,0.07617993
381.953217030,-0.1541937,-0.7272986,-0.6618468,0.07646894
381.985775948,-0.1546032,-0.7264277,-0.6626673,0.07681423
382.018335342,-0.1554777,-0.7255126,-0.663406,0.0773195
382.053398132,-0.1564678,-0.7244717,-0.6641933,0.0783157
382.085957527,-0.1570564,-0.7236717,-0.6648704,0.07878798
382.118516445,-0.1570436,-0.7229771,-0.6656817,0.07833917
382.151075840,-0.1563198,-0.7223027,-0.6667345,0.07704426
382.186139584,-0.1550814,-0.721538,-0.6680835,0.07499826
382.218698502,-0.1539602,-0.7208152,-0.6693253,0.07316365
382.251257896,-0.1533859,-0.7200668,-0.670374,0.07213186
382.286321163,-0.153595,-0.7191228,-0.6713226,0.07228194
382.318880081,-0.1544951,-0.718136,-0.6720499,0.07340662
382.351439476,-0.1558849,-0.7171459,-0.6726033,0.07506098
382.386503220,-0.1575697,-0.7160487,-0.6731555,0.07704314
382.419062138,-0.159266,-0.7149762,-0.6737203,0.07856261
382.451621533,-0.1607501,-0.7138295,-0.6744761,0.07947667
382.486684322,-0.1616315,-0.7129133,-0.675203,0.0797401
382.519243717,-0.1616607,-0.7122146,-0.6759502,0.07959308
382.551802635,-0.1612365,-0.7116123,-0.6767301,0.07921322
382.586866379,-0.1607188,-0.7109707,-0.6775694,0.07885046
382.619425774,-0.1604965,-0.7103562,-0.6782933,0.07861779
382.651984692,-0.1604831,-0.7097458,-0.678939,0.07858407
382.684543133,-0.1605964,-0.709048,-0.6796262,0.0787111
382.719607353,-0.1607365,-0.7083933,-0.6802704,0.07875584
382.752166271,-0.1607232,-0.7079348,-0.6807787,0.07851359
382.784725666,-0.1604905,-0.7073343,-0.6815017,0.07812879
382.819789410,-0.1601212,-0.7066619,-0.6823378,0.07767281
382.852347851,-0.1598719,-0.7060549,-0.6830705,0.07726416
382.884906769,-0.1597365,-0.7054569,-0.6837459,0.07703236
382.919970512,-0.1595502,-0.7048632,-0.6844312,0.07676677
382.952529907,-0.1593978,-0.7043366,-0.6850357,0.07652426
382.985088825,-0.1595209,-0.7038319,-0.6855366,0.07642632
383.020152569,-0.1600625,-0.7032031,-0.6860249,0.07670009
383.052711487,-0.1607666,-0.7025422,-0.6864752,0.07725346
383.085270405,-0.1615611,-0.7018198,-0.686947,0.07796384
383.117829323,-0.162197,-0.7011762,-0.6873639,0.0787574
383.152893543,-0.1625712,-0.7006394,-0.6877716,0.07920203
383.185452461,-0.1624946,-0.7001979,-0.6882361,0.07922897
383.218011856,-0.1619817,-0.6996156,-0.6889629,0.07910563
383.253074646,-0.1613214,-0.6988789,-0.6898948,0.07884475
383.285634041,-0.1614173,-0.6982632,-0.6905292,0.07854816
383.318192959,-0.1620813,-0.6976337,-0.691007,0.07857422
383.353256703,-0.1627951,-0.69695,-0.6915236,0.07862115
383.385816097,-0.163158,-0.6964096,-0.6920022,0.07844544
383.418375015,-0.1629699,-0.6959973,-0.692464,0.07842065
383.453438282,-0.1622392,-0.6955969,-0.6930274,0.07851168
383.485997200,-0.1614155,-0.6950704,-0.6937417,0.07856403
383.518556595,-0.1607859,-0.6945511,-0.6944274,0.07839068
383.553620339,-0.1603118,-0.6940128,-0.6950902,0.07825334
383.586179733,-0.1603046,-0.6934789,-0.6956213,0.07828267
383.618738651,-0.160868,-0.69298,-0.6959429,0.07868542
383.651298046,-0.1617138,-0.6925366,-0.6961275,0.0792198
383.686360836,-0.1623643,-0.6920156,-0.6964391,0.07970273
383.718920231,-0.1626634,-0.6915668,-0.6968052,0.07978795
383.751479149,-0.1626995,-0.6911937,-0.6971878,0.07960527
383.786542892,-0.162487,-0.6907783,-0.6976631,0.07948136
383.819102287,-0.1622241,-0.6904471,-0.6980561,0.07944494
383.851661205,-0.1618634,-0.6901322,-0.6984372,0.07956811
383.886724472,-0.1613247,-0.6898341,-0.6988481,0.0796392
383.919283390,-0.1609956,-0.6895374,-0.6992209,0.07960155
383.951842785,-0.1606647,-0.6892116,-0.6996065,0.07970337
383.984401703,-0.1603278,-0.6888356,-0.7000307,0.07990661
384.019465923,-0.1601381,-0.6884028,-0.700456,0.08028916
384.052024841,-0.1600773,-0.6879825,-0.7008509,0.08056617
384.084583759,-0.1601053,-0.687528,-0.7012965,0.08051312
384.119647026,-0.1603637,-0.6870971,-0.7016791,0.08034477
384.152206421,-0.1609289,-0.686679,-0.7019529,0.08039671
384.184765339,-0.1617976,-0.6861803,-0.7021747,0.08097199
384.219829083,-0.1626166,-0.6856477,-0.7024078,0.08181746
384.252388477,-0.1629776,-0.6852851,-0.7026234,0.08228362
384.284947395,-0.1629566,-0.6850604,-0.7028577,0.08219408
384.320010662,-0.1628652,-0.684761,-0.7031991,0.08195008
384.352569580,-0.1627906,-0.6845096,-0.7034643,0.08192328
384.385128975,-0.1625304,-0.6843278,-0.7036992,0.08194136
384.420192719,-0.1621595,-0.6840929,-0.7040114,0.08195701
384.452751637,-0.1619904,-0.683862,-0.7042933,0.0817948
384.485311031,-0.1621508,-0.6836168,-0.7044843,0.08188185
384.517869949,-0.1623408,-0.6832985,-0.7047386,0.08197497
384.552933216,-0.162227,-0.683045,-0.7050295,0.08181027
384.585492611,-0.1620656,-0.6829632,-0.7051682,0.08161719
384.618051529,-0.1618235,-0.6826707,-0.7055089,0.08160034
384.653115272,-0.1610811,-0.6824064,-0.705968,0.08130881
384.685674667,-0.1596098,-0.6823204,-0.7065029,0.0802801
384.718233585,-0.1571707,-0.6824604,-0.7070744,0.07885773
384.753296852,-0.1534021,-0.6827242,-0.7078912,0.07663704
384.785855770,-0.148827,-0.6830088,-0.7089199,0.07355061
384.818415165,-0.1434548,-0.6831652,-0.710274,0.06960284
384.853478909,-0.1365691,-0.6832988,-0.7119708,0.06462813
384.886037827,-0.1287932,-0.6835005,-0.7136493,0.05976456
384.918597221,-0.1198801,-0.68335,-0.7157429,0.05478517
384.951156139,-0.108532,-0.6826379,-0.7184702,0.05152299
384.986219406,-0.09307147,-0.6794414,-0.7237,0.05082424
385.018778801,-0.07937274,-0.6732564,-0.7310783,0.05077364
385.051337719,-0.06355392,-0.6675835,-0.738138,0.04553178
385.086401463,-0.0410116,-0.6647785,-0.7428898,0.03361697
385.118960857,-0.02369789,-0.6647567,-0.7439515,0.02647435
385.151519775,-0.006111135,-0.665818,-0.7435262,0.02110838
385.186583042,0.005773818,-0.6684106,-0.741227,0.02010297
385.219141960,0.009373093,-0.6721379,-0.7376953,0.02400233
385.251701355,0.008259243,-0.6784925,-0.7317256,0.02801644
385.286765099,0.006058522,-0.6863928,-0.7242921,0.02927158
385.319324017,0.003987095,-0.6942827,-0.716827,0.0272447
385.351883411,0.001105168,-0.7026382,-0.7087352,0.02490808
385.384442329,-0.001699636,-0.7115987,-0.6998028,0.02297705
385.419505596,-0.004088199,-0.7206867,-0.6904882,0.02116277
385.452064991,-0.005808099,-0.7292238,-0.6814591,0.02097371
385.484623909,-0.006856053,-0.7378523,-0.6720143,0.02347891
385.519687653,-0.006601241,-0.7478101,-0.6607843,0.02698776
385.552247048,-0.003944258,-0.7572699,-0.649869,0.02871902
385.584805966,0.003183466,-0.7668145,-0.638543,0.02959722
385.619869232,0.01697343,-0.7773098,-0.625608,0.02727458
385.652428150,0.0334892,-0.7862942,-0.6137401,0.02388856
385.684987545,0.04981276,-0.7947665,-0.6016446,0.02272385
385.720051289,0.06257911,-0.8039556,-0.5879024,0.02716556
385.752610207,0.07073671,-0.8124797,-0.5745204,0.03777782
385.785169601,0.079998,-0.8200774,-0.5611809,0.05269878
385.817728519,0.09133943,-0.8262905,-0.5484582,0.06872076
385.852791786,0.1043301,-0.830883,-0.5366091,0.08618032
385.885351181,0.1139495,-0.8336333,-0.5271451,0.1040039
385.917910099,0.1191667,-0.8357232,-0.5181485,0.1245629
385.952973843,0.1214976,-0.8371658,-0.5088468,0.1486418
385.985533237,0.1220693,-0.8376344,-0.5003981,0.1723282
386.018092155,0.1213883,-0.8368075,-0.4929333,0.196628
386.053155899,0.1212971,-0.8338143,-0.4863503,0.2239013
386.085714340,0.121665,-0.8294832,-0.4821885,0.2475424
386.118273735,0.1205545,-0.825525,-0.4782413,0.2681194
386.153337479,0.1174652,-0.8230216,-0.4726097,0.28654
386.185896397,0.1153408,-0.8218684,-0.4664151,0.3005222
386.218455792,0.1161146,-0.8206471,-0.4606179,0.3122731
386.253519535,0.1204388,-0.818231,-0.4555647,0.3241621
386.286078453,0.1259009,-0.815145,-0.4523157,0.3342538
386.318637371,0.1313799,-0.8116066,-0.4506654,0.3428738
386.351196289,0.1348938,-0.8082188,-0.4502097,0.3500356
386.386260033,0.1360163,-0.8053545,-0.4490289,0.3576373
386.418819428,0.1388548,-0.8026818,-0.448059,0.36372
386.451378346,0.1447406,-0.7985397,-0.4487633,0.3696264
386.486442089,0.1523473,-0.7933583,-0.4502168,0.3759062
386.519001484,0.1595133,-0.7885271,-0.4520977,0.3808095
386.551559925,0.1668755,-0.784057,-0.4541051,0.3844781
386.586623669,0.1745521,-0.7791206,-0.4567669,0.3879358
386.619182587,0.1793278,-0.7745831,-0.4589339,0.3922626
386.651741981,0.1836683,-0.7703716,-0.4602291,0.3970017
386.686805725,0.1909806,-0.7665537,-0.460726,0.4003513
386.719364643,0.1987174,-0.7633579,-0.4612404,0.4020959
386.751924038,0.2049787,-0.7610894,-0.4608396,0.4037094
386.784482479,0.2102338,-0.7595373,-0.4596771,0.4052523
386.819546223,0.2152933,-0.7585564,-0.4579496,0.4063875
386.852105617,0.219151,-0.7582053,-0.4560709,0.4070929
386.884664535,0.2213605,-0.7584878,-0.4540564,0.4076227
386.919728279,0.2227271,-0.7592914,-0.4514621,0.4082634
386.952287674,0.2240384,-0.7604355,-0.4484916,0.4086901
386.984846592,0.2254302,-0.7615771,-0.4456454,0.4089125
387.019909859,0.227465,-0.7626002,-0.442639,0.409144
387.052468777,0.2300427,-0.763261,-0.4401365,0.4091707
387.085028172,0.2325375,-0.7638024,-0.4381035,0.4089319
387.120091915,0.2326764,-0.7647731,-0.4363757,0.408886
387.152650833,0.2304208,-0.7659426,-0.434677,0.4097825
387.185210228,0.2273627,-0.7670121,-0.4334466,0.4107923
387.217769146,0.2233567,-0.7681586,-0.4330933,0.4112201
387.252832413,0.2166286,-0.7696522,-0.4332911,0.4118179
387.285391808,0.2086804,-0.7710523,-0.4340309,0.4125236
387.317950726,0.1991463,-0.7725445,-0.4351948,0.4132176
387.353014469,0.1861418,-0.7740798,-0.4377392,0.4137195
387.385573864,0.1700467,-0.7756506,-0.4407892,0.414467
387.418132782,0.150514,-0.7771795,-0.4444277,0.4152702
387.453196526,0.1280846,-0.7783553,-0.4489361,0.4157422
387.485754967,0.1089419,-0.7787354,-0.4535024,0.4155312
387.518314362,0.09313596,-0.7781113,-0.4581293,0.4154682
387.553378105,0.08081252,-0.7752584,-0.4647722,0.4160028
387.585937023,0.07279003,-0.7728692,-0.4707332,0.4152263
387.618496418,0.06862859,-0.7708256,-0.4752339,0.4146065
387.653560162,0.06419325,-0.7691597,-0.4787572,0.4143569
387.686119080,0.0559753,-0.7693588,-0.4786809,0.4152664
387.718678474,0.04874555,-0.770221,-0.4753824,0.4183572
387.751236916,0.04616057,-0.7719162,-0.4703166,0.4212417
387.786300659,0.05097768,-0.7745615,-0.4611227,0.4259686
387.818860054,0.06598659,-0.7771903,-0.4513091,0.4296146
387.851418972,0.08835819,-0.7804072,-0.4421011,0.4293388
387.886482716,0.112058,-0.7844576,-0.4302034,0.4285113
387.919042110,0.1308795,-0.7883624,-0.4158885,0.4301392
387.951601028,0.1479075,-0.7918086,-0.3988596,0.4343975
387.986664295,0.1637905,-0.7943703,-0.3791029,0.4416528
388.019223213,0.1762926,-0.7960792,-0.3584397,0.4509187
388.051782608,0.1883106,-0.7963551,-0.3374255,0.4616594
388.086846352,0.2017561,-0.795629,-0.3134773,0.4739499
388.119405270,0.2166778,-0.7944503,-0.2909363,0.4836146
388.151964664,0.2329964,-0.792457,-0.2703394,0.4911913
388.184523583,0.2473319,-0.7888893,-0.2550074,0.4980758
388.219586849,0.2574337,-0.7882947,-0.2413047,0.5007186
388.252146244,0.2603218,-0.7894692,-0.2431715,0.4964535
388.284705162,0.2530406,-0.7925173,-0.2481423,0.4928893
388.319768906,0.2296766,-0.8024067,-0.2464295,0.4891751
388.352328301,0.2024086,-0.8109822,-0.2469525,0.4868066
388.384887219,0.1765252,-0.8173336,-0.2469509,0.4862588
388.419950962,0.1525934,-0.8223891,-0.2451371,0.4867515
388.452510357,0.1382883,-0.8239186,-0.2433652,0.4893216
388.485068798,0.1343546,-0.8213341,-0.2445624,0.494142
388.520132542,0.1382916,-0.81574,-0.2494609,0.4998406
388.552691460,0.1474794,-0.8079321,-0.2552707,0.5069123
388.585250855,0.1584047,-0.7988058,-0.2630022,0.5140765
388.617809773,0.1653805,-0.8022335,-0.2614049,0.5073124
388.652873516,0.1905925,-0.7888665,-0.2779745,0.5106096
388.685432911,0.1700164,-0.7915972,-0.2846434,0.5099745
388.717991829,0.154017,-0.7994115,-0.2723821,0.5095643
388.753055096,0.1525058,-0.8013749,-0.2633345,0.5116864
388.785614490,0.1576631,-0.7995238,-0.2660656,0.511606
388.818173408,0.1578757,-0.7975541,-0.2689388,0.5131105
388.853237152,0.1576618,-0.7968186,-0.2668121,0.5154242
388.885796547,0.1600363,-0.796189,-0.2658142,0.5161802
388.918355465,0.1616358,-0.7949658,-0.2670831,0.5169115
388.953419209,0.1622198,-0.7933373,-0.2671967,0.5191668
388.985978603,0.1629602,-0.7921334,-0.2666084,0.5210722
389.018537045,0.1630628,-0.7915124,-0.2664178,0.5220804
389.051095963,0.1615078,-0.7913584,-0.265896,0.5230624
389.086159706,0.1584481,-0.7913015,-0.2647546,0.5246606
389.118719101,0.1551575,-0.7914127,-0.2635154,0.5260984
389.151278019,0.1517731,-0.7916873,-0.2624098,0.527224
389.186341763,0.147802,-0.7921197,-0.2613977,0.5282046
389.218901157,0.1439899,-0.7926205,-0.2605726,0.5289132
389.251460075,0.1400487,-0.7935037,-0.2593212,0.5292621
389.286523342,0.1360882,-0.7946078,-0.2581227,0.5292246
389.319082737,0.134409,-0.7951412,-0.2598826,0.5279901
389.351641655,0.1431882,-0.7921664,-0.2805228,0.5195228
389.386705399,0.1403025,-0.7918065,-0.3032011,0.5079905
389.419264793,0.1235277,-0.8009651,-0.2868558,0.5074811
389.451823712,0.1034047,-0.8076505,-0.2632604,0.5141301
389.486887455,0.09347718,-0.8097867,-0.2474116,0.5205024
389.519445896,0.1024717,-0.8067024,-0.2524557,0.5211763
389.552005291,0.1111875,-0.8033604,-0.2594514,0.5211161
389.584564209,0.1153873,-0.8013147,-0.2593515,0.5233976
389.619627953,0.1200055,-0.8000491,-0.2576016,0.5251566
389.652187347,0.1227336,-0.8000669,-0.2574794,0.5245585
389.684746265,0.1222069,-0.8017821,-0.2555559,0.5230008
389.719810009,0.1208781,-0.8043413,-0.251925,0.5211385
389.752369404,0.1194349,-0.8068463,-0.2494463,0.5187858
389.784928322,0.1179149,-0.8092176,-0.2481343,0.516062
389.819991589,0.1152784,-0.8114634,-0.24662,0.5138525
389.852550983,0.112299,-0.8134574,-0.2450089,0.5121273
389.885109901,0.1108344,-0.8150691,-0.2434898,0.510606
389.920173645,0.1115707,-0.8162817,-0.2421935,0.5091229
389.952733040,0.1144569,-0.8166995,-0.2407365,0.5085029
389.985291958,0.1203071,-0.816229,-0.2382967,0.5090568
390.017851353,0.1310925,-0.8140263,-0.2371741,0.510443
390.052914143,0.1462702,-0.8102316,-0.2399796,0.5110453
390.085473537,0.1613406,-0.805078,-0.242417,0.5134982
390.118032455,0.1763674,-0.7983009,-0.2434289,0.5186331
390.153096199,0.1968231,-0.7891728,-0.2401135,0.5267258
390.185655594,0.2225031,-0.7784731,-0.2375289,0.5335537
390.218214512,0.2472856,-0.7668692,-0.240463,0.538114
390.253278732,0.2615487,-0.7573262,-0.2403129,0.5449096
390.285837650,0.2662372,-0.7518745,-0.2347203,0.5525727
390.318396568,0.2654956,-0.7495314,-0.2274914,0.5590976
390.353459835,0.2699758,-0.7460623,-0.2161785,0.5660376
390.386019230,0.2679151,-0.7468078,-0.2068858,0.569496
390.418578148,0.2634059,-0.7494408,-0.1972012,0.5715726
390.451137543,0.2556382,-0.754607,-0.188501,0.5712377
390.486201286,0.2425166,-0.7609388,-0.1796256,0.5714194
390.518760204,0.2316643,-0.764473,-0.1706451,0.5739518
390.551319599,0.2246417,-0.7656722,-0.1644219,0.5769536
390.586383343,0.2179875,-0.7685167,-0.1595062,0.577104
390.618941784,0.2087151,-0.7750142,-0.152027,0.5738524
390.651500702,0.1948523,-0.7868079,-0.1414225,0.5653259
390.686564922,0.1778798,-0.8006636,-0.1306729,0.5539393
390.719123840,0.1628563,-0.8105389,-0.1239962,0.5456713
390.751682758,0.1505811,-0.8192604,-0.1202769,0.5369347
390.786746979,0.1396549,-0.8298855,-0.1188556,0.5237248
390.819305897,0.1302303,-0.8369572,-0.1192423,0.5147346
390.851865292,0.1266196,-0.8416877,-0.1241465,0.5066996
390.884424210,0.1224709,-0.8479019,-0.1302668,0.4957031
390.919487476,0.1148141,-0.8566743,-0.1290298,0.4826034
390.952046394,0.1139595,-0.863653,-0.1256769,0.4711154
390.984605789,0.1168454,-0.86817,-0.1222179,0.4629456
391.019669533,0.1218015,-0.871408,-0.115465,0.4572833
391.052228451,0.1253638,-0.873076,-0.1011402,0.456531
391.084787846,0.1323376,-0.8733165,-0.0830567,0.4577493
391.119851589,0.1456856,-0.8717191,-0.06598258,0.4595168
391.152410507,0.1585858,-0.8688456,-0.05160021,0.4625181
391.184969902,0.1693092,-0.865202,-0.03869398,0.4667873
391.220033169,0.1729584,-0.8618189,-0.02246245,0.4727333
391.252592087,0.1738407,-0.8587612,-0.006873959,0.4784236
391.285151482,0.1751716,-0.855337,0.005267829,0.4840593
391.317710400,0.1691586,-0.8530009,0.02012582,0.4898953
391.352774143,0.1530696,-0.8516614,0.04400999,0.4959166
391.385333538,0.1344929,-0.8499904,0.07154772,0.5009356
391.417892456,0.1151622,-0.8465644,0.0984505,0.5069532
391.452956200,0.09374585,-0.8403261,0.123263,0.516234
391.485515595,0.07508375,-0.8327425,0.1412151,0.5268665
391.518074036,0.06032543,-0.8246346,0.1521466,0.5383472
391.553137779,0.04750068,-0.8156438,0.1537563,0.5526803
391.585696697,0.03351711,-0.8067938,0.1485569,0.5679075
391.618256092,0.01261548,-0.7968634,0.1465327,0.5830998
391.653319836,-0.005476428,-0.7865122,0.1461949,0.5971795
391.685878754,-0.0110717,-0.7797412,0.1324534,0.6090688
391.718438148,-0.01774824,-0.7736636,0.1112453,0.6207914
391.753501892,-0.03075968,-0.7656293,0.09147461,0.6333449
391.786060333,-0.02442508,-0.7535078,0.09046881,0.6481299
391.818619728,-0.01264806,-0.7640948,0.06458564,0.6391053
391.851178646,-0.01724138,-0.7701303,0.06088057,0.6320786
391.886242390,-0.02825178,-0.775164,0.06386513,0.6251972
391.918801784,-0.04417549,-0.7785533,0.06741448,0.6196663
391.951360703,-0.05808616,-0.7777445,0.07135341,0.6190928
391.986424446,-0.06238567,-0.7757064,0.07092286,0.6212772
392.018983841,-0.05710709,-0.7745618,0.06768115,0.6235701
392.051542759,-0.04883054,-0.7733636,0.06497767,0.626043
392.119164944,-0.03410996,-0.7715243,0.0628759,0.6294929
392.151724339,-0.02857976,-0.7718431,0.05941891,0.6297129
392.186788082,-0.02624469,-0.7728141,0.05228599,0.6292563
392.219347000,-0.03042028,-0.7720745,0.0526945,0.6299417
392.251906395,-0.03106659,-0.7725738,0.05320767,0.6292545
392.284465313,-0.02829702,-0.7732821,0.05280118,0.628549
392.319529533,-0.02484792,-0.7732137,0.05328934,0.6287377
392.352088451,-0.02372474,-0.7735629,0.05332445,0.6283485
392.384647369,-0.02400534,-0.7744362,0.05370872,0.6272283
392.419710636,-0.02489829,-0.7749991,0.05463693,0.6264176
392.452270031,-0.02448494,-0.775124,0.05496329,0.6262508
392.484828949,-0.02380405,-0.7752035,0.05444252,0.6262242
392.519892693,-0.0234055,-0.7752582,0.05393824,0.6262149
392.552452088,-0.02288149,-0.7749647,0.05305829,0.6266727
392.585011006,-0.02265401,-0.7745566,0.05156962,0.6273094
392.620074749,-0.0221873,-0.77414,0.05041715,0.6279339
392.652634144,-0.02113444,-0.7738464,0.04938055,0.6284143
392.685193062,-0.01957208,-0.7735142,0.04820162,0.6289652
392.717752457,-0.01746726,-0.7735041,0.0472957,0.6291083
392.785374641,-0.01214136,-0.7735317,0.0448106,0.6293815
392.817933559,-0.0104417,-0.7736899,0.04422365,0.6292592
392.852997780,-0.0100419,-0.7739477,0.04374612,0.6289818
392.885556698,-0.01057873,-0.7742207,0.04355977,0.6286498
392.918116093,-0.01112389,-0.7747954,0.04334729,0.6279467
392.953179836,-0.01203848,-0.7756459,0.04346995,0.6268706
392.985738754,-0.0132838,-0.7764838,0.04403131,0.6257679
393.018298149,-0.01565814,-0.7768868,0.04448433,0.6251805
393.053360939,-0.02007092,-0.7766411,0.04567704,0.6252736
393.085920334,-0.0234097,-0.7766912,0.04630147,0.6250492
393.118479252,-0.02531812,-0.7774767,0.04576058,0.6240374
393.151038647,-0.02578419,-0.779503,0.04653953,0.6214274
393.186102390,-0.02346075,-0.7799047,0.05117236,0.6206509
393.218661308,-0.01287337,-0.7783875,0.0523998,0.6227592
393.251220703,-0.000190704,-0.7749646,0.05230911,0.6271533
393.286284447,0.01281742,-0.7705576,0.0509457,0.6325414
393.318843365,0.02209996,-0.7674276,0.05345714,0.6358746
393.351402760,0.02298281,-0.7658721,0.0634381,0.6368005
393.386466026,0.01946064,-0.7650601,0.07513873,0.6366208
393.419024944,0.007267048,-0.7649847,0.0828618,0.6360089
393.451584339,-0.01560508,-0.7611943,0.09525602,0.6386654
393.486648083,-0.03717298,-0.7555614,0.1075195,0.6425048
393.519207001,-0.04270693,-0.752283,0.1146505,0.6447709
393.551766396,-0.04284309,-0.7515666,0.1066249,0.6469705
393.586830139,-0.04888429,-0.7449243,0.1075931,0.6540257
393.619389057,-0.05215028,-0.7415288,0.1084864,0.6574754
393.651948452,-0.0568589,-0.7427432,0.1038243,0.6564661
393.684507370,-0.06402346,-0.7429345,0.1027286,0.6557621
393.719570637,-0.06890035,-0.7435955,0.1027981,0.6545065
393.752129555,-0.07103708,-0.7451044,0.1008751,0.6528592
393.784688950,-0.07369671,-0.7461784,0.09979969,0.6515016
393.819752693,-0.07554936,-0.7470183,0.09930614,0.6504014
393.852311611,-0.07721793,-0.7475251,0.09851553,0.649743
393.884871006,-0.07825597,-0.7478033,0.09758061,0.6494396
393.919934750,-0.07861512,-0.7480327,0.0968846,0.6492364
393.952494144,-0.07821906,-0.7484629,0.0955236,0.6489902
393.985053062,-0.07712705,-0.7488539,0.09325875,0.6489991
394.020116329,-0.07595612,-0.7491554,0.0914523,0.6490462
394.052675247,-0.07403241,-0.7496809,0.09021801,0.6488345
394.085234642,-0.07161676,-0.7501606,0.08846258,0.6487929
394.117793560,-0.06927486,-0.750213,0.08737364,0.649134
394.152857304,-0.06627046,-0.74979,0.08618126,0.6500951
394.185416698,-0.06258471,-0.7495324,0.08525824,0.6508788
394.217975617,-0.05822367,-0.7506223,0.08499344,0.6500616
394.253039360,-0.05431195,-0.7531005,0.08581562,0.6474206
394.285598755,-0.04948561,-0.7565723,0.08606207,0.6437163
394.318157673,-0.04540456,-0.7596214,0.08578279,0.6404552
394.353220940,-0.04335022,-0.7627132,0.08585302,0.6369037
394.385779858,-0.0451846,-0.7658637,0.08656708,0.6328863
394.418339253,-0.05141377,-0.7692878,0.08770484,0.6280832
394.453402996,-0.06136487,-0.7731851,0.09045064,0.6219852
394.485962391,-0.06946491,-0.7758685,0.09254814,0.6174668
394.518521309,-0.0735814,-0.7774237,0.0927911,0.6149924
394.551080704,-0.07386062,-0.7782208,0.09273761,0.6139579
394.586144447,-0.07002234,-0.7771544,0.0921755,0.6158404
394.618703365,-0.06526008,-0.7757252,0.09129944,0.618291
394.651262760,-0.06371334,-0.7754909,0.08959015,0.6189958
394.686326504,-0.06483868,-0.7758618,0.08780393,0.61867
394.718884945,-0.06658928,-0.7760857,0.08700566,0.6183159
394.751443863,-0.0675701,-0.7761516,0.08648103,0.6182005
394.786507606,-0.06958147,-0.7762212,0.08662926,0.617869
394.819067001,-0.0718307,-0.7761974,0.08666947,0.6176357
394.851625919,-0.07344542,-0.776255,0.08638631,0.6174133
394.886689663,-0.07459225,-0.7762063,0.08634187,0.6173431
394.919249058,-0.07575016,-0.7763278,0.08692949,0.6169668
394.951807976,-0.07743388,-0.7765496,0.08732121,0.6164232
394.984367371,-0.07969145,-0.776884,0.08711252,0.6157432
395.019431114,-0.08266995,-0.7771096,0.08630849,0.6151788
395.051990032,-0.08454756,-0.7776796,0.08573247,0.6142832
395.084549427,-0.08580114,-0.7788308,0.08545197,0.612688
395.119612694,-0.08724247,-0.7801661,0.08481471,0.6108714
395.152171612,-0.0879323,-0.7819084,0.08455135,0.6085769
395.184731007,-0.08785634,-0.78366,0.0847093,0.6063088
395.219794750,-0.08812433,-0.7859066,0.08511197,0.6032979
395.252353668,-0.08866706,-0.7881882,0.08596198,0.6001131
395.284913063,-0.08926658,-0.789947,0.08672117,0.5975972
395.319976807,-0.08987486,-0.7920364,0.08672363,0.5947333
395.352535725,-0.09127256,-0.7941129,0.08638236,0.5917938
395.385095120,-0.09332284,-0.7956055,0.08598161,0.5895233
395.417654038,-0.09535379,-0.7968022,0.08591438,0.5875885
395.452717304,-0.0980835,-0.7980617,0.0861237,0.5853955
395.485276222,-0.1011849,-0.7990466,0.08666459,0.5834408
395.517835617,-0.1048832,-0.7997901,0.08764098,0.58162
395.552899361,-0.1085815,-0.8004371,0.0885174,0.5799163
395.585458756,-0.1123618,-0.8008468,0.08945001,0.5784858
395.618017674,-0.1164343,-0.8009912,0.09045399,0.5773232
395.653081417,-0.1208063,-0.8006535,0.09110913,0.5767899
395.685640812,-0.1247567,-0.8004733,0.0916498,0.576113
395.718199730,-0.1285309,-0.8004922,0.0911836,0.5753306
395.753263473,-0.1320638,-0.800034,0.09020886,0.5753214
395.785822868,-0.1349379,-0.7992436,0.08939073,0.5758806
395.818381309,-0.1375121,-0.7983568,0.08803336,0.5767102
395.853445053,-0.13977,-0.7974356,0.08575077,0.577785
395.886003971,-0.1408723,-0.7963348,0.0835272,0.579359
395.918563366,-0.1418797,-0.7953544,0.08071509,0.5808566
395.951122284,-0.1423153,-0.7942979,0.0779331,0.5825732
395.986186028,-0.1416902,-0.7930818,0.07495911,0.5847684
396.018745422,-0.1415825,-0.7923608,0.07207564,0.5861328
396.051304340,-0.1428378,-0.7917235,0.06938711,0.5870132
396.086368084,-0.1446049,-0.7906286,0.06691656,0.5883414
396.118927479,-0.1458394,-0.7895996,0.06513695,0.5896171
396.151486397,-0.1466992,-0.7882239,0.06334125,0.5914372
396.186549664,-0.1473479,-0.7865521,0.06209838,0.5936295
396.219109058,-0.1476993,-0.7849054,0.06193936,0.5957345
396.251667976,-0.1476971,-0.7832561,0.06213147,0.5978819
396.286731720,-0.1473101,-0.7813808,0.06216368,0.6004224
396.319291115,-0.1464907,-0.7794498,0.06258769,0.6030829
396.351850033,-0.1444443,-0.7773239,0.06384364,0.6061806
396.384409428,-0.1422282,-0.7752505,0.06483267,0.6092473
396.419473171,-0.1403834,-0.7727092,0.06575608,0.6127944
396.452032089,-0.1385496,-0.7699506,0.06593676,0.6166523
396.484591484,-0.136687,-0.7672422,0.06401042,0.620634
396.519655228,-0.1344525,-0.7635692,0.06149068,0.6258844
396.584772587,-0.1240733,-0.7562119,0.05676332,0.6373029
396.619836807,-0.1191429,-0.7533615,0.05219676,0.6419927
396.652395725,-0.1155978,-0.7505707,0.04999371,0.6460721
396.684954643,-0.1137671,-0.7487397,0.04882178,0.6486062
396.720018864,-0.1143141,-0.7474615,0.04777912,0.6500602
396.752577782,-0.1157344,-0.7469532,0.04692948,0.6504552
396.785137176,-0.1177846,-0.7466139,0.04614732,0.6505325
396.817696094,-0.1191223,-0.7459999,0.04517563,0.6510613
396.852759838,-0.1182801,-0.7452033,0.04378456,0.6522213
396.885319233,-0.1158248,-0.744276,0.04071186,0.6539176
396.917878151,-0.1118801,-0.7432145,0.03573582,0.6560989
396.952941418,-0.1083376,-0.741555,0.03096118,0.6588082
396.985500336,-0.1056802,-0.739534,0.02775592,0.6616483
397.018059731,-0.1033816,-0.7373114,0.02263486,0.6646801
397.053123474,-0.1005327,-0.7343557,0.01741313,0.6685352
397.085682392,-0.09827558,-0.7316852,0.01396587,0.6718716
397.118241787,-0.09784199,-0.7289829,0.0107855,0.674924
397.153305531,-0.09864219,-0.7262792,0.0092906,0.6777387
397.185864449,-0.1006173,-0.724368,0.00892999,0.6794962
397.218423843,-0.1038423,-0.7230479,0.009301241,0.6804113
397.253487587,-0.1063037,-0.722214,0.01012655,0.6809049
397.286046505,-0.1067229,-0.7222404,0.009877759,0.6808151
397.318605900,-0.1070359,-0.7222294,0.009885464,0.6807774
397.351164818,-0.1071104,-0.7217159,0.01120023,0.6812897
397.386228085,-0.1062452,-0.7203902,0.01213221,0.6828106
397.418787479,-0.104007,-0.7192441,0.0132561,0.6843409
397.451346398,-0.1015489,-0.7180617,0.014023,0.6859347
397.486410141,-0.09794252,-0.7166576,0.01429769,0.687919
397.518969536,-0.09444764,-0.7155178,0.01354827,0.6896072
397.551528454,-0.09223415,-0.7144899,0.01274418,0.6909865
397.586592198,-0.09090408,-0.7129822,0.01411678,0.6926913
397.619151592,-0.08948798,-0.7115596,0.015559,0.6943057
397.651710510,-0.08793043,-0.7105641,0.0174419,0.6954786
397.686774254,-0.08474696,-0.7109659,0.0194168,0.6954107
397.719333649,-0.08054911,-0.7122063,0.02154981,0.6945771
397.751892567,-0.07925981,-0.7134712,0.0237934,0.6933529
397.784451008,-0.07947966,-0.7141096,0.02799107,0.6925133
397.819515228,-0.07778952,-0.7145988,0.03181189,0.6920354
397.852074146,-0.07497396,-0.7145711,0.03413896,0.692264
397.884633064,-0.07130907,-0.7137454,0.03672298,0.6933699
397.919697285,-0.06800674,-0.7124292,0.04039641,0.6948493
397.952256203,-0.06573716,-0.7102409,0.04418122,0.6970741
397.984815598,-0.06167663,-0.706604,0.04743333,0.7009169
398.019879341,-0.05640299,-0.702484,0.04511474,0.7056397
398.052438259,-0.05995482,-0.6961777,0.04347987,0.7116735
398.084997654,-0.06700066,-0.6878474,0.0420094,0.7191938
398.120061398,-0.07469874,-0.6852376,0.03467074,0.7213148
398.152620316,-0.08493534,-0.6851965,0.04077237,0.7199007
398.185178757,-0.08433687,-0.6882162,0.05646201,0.7160206
398.217738152,-0.07952546,-0.6957572,0.06366991,0.7086406
398.252801895,-0.0774772,-0.7039285,0.06754601,0.7003908
398.285360813,-0.07099574,-0.6952627,0.07034889,0.7093998
398.317920208,-0.06837395,-0.6952064,0.06141004,0.7105417
398.352983952,-0.07536676,-0.6887581,0.05282797,0.7167768
398.385542870,-0.08538897,-0.6768679,0.05527142,0.7267265
398.418102265,-0.09028331,-0.6652179,0.05626499,0.7367469
398.453166008,-0.09733681,-0.6498559,0.05718948,0.7493798
398.485725403,-0.1049823,-0.6306925,0.05916323,0.7644168
398.518284321,-0.1080925,-0.6068283,0.05843053,0.7831276
398.553348065,-0.1066942,-0.5768604,0.05127015,0.8061311
398.585906506,-0.1009972,-0.5449085,0.04316005,0.8292402
398.618465901,-0.09101213,-0.5131927,0.03004005,0.8509262
398.651024818,-0.07873324,-0.4800442,0.01546655,0.8716347
398.686088562,-0.05896027,-0.4406334,-0.004511499,0.8938529
398.718647957,-0.03961573,-0.4025535,-0.03196587,0.9121332
398.751206875,-0.02326432,-0.3625289,-0.05511556,0.9282356
398.786270618,-0.008090361,-0.3160562,-0.07454563,0.9439881
398.818830013,0.004159178,-0.2731542,-0.09435073,0.95556
398.851388931,0.01762014,-0.231202,-0.1297334,0.9623056
398.886452675,0.0400152,-0.1812983,-0.1822466,0.9638171
398.919012070,0.05496361,-0.1218686,-0.2439777,0.9587646
398.951570988,0.06609703,-0.06407364,-0.3118291,0.9438835
398.986634731,0.06222543,-0.02714817,-0.3514422,0.9319372
399.019194126,0.04548198,-0.0007380107,-0.350913,0.933498
399.051753044,0.03832233,0.03096996,-0.3356115,0.9389169
399.084311962,0.03509049,0.05416373,-0.3360573,0.9378315
399.119375706,0.02594164,0.06243236,-0.3275223,0.9406306
399.151934624,0.03837115,0.08355327,-0.3196273,0.9412825
399.184494019,0.04248932,0.1052555,-0.3354699,0.9333829
399.219557762,0.03789109,0.1213509,-0.3632081,0.9211654
399.252116680,0.02369879,0.1268164,-0.3939166,0.9081923
399.284676075,-0.001140897,0.1355486,-0.4362049,0.8876813
399.319739819,-0.03966612,0.1548048,-0.4854864,0.8575503
399.352298737,-0.07263434,0.1784501,-0.5245299,0.82727
399.384858131,-0.09704497,0.2136198,-0.5520287,0.7980231
399.419921875,-0.1193366,0.2691506,-0.5688877,0.7657095
399.452480793,-0.1367398,0.3253715,-0.5781838,0.7333258
399.485040188,-0.1541295,0.36661,-0.5740038,0.7134343
399.520103455,-0.1640511,0.4064825,-0.554454,0.7050301
399.552662373,-0.1636226,0.4242415,-0.5548105,0.6943053
399.585221291,-0.164564,0.4024036,-0.5760974,0.6897315
399.617780686,-0.1692826,0.3568991,-0.6005152,0.6928026
399.652844429,-0.1587648,0.3064344,-0.6148005,0.7067812
399.685403824,-0.1370289,0.2733521,-0.6189006,0.7211736
399.717962742,-0.119094,0.2442653,-0.639119,0.717151
399.753026485,-0.1104487,0.2123003,-0.6831762,0.6874791
399.785585880,-0.103228,0.1721819,-0.7286132,0.6522636
399.818144798,-0.08029744,0.1191033,-0.7665313,0.6232367
399.853208542,-0.04559024,0.01068181,-0.7864671,0.6131104
399.885767937,-0.03634066,-0.005623301,-0.76516,0.6401606
399.918326855,-0.06739295,0.02249234,-0.78247,0.6158901
399.953390121,-0.1184098,0.07453917,-0.7687162,0.6213905
399.985949039,-0.1198227,0.09169247,-0.7135153,0.6817319
400.018508434,-0.09413333,0.1132175,-0.6530198,0.7406169
400.051067352,-0.07627382,0.1239621,-0.6102015,0.7765934
400.086131096,-0.05482674,0.1242049,-0.5893259,0.7942858
400.118690491,-0.04393589,0.110681,-0.591538,0.7953175
400.151249409,-0.04814759,0.08346783,-0.602513,0.7901396
400.186313629,-0.03947212,0.0602116,-0.598141,0.7960349
400.218872547,-0.04502937,0.04994288,-0.5987017,0.7960289
400.251431465,-0.05940111,0.05503733,-0.6286523,0.7712759
400.286495686,-0.07116099,0.05866567,-0.6486267,0.7532633
400.319054604,-0.07918074,0.05967034,-0.6563684,0.7456394
400.351613998,-0.08203953,0.05631495,-0.6588866,0.7433668
400.386676788,-0.08484782,0.04801777,-0.6579247,0.744485
400.419236183,-0.08829399,0.03999814,-0.6521958,0.7495816
400.451795101,-0.0928428,0.03580581,-0.645323,0.7551715
400.484354496,-0.09909821,0.03427422,-0.6419562,0.7573141
400.519418240,-0.1062981,0.03241246,-0.6402373,0.7578747
400.551977158,-0.1119464,0.02956656,-0.6390956,0.7581413
400.584536553,-0.1165072,0.02586324,-0.6380588,0.7584628
400.619600296,-0.1212026,0.02148909,-0.6371551,0.7586232
400.652159214,-0.1263483,0.0180118,-0.6366855,0.7582685
400.684718609,-0.1320915,0.01462319,-0.6371355,0.7569835
400.719782352,-0.1382062,0.01089248,-0.6374258,0.7557093
400.752341270,-0.1434965,0.007883601,-0.6357918,0.756137
400.784900665,-0.1492999,0.00516974,-0.6319824,0.7582275
400.819964409,-0.1564979,0.001574882,-0.6278,0.7602637
400.852523327,-0.1622006,-0.003022634,-0.6244481,0.7618228
400.885082722,-0.1670768,-0.007666598,-0.6210269,0.7635311
400.917641640,-0.1712578,-0.0118944,-0.6184306,0.7646573
400.952704906,-0.1754218,-0.01567402,-0.6167922,0.7649684
400.985264301,-0.1790825,-0.01883212,-0.616513,0.7642737
401.017823219,-0.1828544,-0.0221462,-0.6175858,0.7624233
401.052886963,-0.186962,-0.02590239,-0.6188679,0.7602661
401.085446358,-0.1909415,-0.02944546,-0.6195615,0.7585812
401.118005276,-0.1948975,-0.03274986,-0.6195431,0.7574539
401.153069019,-0.1986068,-0.03598709,-0.6185798,0.7571309
401.185628414,-0.2017007,-0.03859583,-0.6172171,0.7572964
401.218187332,-0.2048262,-0.04104607,-0.615912,0.7573913
401.253251076,-0.2079312,-0.04335571,-0.6152097,0.7569873
401.285810471,-0.2111138,-0.04517344,-0.6155214,0.7557456
401.318369389,-0.2131802,-0.04606185,-0.6165733,0.754253
401.353433132,-0.2153001,-0.04656429,-0.6181669,0.7523131
401.385992527,-0.2174268,-0.0470706,-0.61795,0.7518482
401.418551445,-0.2204151,-0.04726111,-0.6177407,0.7511376
401.451110840,-0.2240814,-0.04788059,-0.6174113,0.7502839
401.486174107,-0.2280066,-0.04878839,-0.6163289,0.7499328
401.518733025,-0.2321766,-0.05008589,-0.6152105,0.7494859
401.551292420,-0.2361996,-0.05155921,-0.6153398,0.7480214
401.586356163,-0.2398929,-0.05310844,-0.616001,0.7461914
401.618915081,-0.2428537,-0.0557148,-0.6157045,0.7452877
401.651474476,-0.2436395,-0.05862749,-0.613537,0.746594
401.686538219,-0.243154,-0.06111734,-0.6115742,0.7481614
401.719097137,-0.2433623,-0.06322555,-0.6127907,0.7469221
401.751656532,-0.2423735,-0.0650702,-0.6158486,0.7445664
401.786720276,-0.2406762,-0.06608273,-0.6203002,0.7413256
401.819279194,-0.2392705,-0.06683895,-0.6266852,0.7363257
401.851838589,-0.2387779,-0.06819836,-0.6349711,0.7292278
401.884397507,-0.2376904,-0.07034206,-0.6429768,0.7223322
401.919461250,-0.2354435,-0.07331405,-0.6500462,0.7164209
401.952020645,-0.2330965,-0.07725169,-0.6558672,0.7114521
401.984579086,-0.2291489,-0.08183938,-0.6615224,0.7069716
402.019642830,-0.2208962,-0.08692069,-0.668425,0.702485
402.052202225,-0.2114879,-0.09112693,-0.6773137,0.6963065
402.084761143,-0.2036289,-0.09539536,-0.6887923,0.6867516
402.119824886,-0.1960903,-0.1005816,-0.7026826,0.6740154
402.152384281,-0.1897062,-0.1062191,-0.7149253,0.6619959
402.184943199,-0.1837649,-0.1122425,-0.7259567,0.6505741
402.220006943,-0.178622,-0.1202387,-0.7391648,0.6355313
402.252566338,-0.1729479,-0.1287292,-0.7506556,0.6218213
402.285125256,-0.1659289,-0.1369907,-0.7608797,0.6094185
402.317684650,-0.156618,-0.1442485,-0.7710691,0.5972799
402.352748394,-0.149495,-0.1509318,-0.7840115,0.5803658
402.385307312,-0.1483557,-0.1560646,-0.7934663,0.5662804
402.417866707,-0.1503535,-0.160757,-0.7971617,0.5592065
402.452930451,-0.1532004,-0.1630327,-0.7962117,0.5591284
402.485489369,-0.1585265,-0.1628528,-0.7912155,0.5647601
402.518047810,-0.1674747,-0.1618046,-0.780799,0.5768467
402.553111553,-0.1778367,-0.1593506,-0.765009,0.5952901
402.585670948,-0.1850026,-0.1569626,-0.7498907,0.6127222
402.618229866,-0.1905723,-0.1555734,-0.7385184,0.6250579
402.653294086,-0.195546,-0.1553098,-0.7309799,0.6324056
402.685853004,-0.1987208,-0.1565942,-0.7271882,0.6354632
402.718412399,-0.2013384,-0.1590028,-0.7255284,0.6359381
402.750971317,-0.2037833,-0.1615711,-0.7248453,0.6352906
402.786035061,-0.2071334,-0.1634516,-0.7239871,0.6347044
402.818594456,-0.2103075,-0.1650958,-0.7221764,0.6352975
402.851153374,-0.2131026,-0.1666514,-0.7189047,0.6376662
402.886217117,-0.2165221,-0.1673237,-0.7143463,0.64145
402.918776512,-0.2204354,-0.167676,-0.7094137,0.6454865
402.951335430,-0.224928,-0.1685818,-0.7036353,0.6500098
402.986399174,-0.2296107,-0.1701904,-0.6969678,0.6551165
403.018958569,-0.2337276,-0.1724398,-0.6911939,0.6591773
403.051517487,-0.2359648,-0.1748977,-0.6866822,0.66244
403.086580753,-0.2371757,-0.1775376,-0.6859334,0.6620808
403.119139671,-0.2383647,-0.1807316,-0.6870923,0.6595834
403.151699066,-0.2399209,-0.1846329,-0.6880814,0.6569021
403.186762810,-0.241519,-0.1882074,-0.6885848,0.6547711
403.219321728,-0.2424972,-0.1915475,-0.6888368,0.653174
403.251881123,-0.2430548,-0.1953485,-0.6895736,0.6510601
403.284440041,-0.2435397,-0.1999514,-0.6902609,0.6487492
403.319504261,-0.2425385,-0.2056728,-0.690998,0.646547
403.352063179,-0.2413235,-0.2120435,-0.6928629,0.6429379
403.384622574,-0.239852,-0.2187645,-0.6952512,0.6386443
403.419686318,-0.2374557,-0.2260575,-0.6982062,0.6337575
403.452245236,-0.2352443,-0.2326703,-0.7008542,0.6292503
403.484804630,-0.2327979,-0.2389155,-0.7032087,0.6251798
403.552427292,-0.2235463,-0.2530251,-0.7100075,0.6152415
403.584986687,-0.218784,-0.2600206,-0.7129935,0.610566
403.620049477,-0.213294,-0.2672583,-0.7167658,0.6049407
403.652609348,-0.2080146,-0.2746044,-0.7216227,0.5976711
403.685167789,-0.2028894,-0.2819498,-0.7268964,0.5895671
403.717727184,-0.1983373,-0.2884859,-0.7314306,0.5823017
403.752790928,-0.1938823,-0.2952013,-0.7360401,0.5745769
403.785349846,-0.1908905,-0.3002704,-0.7397143,0.568198
403.817909241,-0.1896674,-0.3035015,-0.7423717,0.5634047
403.852972984,-0.1898287,-0.3059217,-0.7442043,0.5596111
403.885531902,-0.1896846,-0.3082589,-0.7448184,0.5575565
403.918091297,-0.1892527,-0.3106758,-0.7455337,0.5554019
403.953155041,-0.1897773,-0.3127262,-0.7463222,0.5530078
403.985714436,-0.1910161,-0.3142502,-0.7456554,0.5526171
404.018273354,-0.191988,-0.3150939,-0.7431912,0.5551134
404.053337097,-0.1929433,-0.3156239,-0.7398577,0.5589212
404.085896492,-0.1932967,-0.3152985,-0.7374097,0.5622081
404.118455410,-0.1937514,-0.3142742,-0.7364229,0.5639158
404.151014805,-0.1943543,-0.3134684,-0.7366738,0.5638293
404.186078548,-0.1951978,-0.312665,-0.7376018,0.5627697
404.218637466,-0.1964947,-0.3121782,-0.7382693,0.5617124
404.251196861,-0.1992624,-0.3109086,-0.738617,0.5609839
404.286259651,-0.2024926,-0.3084931,-0.7375423,0.5625727
404.318819046,-0.2048536,-0.3050405,-0.7344528,0.5676197
404.351377964,-0.2071461,-0.3005371,-0.7285479,0.5767267
404.386441708,-0.2073114,-0.2940478,-0.7197269,0.5909135
404.419001103,-0.2052134,-0.2866694,-0.7097216,0.6071499
404.451560021,-0.2047712,-0.2777177,-0.6959724,0.6270499
404.486623764,-0.2064873,-0.2664334,-0.6777424,0.6508986
404.519183159,-0.2084193,-0.2553347,-0.6616785,0.6709507
404.551742077,-0.2096704,-0.2430682,-0.649039,0.6872644
404.584301472,-0.2150947,-0.2324938,-0.6401381,0.6975183
404.619365215,-0.2215793,-0.2194472,-0.6311674,0.7078142
404.651924610,-0.2282221,-0.2055668,-0.6238732,0.7162869
404.684483528,-0.2385014,-0.1928792,-0.6164513,0.7228625
404.719547272,-0.2519853,-0.1780214,-0.6041281,0.7324402
404.752106667,-0.2656502,-0.1618962,-0.5890663,0.7435376
404.784665585,-0.2808833,-0.1450321,-0.5716859,0.7548994
404.819729328,-0.3012028,-0.1295545,-0.5509428,0.7652335
404.852288723,-0.3237371,-0.1166914,-0.5280768,0.7741705
404.884847641,-0.3448716,-0.1058957,-0.5010644,0.7844819
404.919910908,-0.3648688,-0.09779813,-0.4758261,0.7921638
404.952469826,-0.3879674,-0.0959305,-0.4532124,0.7946727
404.985029221,-0.4145977,-0.1000887,-0.4285672,0.7943857
405.020092964,-0.4439494,-0.1075268,-0.3952723,0.7948172
405.052651882,-0.4733256,-0.1181013,-0.355875,0.7949815
405.085211277,-0.5024871,-0.1317254,-0.3088698,0.7945956
405.117770195,-0.522886,-0.1396001,-0.2576507,0.7983394
405.152833939,-0.5362158,-0.1368332,-0.2045746,0.8053111
405.185393333,-0.5421288,-0.1319152,-0.1657546,0.8110782
405.217952251,-0.543161,-0.1285766,-0.1402853,0.8157156
405.253016472,-0.5390708,-0.1293982,-0.1355672,0.8190897
405.285575390,-0.5377722,-0.1293367,-0.1458899,0.8181791
405.318134785,-0.5398083,-0.1237828,-0.153016,0.8163936
405.353198528,-0.54261,-0.1020061,-0.1454061,0.8189346
405.385757446,-0.542467,-0.07924237,-0.1304364,0.8240535
405.418316841,-0.5387018,-0.05809774,-0.1127931,0.8308613
405.453380585,-0.536017,-0.04837926,-0.09864923,0.8350097
405.485939503,-0.5284286,-0.04731299,-0.09296834,0.8405411
405.518498898,-0.5195931,-0.05004072,-0.09460256,0.8456932
405.551057816,-0.5129686,-0.05198774,-0.1002923,0.848958
405.586121559,-0.5037998,-0.04355621,-0.1094018,0.8537842
405.618680954,-0.4986666,-0.03009478,-0.1216717,0.8557159
405.651239872,-0.4965793,-0.02293107,-0.1300369,0.8559213
405.686303139,-0.5013211,-0.01555807,-0.1345795,0.8526143
405.718862057,-0.4981506,-0.009751591,-0.1308816,0.8551307
405.751421452,-0.4948821,-0.005689982,-0.1284164,0.8574358
405.786485195,-0.4987662,-0.00422192,-0.1262718,0.8555102
405.819044113,-0.5068914,-0.005536775,-0.1200667,0.8516114
405.851603508,-0.5133634,-0.01420385,-0.10657,0.8494273
405.886667252,-0.5127023,-0.03245854,-0.07478617,0.8527117
405.919226646,-0.512769,-0.04763116,-0.04044315,0.8542781
405.951785564,-0.5120648,-0.05738146,0.003300325,0.8550518
405.984344959,-0.5093109,-0.05817455,0.05284829,0.8550162
406.019408703,-0.5063137,-0.05460047,0.1093658,0.8516642
406.051967621,-0.505169,-0.05210257,0.1633575,0.8438196
406.084527016,-0.5084925,-0.05307081,0.2173785,0.8294534
406.119590759,-0.505594,-0.05495555,0.2664354,0.8166974
406.152149677,-0.5034681,-0.05935171,0.3033545,0.8047365
406.184709072,-0.5030025,-0.05993098,0.3407574,0.789879
406.219772816,-0.4959272,-0.06319485,0.3789737,0.7765753
406.252331734,-0.490152,-0.07330829,0.4116225,0.7626084
406.284891129,-0.4880166,-0.08301165,0.4464774,0.7431247
406.319954872,-0.4874427,-0.09521469,0.4821006,0.7194029
406.352513790,-0.4891743,-0.1064526,0.5130572,0.6948211
406.385073185,-0.4912837,-0.1174894,0.5395223,0.6711034
406.417632103,-0.4941491,-0.1294803,0.5600886,0.6495997
406.452695370,-0.4972325,-0.141371,0.579201,0.6276367
406.485254288,-0.4987715,-0.1530617,0.593158,0.6104017
406.517813683,-0.4994485,-0.1666761,0.6038273,0.5956431
406.552877426,-0.5001975,-0.1796888,0.6159317,0.5785931
406.585436821,-0.50008,-0.1916766,0.6258835,0.5639836
406.617995739,-0.4988283,-0.2066766,0.6322659,0.5525601
406.653059482,-0.4969794,-0.2262339,0.6363,0.54183
406.685618877,-0.4965822,-0.2404585,0.6417587,0.5294896
406.718177795,-0.4965744,-0.2506028,0.6484119,0.5165287
406.753241539,-0.4956219,-0.2622487,0.6539763,0.504507
406.785800934,-0.4937223,-0.2755284,0.6583048,0.4935432
406.818359852,-0.4937475,-0.2858766,0.6637527,0.4801541
406.853423595,-0.4961216,-0.293438,0.6691565,0.465419
406.885982990,-0.4972609,-0.3030665,0.6735681,0.4514598
406.918541908,-0.4989905,-0.3126897,0.6789868,0.4345552
406.951101303,-0.5019134,-0.3191024,0.6850096,0.4167086
406.986165047,-0.5034217,-0.3255461,0.6908005,0.4000109
407.018723965,-0.5024874,-0.3335985,0.6948275,0.3873769
407.051283360,-0.5006047,-0.3422455,0.6985523,0.375387
407.086347103,-0.4994448,-0.3492168,0.7023831,0.3631641
407.118906021,-0.4974076,-0.3556556,0.7045355,0.3554603
407.151465416,-0.4943761,-0.3633667,0.7051737,0.3505917
407.186528683,-0.4913979,-0.3712304,0.7047905,0.3472957
407.219087601,-0.4885538,-0.3779415,0.7040503,0.3455665
407.251646996,-0.485269,-0.3840855,0.7031677,0.3452179
407.286710739,-0.4808588,-0.3896966,0.7029871,0.3454683
407.319269657,-0.4765308,-0.394582,0.7032871,0.3453093
407.351829052,-0.4723842,-0.399029,0.7038204,0.3448093
407.384387970,-0.4683414,-0.4032537,0.7045413,0.3439359
407.419451714,-0.4649792,-0.4071569,0.7053443,0.3422495
407.452011109,-0.4631254,-0.4088207,0.7057931,0.341854
407.484570027,-0.4612794,-0.4101461,0.7055908,0.3431775
407.519633770,-0.4611828,-0.412016,0.7042583,0.3438039
407.552193165,-0.4620117,-0.414789,0.7017724,0.3444392
407.584752083,-0.4621467,-0.418726,0.6976727,0.3478068
407.619815827,-0.4629006,-0.4223591,0.692651,0.3524175
407.652375221,-0.4637228,-0.4252887,0.6880598,0.3567801
407.684934139,-0.4643906,-0.4285164,0.6833336,0.3611067
407.719997883,-0.4653608,-0.4320596,0.6779751,0.3657065
407.752557278,-0.4659503,-0.4354434,0.6731659,0.3698038
407.785116196,-0.4660311,-0.4394503,0.66883,0.3728172
407.817675590,-0.4666325,-0.4437562,0.6641436,0.375334
407.852739334,-0.4678493,-0.4481869,0.6593176,0.3770589
407.885298252,-0.4690031,-0.4532362,0.6546843,0.377663
407.917857647,-0.4703383,-0.4593453,0.6489324,0.3785476
407.952921391,-0.4724881,-0.4653652,0.64124,0.3816139
407.985480785,-0.4735662,-0.4717308,0.6333026,0.3856949
408.018039703,-0.4751635,-0.4781523,0.6250334,0.3892951
408.053102970,-0.4777072,-0.4847599,0.6159039,0.3925477
408.085661888,-0.4795828,-0.4907097,0.6075976,0.3957992
408.118221283,-0.4813418,-0.4967969,0.5991785,0.398893
408.153285027,-0.4828514,-0.5038964,0.5897669,0.402176
408.185843945,-0.4826933,-0.5109434,0.58105,0.4061435
408.218403339,-0.4818211,-0.5179816,0.5729349,0.4097764
408.250962257,-0.4809718,-0.5249823,0.5651606,0.4126511
408.286026001,-0.4801692,-0.5324501,0.556554,0.4157038
408.318585396,-0.4791288,-0.5390445,0.5482644,0.4194045
408.351144314,-0.4771149,-0.5485073,0.5337516,0.4280631
408.386208057,-0.4691283,-0.5637646,0.5128152,0.442421
408.418767452,-0.459393,-0.5771237,0.4937544,0.4568595
408.451326370,-0.4471529,-0.5897457,0.4743728,0.4731304
408.486390114,-0.4303659,-0.6041917,0.4498872,0.4939298
408.518949509,-0.4169665,-0.6136127,0.4282127,0.512718
408.551508427,-0.4000561,-0.6208371,0.4084671,0.5331967
408.586572647,-0.3749833,-0.6277105,0.3889443,0.5574198
408.619131565,-0.3511632,-0.6358173,0.3678588,0.5776921
408.651690483,-0.3304859,-0.6484337,0.3426872,0.5911902
408.684249878,-0.3217705,-0.6579312,0.325068,0.59544
408.719313621,-0.31966,-0.6632167,0.3126802,0.5973441
408.751873016,-0.3168299,-0.6682341,0.3008458,0.5993342
408.784431934,-0.3167468,-0.6767945,0.288418,0.595872
408.819495678,-0.3100596,-0.68042,0.2794919,0.5995027
408.852055073,-0.3054974,-0.6884999,0.2655534,0.598956
408.884613991,-0.3023521,-0.6959957,0.2566315,0.5957694
408.919677734,-0.3006538,-0.7027847,0.248778,0.5919782
408.952237129,-0.2994598,-0.7096875,0.2424891,0.5869362
408.984796047,-0.2992947,-0.7158523,0.2357199,0.5822731
409.019859791,-0.2977845,-0.7214828,0.2292839,0.5786569
409.052419186,-0.2945196,-0.7268752,0.2238557,0.5756968
409.084978104,-0.2893178,-0.7324969,0.219341,0.5729406
409.120041370,-0.2834254,-0.739274,0.2150836,0.5687801
409.152600288,-0.278681,-0.7459435,0.2116083,0.5636973
409.185160160,-0.2747469,-0.752668,0.2077531,0.5580963
409.252782822,-0.2710191,-0.7660246,0.1986652,0.5448988
409.285341740,-0.2704901,-0.7714766,0.1932659,0.5393838
409.317900658,-0.2710539,-0.7765002,0.1881746,0.5336621
409.352964878,-0.2701269,-0.7822841,0.1825711,0.527597
409.385523796,-0.2688493,-0.786388,0.1767008,0.5241359
409.418083191,-0.2682703,-0.7890459,0.1719904,0.5220006
409.453146935,-0.2656083,-0.791335,0.1661115,0.5218006
409.485705853,-0.2622402,-0.7935504,0.1604963,0.521897
409.518265247,-0.258923,-0.7947528,0.1553118,0.5232904
409.553328991,-0.2552537,-0.7945235,0.1496625,0.5270737
409.585887909,-0.2502517,-0.7936687,0.1437037,0.5323918
409.618447304,-0.2446554,-0.7931088,0.1373827,0.5374717
409.651006222,-0.2387938,-0.7926996,0.1319519,0.5420528
409.686069965,-0.2317053,-0.7931541,0.1274672,0.5455264
409.718629360,-0.2248773,-0.7940372,0.1251862,0.5476233
409.751188278,-0.2162319,-0.7954723,0.1239465,0.5493019
409.786252022,-0.2061306,-0.7971869,0.1216806,0.551203
409.818811417,-0.198175,-0.7982998,0.1198121,0.5529168
409.851370335,-0.1924116,-0.7988929,0.1181538,0.5544504
409.886434078,-0.1888752,-0.7989056,0.1166844,0.5559574
409.918993473,-0.1869591,-0.798915,0.1156569,0.5568053
409.951552391,-0.1843029,-0.7994414,0.1138308,0.5573115
409.986616611,-0.1808461,-0.8004265,0.1116067,0.5574799
410.019175529,-0.1754608,-0.801705,0.1094053,0.5577999
410.051734447,-0.1669208,-0.8038754,0.1055979,0.5580308
410.084293842,-0.1565528,-0.8067518,0.1019659,0.5575602
410.119357586,-0.1449088,-0.8096828,0.09871684,0.5570439
410.151916981,-0.1337444,-0.8114672,0.09594277,0.5577241
410.184475899,-0.1227082,-0.8111468,0.093613,0.5611131
410.219539642,-0.1109781,-0.8095292,0.09115463,0.5662727
410.252099037,-0.1003929,-0.8079597,0.08816624,0.5709437
410.284657955,-0.09072964,-0.8065133,0.08584973,0.5749451
410.319721699,-0.08355987,-0.8048768,0.08403482,0.5785819
410.352281094,-0.08094191,-0.8041518,0.083159,0.5800865
410.384840012,-0.08288701,-0.804358,0.08357948,0.5794654
410.419903755,-0.08669136,-0.804765,0.08506007,0.5781267
410.452463150,-0.08693436,-0.8043444,0.08602303,0.5785329
410.485022068,-0.08170246,-0.8031907,0.08602801,0.5808926
410.517581463,-0.0759768,-0.8011552,0.08485439,0.5846413
410.552644253,-0.0739041,-0.798429,0.0836031,0.5888019
410.585204125,-0.07387831,-0.7959469,0.08386198,0.5921193
410.617763519,-0.07510032,-0.7944055,0.08649284,0.5936551
410.652826309,-0.07386866,-0.7924653,0.08908907,0.5960143
410.685385704,-0.06938187,-0.7917075,0.09004125,0.5974157
410.717944622,-0.06719492,-0.7907354,0.09380595,0.5983732
410.753008842,-0.06835928,-0.7927295,0.09837634,0.5948586
410.785567760,-0.06996891,-0.791236,0.1000267,0.5963827
410.818127155,-0.07244591,-0.7941337,0.09528696,0.593002
410.853190899,-0.07640539,-0.7895809,0.09646855,0.5983692
410.885749817,-0.07479586,-0.7844322,0.09698737,0.6052213
410.918309212,-0.07518059,-0.7855763,0.09731675,0.6036348
410.953372955,-0.07767035,-0.7847034,0.0996813,0.604069
410.985931873,-0.07927959,-0.7847048,0.100713,0.6036869
411.018491268,-0.08219349,-0.7845046,0.1021536,0.6033151
411.051050186,-0.08464491,-0.7843453,0.1031602,0.603012
411.086113930,-0.08759256,-0.7844665,0.1032389,0.6024196
411.118673325,-0.09037612,-0.7840543,0.1027245,0.6026328
411.151232243,-0.09347474,-0.783361,0.1022901,0.6031355
411.186295986,-0.0962123,-0.7824243,0.1025131,0.6038826
411.218855381,-0.09782906,-0.7819621,0.1030701,0.6041266
411.251414299,-0.09836943,-0.782234,0.104101,0.6035098
411.286478043,-0.09816537,-0.7830893,0.1060454,0.6020937
411.319037438,-0.09760981,-0.7843659,0.1075576,0.6002511
411.351596356,-0.09612438,-0.786072,0.1088385,0.5980241
411.386660099,-0.09341629,-0.7877654,0.1096884,0.5960665
411.419219494,-0.08962847,-0.7899454,0.1103593,0.5936341
411.451778412,-0.08398378,-0.7928802,0.1086522,0.5908554
411.484337807,-0.07731824,-0.7961119,0.1058948,0.5879131
411.519401550,-0.07282231,-0.7982129,0.1055035,0.5857046
411.551960468,-0.07099685,-0.7988177,0.1082188,0.5846077
411.584519863,-0.06911532,-0.799567,0.1100512,0.5834656
411.619583607,-0.066445,-0.8009433,0.1093962,0.5820094
411.652143001,-0.06676734,-0.8021624,0.1094766,0.580276
411.684701919,-0.07101136,-0.8030819,0.1120708,0.5780007
411.719765663,-0.07621492,-0.8038846,0.1159314,0.5754551
411.752325058,-0.08213777,-0.8041078,0.1194569,0.5736042
411.784883976,-0.08888583,-0.8043374,0.1234331,0.5714303
411.819947720,-0.09675462,-0.803263,0.1310378,0.5699683
411.852507114,-0.1042838,-0.802151,0.1383889,0.5684671
411.885066032,-0.1102494,-0.8016434,0.1453482,0.5663166
411.917625427,-0.113513,-0.8018988,0.1513801,0.5637242
411.952689171,-0.114554,-0.8028423,0.1559608,0.5609151
411.985248089,-0.11408,-0.8037654,0.159153,0.5587888
412.017807484,-0.1126677,-0.8049672,0.1612587,0.5567379
412.052871227,-0.111422,-0.8065525,0.1632958,0.5540944
412.085430145,-0.1111457,-0.807851,0.1659659,0.5514585
412.117989540,-0.1109672,-0.809762,0.168972,0.5477663
412.153053284,-0.1064912,-0.8116152,0.169733,0.5456729
412.185612202,-0.09541546,-0.8150911,0.1652568,0.5439119
412.218171597,-0.08000145,-0.8201901,0.1592033,0.5405275
412.253235340,-0.06117463,-0.8254163,0.1509484,0.5373899
412.285794258,-0.04800965,-0.8306006,0.1442728,0.5325512
412.318353653,-0.04344814,-0.8352293,0.1469705,0.5249111
412.350912571,-0.03654866,-0.839384,0.1522694,0.5172431
412.418535709,-0.004165271,-0.8526042,0.1423202,0.499421
412.451095104,0.004374384,-0.8603724,0.1399004,0.4866168
412.486158848,0.0104131,-0.8682503,0.1433221,0.4712955
412.518717766,0.02161874,-0.8755493,0.1429551,0.4573158
412.551277161,0.03299105,-0.8825248,0.138904,0.4442916
412.586340904,0.03886881,-0.8875237,0.1361015,0.4346204
412.618899822,0.04247595,-0.8891789,0.1318297,0.4322099
412.651459217,0.04419897,-0.8854163,0.1227894,0.4423063
412.686522961,0.04510278,-0.8764954,0.1131303,0.4621156
412.719081879,0.0534448,-0.8728499,0.10693,0.4695427
412.751641273,0.06191997,-0.8718834,0.1017888,0.471436
412.786705017,0.07447384,-0.8700987,0.09647983,0.4740268
412.819263935,0.08223357,-0.8681691,0.09442823,0.4766875
412.851823330,0.08610632,-0.8653415,0.09406123,0.4811965
412.884382248,0.08937036,-0.8631119,0.09333035,0.4847347
412.919445991,0.09073411,-0.8612398,0.09252654,0.4879549
412.952005386,0.08980069,-0.8597567,0.09417468,0.4904214
412.984564304,0.09061059,-0.8577551,0.09642652,0.4933311
413.019628048,0.09468501,-0.8555955,0.09726324,0.4961439
413.052187443,0.101799,-0.8532279,0.09710504,0.4988362
413.084746361,0.110007,-0.8508303,0.09634533,0.5013298
413.119810581,0.1173839,-0.8488822,0.09510599,0.5031924
413.152369499,0.1217774,-0.8476414,0.09434044,0.5043827
413.184928417,0.1240878,-0.8468704,0.09424188,0.5051327
413.219992638,0.1261088,-0.8458749,0.09460685,0.5062308
413.252551556,0.1263734,-0.8452573,0.09526319,0.5070723
413.285110951,0.1259558,-0.845041,0.0957094,0.5074527
413.317669869,0.1275794,-0.844065,0.09669746,0.5084831
413.352733612,0.1302077,-0.8430121,0.09662178,0.5095767
413.385293007,0.1304753,-0.842975,0.09641335,0.509609
413.417851925,0.1286503,-0.8435953,0.09734327,0.5088695
413.452915669,0.1277845,-0.8443071,0.09914971,0.5075568
413.485475063,0.1292044,-0.8439371,0.1005034,0.5075464
413.518033981,0.1314799,-0.8435768,0.1005947,0.5075427
413.553097725,0.1323497,-0.8432745,0.1009709,0.5077442
413.585657120,0.131125,-0.8433824,0.1017473,0.5077277
413.618216038,0.13012,-0.8436385,0.1024847,0.5074123
413.653279781,0.1302543,-0.8436761,0.1036546,0.5070778
413.685839176,0.1316493,-0.8433225,0.1046154,0.5071084
413.718398094,0.1327835,-0.8429614,0.1048568,0.5073631
413.750957489,0.1315734,-0.8434193,0.1054486,0.5067945
413.786021233,0.1304106,-0.8433591,0.1067525,0.5069221
413.818580151,0.1315528,-0.842968,0.1070849,0.5072075
413.851139545,0.1332857,-0.8424324,0.107286,0.5076023
413.886203289,0.1349528,-0.8415061,0.1074752,0.5086572
413.918762207,0.1357657,-0.8413185,0.1072844,0.5087914
413.951321602,0.1336556,-0.8421321,0.1079725,0.5078577
413.986385345,0.1261798,-0.8444214,0.1102639,0.5054707
414.018944740,0.1186227,-0.8462442,0.1132608,0.5035863
414.051503658,0.1158038,-0.8466064,0.1154388,0.5031389
414.086567402,0.1199955,-0.8447934,0.1149134,0.5053196
414.119126797,0.1229381,-0.8430958,0.1133698,0.50779
414.151685715,0.1233454,-0.8421341,0.1142235,0.5090943
414.186749458,0.1260523,-0.8411656,0.1155067,0.5097424
414.219308853,0.1300535,-0.840346,0.1161623,0.5099401
414.251867771,0.1325425,-0.839722,0.116983,0.5101394
414.284427166,0.132413,-0.8397546,0.1177111,0.5099518
414.319490910,0.1309426,-0.8402187,0.1181578,0.5094635
414.352049828,0.1284556,-0.8408071,0.1190232,0.5089241
414.384609223,0.1267653,-0.8412235,0.1203149,0.5083558
414.419672966,0.1269079,-0.8410881,0.1211746,0.5083399
414.452231884,0.1275842,-0.8411897,0.1214938,0.5079262
414.484791279,0.1270736,-0.8413491,0.122538,0.5075395
414.519855023,0.1264659,-0.8414211,0.1235466,0.5073273
414.552413941,0.1253513,-0.842009,0.1238686,0.5065492
414.584973335,0.1220542,-0.8430153,0.1250542,0.5053882
414.620037079,0.1185413,-0.8437294,0.1263903,0.5046998
414.652595997,0.1163623,-0.8444104,0.1267518,0.5039767
414.685155392,0.1137288,-0.84522,0.1277836,0.5029593
414.717714310,0.111684,-0.846092,0.1287105,0.5017134
414.752778530,0.11029,-0.8470311,0.1291303,0.5003276
414.785337448,0.1092764,-0.8476599,0.1297552,0.4993222
414.817896366,0.1090379,-0.8480701,0.1302012,0.4985612
414.852960587,0.107978,-0.8486018,0.1306424,0.4977711
414.885519505,0.1063543,-0.848902,0.1313728,0.4974165
414.918078899,0.1042999,-0.849019,0.1321446,0.4974472
414.953142643,0.1024376,-0.8490495,0.1328761,0.4975872
414.985701561,0.1006451,-0.8489361,0.1335585,0.4979638
415.018260956,0.09884593,-0.8489522,0.1338961,0.4982059
415.053324699,0.09666135,-0.8492274,0.1343163,0.4980524
415.085883617,0.09485887,-0.8494089,0.1351676,0.4978591
415.118443012,0.09464036,-0.8497054,0.135632,0.4972683
415.151001930,0.09490161,-0.8498764,0.1358503,0.4968663
415.186065674,0.09342044,-0.8505014,0.1360298,0.4960279
415.218625069,0.09029888,-0.8517408,0.1367042,0.4942908
415.251183987,0.08674601,-0.8529499,0.1376753,0.4925698
415.286247730,0.08327171,-0.8538808,0.1384213,0.4913459
415.318807125,0.082401,-0.8539761,0.1383131,0.4913573
415.351366043,0.08327791,-0.8536499,0.1372621,0.4920705
415.386429787,0.08232565,-0.8538204,0.1360989,0.4922579
415.418989182,0.08053794,-0.8542783,0.1361489,0.4917453
415.451548100,0.08106782,-0.8543079,0.1366372,0.491471
415.486611843,0.08327673,-0.8539608,0.1365882,0.4917189
415.519171238,0.08414755,-0.8538076,0.1365585,0.4918447
415.551730156,0.08242445,-0.8536913,0.1366534,0.492312
415.584289551,0.08009187,-0.8539632,0.1368353,0.4921747
415.619353295,0.07976387,-0.8539696,0.1369701,0.4921794
415.651912689,0.07920386,-0.8540281,0.1366685,0.4922521
415.684471607,0.07723021,-0.8543955,0.1362267,0.4920507
415.719535351,0.07174504,-0.8555547,0.1359811,0.4909336
415.752094746,0.06787238,-0.8562728,0.1374618,0.4898187
415.784653664,0.06427626,-0.8561697,0.1390215,0.4900435
415.819717407,0.06185649,-0.8557149,0.1396291,0.4909756
415.852276802,0.06002381,-0.8557836,0.1397482,0.4910498
415.884835720,0.06090812,-0.8554752,0.1405,0.4912634
415.919899464,0.0642386,-0.8541886,0.1410011,0.4929318
415.952458858,0.06631838,-0.8534626,0.1408982,0.4939423
415.985017776,0.06714288,-0.8534892,0.1410292,0.4937475
416.017577171,0.06851949,-0.853452,0.1415523,0.4934729
416.052640915,0.07127011,-0.8529584,0.14146,0.4939629
416.085199833,0.07297345,-0.8524176,0.1409414,0.494795
416.117759228,0.07364152,-0.8518041,0.1409452,0.4957508
416.152822971,0.07551553,-0.8511012,0.1409875,0.4966632
416.185381889,0.07799014,-0.8507869,0.140558,0.4969411
416.217941284,0.07833914,-0.8509101,0.1404923,0.4966937
416.253005028,0.0764045,-0.851504,0.1411381,0.4957933
416.285563946,0.07460371,-0.8521125,0.1416581,0.4948731
416.318123341,0.07464872,-0.8525022,0.1417171,0.4941776
416.353187084,0.0759958,-0.8525131,0.1413331,0.4940634
416.385746479,0.0768206,-0.8524823,0.1407621,0.494152
416.418305397,0.076835,-0.8526161,0.1407169,0.4939318
416.453369141,0.07691935,-0.8526331,0.1411994,0.4937517
416.485928536,0.07774691,-0.8523525,0.141522,0.494014
416.518487454,0.07812988,-0.8518761,0.1415566,0.494765
416.551047325,0.07735272,-0.8517596,0.1414754,0.4951108
416.586110592,0.07640845,-0.8518158,0.1414978,0.4951541
416.618669510,0.07586112,-0.8517706,0.1413737,0.4953517
416.651229381,0.07590974,-0.8518515,0.1414093,0.4951947
416.686292648,0.07674015,-0.8519005,0.14136,0.4949966
416.718852520,0.0763095,-0.8521686,0.1409448,0.4947198
416.751411438,0.07553244,-0.8527662,0.1409799,0.4937986
416.786475182,0.07483269,-0.8532459,0.1409719,0.493078
416.819034576,0.07439188,-0.8533527,0.1406821,0.4930431
416.851593494,0.07431772,-0.8535666,0.1396907,0.4929656
416.886657238,0.07343934,-0.8539932,0.1384641,0.4927044
416.919216633,0.07253616,-0.8543708,0.1372743,0.4925165
416.951775551,0.06876882,-0.8552061,0.1369824,0.4916877
416.984334946,0.06025747,-0.8582551,0.1370522,0.4874539
417.019398689,0.04858572,-0.8608276,0.1396393,0.4834706
417.051957607,0.03764416,-0.8621401,0.1429053,0.4811477
417.084517002,0.02751648,-0.8632357,0.144408,0.4794174
417.119580746,0.01586225,-0.8654492,0.1445968,0.4758836
417.152139664,0.001399531,-0.866378,0.1461825,0.4739679
417.184699059,-0.0145012,-0.8658154,0.150513,0.4734205
417.252321720,-0.01904027,-0.863503,0.1501756,0.477572
417.284881115,-0.01411116,-0.8626342,0.1463539,0.4804905
417.319944859,-0.01142848,-0.8620232,0.1443865,0.4822508
417.352504253,-0.01014547,-0.8626463,0.1431789,0.4815246
417.385063171,-0.01164272,-0.8640836,0.1427257,0.4790418
417.417622089,-0.014358,-0.8648864,0.144076,0.4771113
417.452686310,-0.01595787,-0.8652274,0.1442491,0.4763895
417.485245228,-0.01824955,-0.8653804,0.144142,0.4760613
417.517804623,-0.02108082,-0.8652969,0.1448754,0.4758735
417.552868366,-0.02245662,-0.8653105,0.1447077,0.4758369
417.585427284,-0.02382728,-0.865738,0.1435174,0.4753532
417.617986679,-0.02757484,-0.8667477,0.1427211,0.4735466
417.653050423,-0.03395722,-0.8678731,0.14359,0.4708001
417.685609341,-0.03944338,-0.8686075,0.1451968,0.4685197
417.718168735,-0.04312882,-0.8691461,0.145822,0.4669996
417.753232479,-0.04495521,-0.869671,0.1456095,0.4659153
417.785791397,-0.04697961,-0.870445,0.1450205,0.4644515
417.818350792,-0.04876705,-0.8711936,0.1452432,0.4627908
417.850909710,-0.04711374,-0.8717253,0.1449422,0.4620548
417.885973453,-0.04341403,-0.8717888,0.1437569,0.4626676
417.918532848,-0.04099261,-0.8716961,0.1425222,0.4634445
417.951092720,-0.03947685,-0.8717103,0.1414022,0.463892
417.986155510,-0.03756283,-0.8713712,0.1409949,0.4648113
418.018715382,-0.03405099,-0.8703854,0.1410295,0.4669133
418.051274776,-0.02751332,-0.8690467,0.141491,0.4696902
418.086338520,-0.0148866,-0.866479,0.1410861,0.4750946
418.118897438,-0.001177699,-0.8640059,0.1381081,0.4806727
418.151456833,0.01105304,-0.8618199,0.1345337,0.4854612
418.186520577,0.0214969,-0.8595477,0.1325131,0.489677
418.219079495,0.03143635,-0.8573117,0.1319838,0.4931899
418.251638889,0.04324961,-0.8550484,0.1297183,0.4968125
418.286702633,0.0574118,-0.8523523,0.1263665,0.5008579
418.319262028,0.06809762,-0.8498042,0.1235856,0.5045294
418.351820946,0.07249685,-0.8484394,0.1226927,0.5064276
418.384379864,0.07151946,-0.8482442,0.1233714,0.5067286
418.419444084,0.06888328,-0.8488268,0.1234591,0.5060966
418.452003002,0.06670053,-0.8493427,0.1236326,0.5054806
418.484562397,0.06536051,-0.8494875,0.1243999,0.5052241
418.519626141,0.06463721,-0.8493394,0.1241768,0.5056208
418.552185059,0.06245454,-0.8495425,0.1228301,0.5058829
418.584744454,0.05702813,-0.8504777,0.122666,0.5049914
418.619808197,0.05205875,-0.8517063,0.1237365,0.503193
418.652367115,0.0497565,-0.8528919,0.1244277,0.5012434
418.684926510,0.04820457,-0.8550214,0.1221457,0.49832
418.719990253,0.03758569,-0.8572943,0.1249035,0.4946318
418.752549171,0.02798643,-0.8591101,0.1274718,0.4914522
418.785108566,0.02256402,-0.8603892,0.1274752,0.4894884
418.817667484,0.01654872,-0.8613879,0.1267516,0.4881585
418.852731228,0.006432394,-0.8628372,0.1274968,0.4856365
418.885290623,-0.002357618,-0.8637381,0.1302251,0.4833427
418.917849541,-0.007705288,-0.8640935,0.132129,0.4821335
418.952913284,-0.009269729,-0.864372,0.1321623,0.4815972
418.985473156,-0.009329304,-0.8646321,0.1316389,0.4812727
419.018032551,-0.007431769,-0.8648072,0.1309538,0.4811779
419.053096294,-0.006263257,-0.8651746,0.1296497,0.4808871
419.085655212,-0.01016273,-0.8655133,0.1307462,0.4799131
419.118214607,-0.0136726,-0.8656402,0.1323074,0.4791685
419.153278351,-0.0149597,-0.865626,0.1315861,0.4793543
419.185837269,-0.01812522,-0.8655672,0.1317114,0.4793168
419.218396664,-0.02127034,-0.8656478,0.1330888,0.4786614
419.250955582,-0.02217077,-0.8658666,0.1332754,0.4781726
419.286019802,-0.02295268,-0.866223,0.133297,0.4774836
419.318578720,-0.02416769,-0.8666102,0.1335853,0.4766397
419.351137638,-0.02529333,-0.8666999,0.133834,0.4763483
419.386201859,-0.02596635,-0.8666717,0.1337047,0.4763999
419.418760777,-0.026539,-0.8668983,0.1332626,0.4760796
419.451320171,-0.02881643,-0.8671263,0.1336101,0.4754342
419.486383915,-0.03148451,-0.8675132,0.1340701,0.4744285
419.518942833,-0.0295963,-0.8686274,0.1330502,0.4727959
419.551502228,-0.02871522,-0.8696043,0.131703,0.4714296
419.586565972,-0.03108241,-0.8700495,0.1324026,0.4702607
419.619124890,-0.03077776,-0.870208,0.1326975,0.4699039
419.651684284,-0.02814689,-0.8693082,0.1310471,0.4721919
419.684243202,-0.02647833,-0.8685858,0.1287994,0.474232
419.719306946,-0.0297486,-0.8677647,0.1289354,0.4755026
419.751866341,-0.02927884,-0.8668416,0.130603,0.4767588
419.784426212,-0.02165909,-0.8652776,0.1308896,0.4799178
419.819489002,-0.0113543,-0.8635116,0.1285187,0.484076
419.852048874,-0.005323273,-0.8627743,0.1263472,0.4860619
419.884608269,-0.004155478,-0.8627467,0.1252398,0.4864089
419.919672012,-0.00826176,-0.8629318,0.1263537,0.4857396
419.952230930,-0.002092127,-0.8628066,0.124677,0.4864604
419.984790325,0.005941151,-0.8625535,0.122116,0.4875261
420.019854069,0.01471963,-0.8620957,0.1180425,0.4891503
420.052412987,0.01988611,-0.8619803,0.1136823,0.4902027
420.084972382,0.01435564,-0.8614368,0.1164064,0.4907116
420.117531300,0.01377558,-0.8612162,0.1190698,0.4904762
420.152595043,0.01722103,-0.8616554,0.1185754,0.4897152
420.185154438,0.01788683,-0.8616616,0.1194302,0.4894725
420.217713356,0.01888794,-0.8613242,0.1194004,0.490036
420.252777577,0.02053804,-0.8607504,0.1188012,0.4911219
420.285336495,0.02285441,-0.8598579,0.1186523,0.492617
420.317895413,0.02702432,-0.8588582,0.1181703,0.4942627
420.352959633,0.03245638,-0.8577037,0.1180545,0.4959657
420.385518551,0.03795581,-0.8564995,0.1182522,0.4976065
420.418077946,0.0422991,-0.8556479,0.1178276,0.4988204
420.453141689,0.04450006,-0.8551922,0.1174315,0.4995031
420.485700607,0.0446539,-0.8550642,0.1179672,0.4995827
420.518260479,0.04436405,-0.8552644,0.1185714,0.4991224
420.553324223,0.04367689,-0.8555881,0.1188656,0.4985579
420.585883618,0.04233583,-0.8557972,0.1192991,0.4982109
420.618442536,0.04145069,-0.8559663,0.1195946,0.4979242
420.651001930,0.04108622,-0.8559931,0.1196008,0.4979067
420.686065674,0.04147983,-0.8556276,0.1198481,0.4984427
420.718624592,0.04316255,-0.8549335,0.1201063,0.4994275
420.751183987,0.04552394,-0.8540814,0.120076,0.5006816
420.786247730,0.04894689,-0.8535563,0.1201305,0.5012406
420.818806648,0.04929956,-0.8542434,0.1204143,0.4999659
420.851366043,0.04451138,-0.8557118,0.1220283,0.4975067
420.886429787,0.04240108,-0.8564553,0.1236583,0.4960069
420.918988705,0.04415137,-0.8558059,0.1228163,0.4971828
420.951548100,0.04503265,-0.8544388,0.1216489,0.4997355
420.986611843,0.0456374,-0.853597,0.1203655,0.5014274
421.019170761,0.04357648,-0.8543842,0.1185519,0.5007014
421.051730156,0.03933297,-0.8555034,0.1196436,0.4988787
421.084289074,0.03805581,-0.8558401,0.1213198,0.4979944
421.119352818,0.04149503,-0.8549699,0.1214035,0.4991929
421.151912689,0.04407314,-0.8537838,0.1210406,0.5010865
421.184472084,0.04496944,-0.8529294,0.1215467,0.5023378
421.219535828,0.04944453,-0.8516834,0.1210446,0.5041494
421.252094746,0.05565563,-0.8503385,0.1188243,0.5062959
421.284654141,0.05735335,-0.849727,0.1165316,0.507664
421.319717884,0.05519412,-0.8495381,0.1175466,0.5079853
421.352276802,0.05209129,-0.8501408,0.1176818,0.507273
421.384836197,0.04914915,-0.8516131,0.1184843,0.5049046
421.419899941,0.04633929,-0.8525628,0.1198133,0.5032513
421.452459335,0.04701814,-0.8525354,0.1193886,0.5033358
421.485018253,0.04623691,-0.8528324,0.1168945,0.5034904
421.517577171,0.03925236,-0.8538878,0.1165641,0.5023698
421.552641392,0.02923558,-0.8544455,0.1206984,0.5011265
421.585200310,0.02788113,-0.8541478,0.1214512,0.5015293
421.617759705,0.02824784,-0.8544644,0.1199209,0.5013375
421.652823448,0.02568417,-0.8549611,0.119936,0.5006245
421.685382366,0.02315357,-0.8551891,0.1206112,0.5001961
421.717942238,0.02296134,-0.8553102,0.1201895,0.5000995
421.753005505,0.02280585,-0.8554068,0.1201753,0.4999448
421.785565376,0.02140068,-0.8557361,0.1200377,0.499476
421.818124294,0.01844909,-0.8564569,0.1202153,0.4983145
421.853188038,0.0142805,-0.8575859,0.1207826,0.4963685
421.885747433,0.01032533,-0.8587403,0.1213877,0.494319
421.918306351,0.007556317,-0.8594921,0.1217393,0.4929743
421.950865746,0.006818992,-0.8595638,0.1219658,0.4928037
421.985929489,0.005861867,-0.8594238,0.121805,0.4931001
422.018488407,0.005500406,-0.8592159,0.1213836,0.49357
422.051047802,0.005711901,-0.8589643,0.1209789,0.4941046
422.086111546,0.006750515,-0.8587595,0.1209281,0.4944601
422.118670464,0.008005114,-0.8587964,0.1207297,0.4944255
422.151229858,0.007138904,-0.8592428,0.1207263,0.4936637
422.186293602,0.005327548,-0.8598861,0.1209158,0.4925188
422.218852520,0.003636367,-0.8603683,0.1212564,0.4916073
422.251412392,0.002516122,-0.8606216,0.1213813,0.4911399
422.286475658,0.0008162579,-0.8609986,0.1216219,0.4904249
422.319035530,-0.001047812,-0.8619394,0.1213322,0.4888412
422.351594448,-0.004307073,-0.8628886,0.1209758,0.4872344
422.386658192,-0.002062505,-0.8630148,0.1211819,0.4869744
422.419217587,0.002716298,-0.861743,0.1212296,0.489206
422.451776505,0.01292044,-0.8594757,0.1202793,0.4932495
422.484335899,0.02736528,-0.8566545,0.1165568,0.4984339
422.519399643,0.04108191,-0.8533217,0.1140056,0.5037705
422.551958561,0.05376349,-0.8500668,0.1141638,0.5080258
422.584517956,0.06764893,-0.8470221,0.1128649,0.511729
422.619581700,0.07942412,-0.8443154,0.1103582,0.5150456
422.652141094,0.08535848,-0.842151,0.1091279,0.5178943
422.684700012,0.08726394,-0.8401139,0.1089841,0.5209066
422.719763756,0.08627442,-0.8382054,0.1097587,0.5239745
422.752323151,0.08973146,-0.8354946,0.1089435,0.5278788
422.784882545,0.09620114,-0.8325927,0.1062862,0.5318512
422.819946766,0.1018792,-0.830033,0.1024967,0.5355259
422.852505684,0.1069631,-0.8287317,0.09786461,0.537413
422.885065079,0.1076542,-0.829138,0.09313322,0.5374893
422.917623997,0.1006179,-0.8310389,0.09516335,0.5355577
422.952687740,0.09860103,-0.8325153,0.09618149,0.5334537
422.985247135,0.09794772,-0.8335036,0.09499488,0.532242
423.017806053,0.09436301,-0.8343174,0.09667435,0.5313115
423.052869797,0.09308515,-0.8343722,0.09749241,0.5313014
423.085429192,0.09453662,-0.8337142,0.09753112,0.5320703
423.117988110,0.09724986,-0.832872,0.09671422,0.5330487
423.153051853,0.09818134,-0.8320108,0.09554651,0.5344316
423.185611248,0.09887433,-0.831563,0.09554035,0.5350015
423.218170166,0.1007421,-0.8309613,0.09495095,0.5356926
423.253233910,0.102175,-0.8301794,0.09470455,0.5366761
423.285793781,0.1033015,-0.829702,0.09469607,0.5371999
423.318353176,0.1027894,-0.8297598,0.0960741,0.5369641
423.350912094,0.1021499,-0.8299479,0.09871435,0.5363163
423.385975838,0.1026393,-0.8297859,0.09796953,0.5366099
423.418535233,0.1000837,-0.8298798,0.09855983,0.5368394
423.451094151,0.09983441,-0.8298855,0.0978404,0.5370085
423.486157894,0.1017827,-0.8298693,0.09559596,0.5370722
423.518717289,0.1034467,-0.8295903,0.09425315,0.5374224
423.551276207,0.1025234,-0.8296718,0.09581445,0.5371974
423.586339951,0.1044108,-0.829695,0.09588681,0.5367849
423.618899346,0.103572,-0.8300332,0.09630836,0.5363488
423.651458263,0.1023289,-0.830296,0.09771764,0.5359258
423.686522484,0.1018357,-0.8302526,0.09806642,0.5360231
423.719081879,0.100227,-0.8305073,0.0988151,0.5357942
423.751641273,0.1002883,-0.830506,0.09792226,0.5359487
423.784200191,0.1011916,-0.8303045,0.09633576,0.5363784
423.819263935,0.1004886,-0.8300719,0.09720608,0.5367135
423.851823330,0.1006422,-0.8300794,0.09771069,0.5365814
423.884382248,0.1002588,-0.8303704,0.09703958,0.5363248
423.919446468,0.0989342,-0.8306795,0.09661254,0.5361693
423.952005386,0.09705313,-0.8309559,0.09720229,0.535978
423.984564781,0.09561028,-0.8309225,0.09921526,0.5359204
424.019628525,0.09609894,-0.8307944,0.10149,0.5356055
424.052187443,0.09756491,-0.8307719,0.1016439,0.535346
424.084746838,0.09788274,-0.8308574,0.1000593,0.5354539
424.119810581,0.09430587,-0.8310201,0.1001001,0.5358353
424.152370453,0.09456881,-0.8308381,0.09913439,0.5362509
424.184929371,0.09595732,-0.8304647,0.09845172,0.5367082
424.217488766,0.09539614,-0.8302922,0.1001214,0.5367662
424.252552509,0.09571397,-0.8303129,0.1005768,0.5365923
424.285111427,0.09481686,-0.8302527,0.1010434,0.5367572
424.317670822,0.09359222,-0.8299789,0.1032583,0.536974
424.352734566,0.09496289,-0.8294367,0.1015883,0.5378888
424.385293484,0.09524449,-0.8288378,0.1013435,0.5388076
424.417852879,0.09679946,-0.828676,0.1000227,0.539026
424.452916622,0.09717851,-0.8285565,0.09927968,0.539279
424.485475540,0.09829599,-0.828406,0.09862587,0.5394276
424.518035412,0.1009874,-0.8284076,0.09675948,0.5392659
424.553099156,0.09871463,-0.8288518,0.09666572,0.5390209
424.585658550,0.09964395,-0.8294686,0.09586508,0.5380433
424.618217468,0.0964302,-0.8300225,0.09630591,0.5376958
424.653281212,0.09401938,-0.8313478,0.09477166,0.5363463
424.685840607,0.09106699,-0.8330352,0.09184668,0.5347441
424.718399525,0.08294345,-0.8351432,0.09267974,0.5326297
424.750958919,0.0785149,-0.8371809,0.09376347,0.5299053
424.786022663,0.08068962,-0.8390867,0.0890444,0.5273723
424.818581581,0.07901023,-0.8405949,0.08528538,0.5258438
424.851140976,0.06015079,-0.8430573,0.09774873,0.5222155
424.886204720,0.03567311,-0.8451017,0.1208145,0.5162965
424.918764591,0.02076924,-0.8464631,0.1318185,0.5121722
424.951323509,0.01494252,-0.8473087,0.1319028,0.5109541
424.986387253,0.01378527,-0.8484844,0.1260737,0.510507
425.018946648,0.009982827,-0.8495362,0.1224344,0.5097312
425.051505566,0.00686551,-0.8497362,0.1208371,0.5098307
425.086569309,0.007266041,-0.8492958,0.1194203,0.5108917
425.119128704,0.008510671,-0.8489981,0.1181995,0.5116506
425.151687622,0.008539314,-0.8487402,0.1173774,0.512267
425.184247017,0.00944879,-0.8486643,0.1168489,0.5124975
425.219310761,0.009595887,-0.8495063,0.1162259,0.5112399
425.251870155,0.00558524,-0.8505747,0.1185221,0.5089909
425.284429550,0.002169533,-0.8520045,0.1193048,0.5064363
425.319493771,-0.001755051,-0.8536115,0.1206143,0.5034127
425.352052689,-0.004427995,-0.8547833,0.1213384,0.5012291
425.384611607,-0.003402347,-0.855638,0.1194838,0.5002232
425.419675827,-0.002772212,-0.8556076,0.1181742,0.5005901
425.452234745,-0.001405971,-0.8548483,0.117112,0.5021403
425.484794140,0.001823255,-0.854584,0.1149506,0.5030872
425.519857884,0.00534048,-0.8544542,0.1136012,0.5035891
425.552416802,0.009386031,-0.8543237,0.1117353,0.5041685
425.584976196,0.006627049,-0.8541538,0.1120135,0.5044383
425.617535114,0.003070258,-0.854796,0.1136538,0.5030158
425.652598858,2.493034E-05,-0.8562577,0.1132782,0.5006181
425.685158729,-0.004242856,-0.8571581,0.1155392,0.4985381
425.717718124,-0.002780798,-0.8577832,0.1158758,0.4973938
425.752781868,-0.0001004225,-0.8575322,0.1149177,0.4980564
425.785340786,0.002670317,-0.8567228,0.1140299,0.4996437
425.817900181,0.006367948,-0.8560402,0.1112538,0.501403
425.852963924,0.006698464,-0.8555018,0.110104,0.5025699
425.885522842,0.006530651,-0.8552798,0.1113281,0.5026804
425.918082237,0.009362669,-0.8555772,0.1100611,0.5024086
425.953145981,0.009577438,-0.855482,0.1097054,0.5026442
425.985704899,0.01205575,-0.8550189,0.1084872,0.5036424
426.018264771,0.01713673,-0.854247,0.1049143,0.5055583
426.050824165,0.01787795,-0.8530518,0.1048412,0.507562
426.085887909,0.02017676,-0.8516544,0.1082671,0.5091009
426.118446827,0.02594978,-0.850752,0.1071127,0.5105901
426.151006222,0.02885784,-0.8498867,0.1065262,0.5119959
426.186069965,0.03142377,-0.8489215,0.1063108,0.5134886
426.218628883,0.03469563,-0.8478613,0.1050193,0.5152923
426.251188278,0.03696751,-0.8469556,0.1041827,0.5167914
426.286252022,0.03973103,-0.8463804,0.1032328,0.5177183
426.318810940,0.0421084,-0.846148,0.1020017,0.5181543
426.351370812,0.04290163,-0.8458043,0.1022163,0.5186078
426.386434555,0.0428894,-0.8456655,0.1023992,0.5187991
426.418993950,0.03768712,-0.8463603,0.1044372,0.5176625
426.451552868,0.03312142,-0.8477591,0.1055268,0.5154603
426.486616612,0.02936368,-0.8494105,0.104735,0.5131257
426.519176006,0.02429935,-0.8506683,0.1059551,0.511052
426.551734924,0.01939886,-0.8516197,0.1076648,0.5093169
426.584294319,0.01628675,-0.8525123,0.1075656,0.5079514
426.619358063,0.01329218,-0.8531337,0.1077876,0.5069475
426.651916981,0.01201716,-0.8536553,0.1078699,0.506083
426.684476852,0.01374846,-0.8543052,0.1070076,0.5051244
426.719540596,0.01269648,-0.8547845,0.1077167,0.5041896
426.752099991,0.00670062,-0.8557746,0.10956,0.5022243
426.784658909,-7.934105E-05,-0.8566084,0.1114727,0.5004236
426.819723129,-0.009155661,-0.8564705,0.1171095,0.4992872
426.852282047,-0.002141949,-0.8561672,0.1143807,0.5005175
426.884841442,0.005999422,-0.8548864,0.1095909,0.5037369
426.919905186,0.009870278,-0.8533254,0.1076261,0.5067375
426.952464104,0.008109273,-0.8528945,0.1083529,0.5073388
426.985023975,0.007108196,-0.8527607,0.1089483,0.5074511
427.017582893,0.005768114,-0.8525363,0.1113554,0.5073226
427.052647114,0.006579313,-0.8526587,0.1143168,0.5064477
427.085206032,0.01308584,-0.8536291,0.1103508,0.5055658
427.117765427,0.01781097,-0.8546235,0.1052565,0.504827
427.152829170,0.01852756,-0.8543421,0.1041735,0.5055016
427.185388088,0.01881306,-0.8541955,0.1029089,0.5059976
427.217947483,0.0184372,-0.854836,0.1010724,0.5052994
427.253011227,0.01719016,-0.8554878,0.1003334,0.5043868
427.285571098,0.01508912,-0.8565261,0.09865163,0.5030218
427.318130016,0.01156226,-0.8577025,0.09751415,0.5013297
427.353193760,0.004736701,-0.8581513,0.1001226,0.5001571
427.385753155,0.003786302,-0.8583133,0.1008793,0.4997348
427.418312073,0.006838792,-0.8589194,0.09935036,0.4989668
427.450871468,0.007497414,-0.8596789,0.09796677,0.4979219
427.485935211,0.005161854,-0.8606182,0.09589113,0.4967316
427.518494129,-0.0002583442,-0.8610802,0.09625302,0.4958871
427.551053524,-0.005686201,-0.8616368,0.09660558,0.494818
427.586117268,-0.01018731,-0.8627525,0.0951542,0.4930797
427.618677139,-0.01841686,-0.8631613,0.09640848,0.4918804
427.651236057,-0.02806399,-0.8637993,0.09864938,0.4898563
427.718859196,-0.04398759,-0.8626211,0.1078392,0.4888235
427.751418114,-0.04839497,-0.862079,0.1113823,0.4885685
427.786481857,-0.0545164,-0.8612158,0.1172884,0.4880639
427.819041252,-0.06414923,-0.8593737,0.12745,0.4875921
427.851600170,-0.07033824,-0.8572868,0.1365665,0.487944
427.884160042,-0.07011949,-0.8565118,0.1396659,0.4884589
427.919223785,-0.07000914,-0.8566347,0.1412895,0.4877916
427.951783180,-0.06298607,-0.8578219,0.1381021,0.4875754
427.984342098,-0.04388229,-0.8610426,0.1233956,0.4879357
428.019405842,-0.02805203,-0.8642601,0.1073818,0.4872006
428.051965237,-0.02812039,-0.8658649,0.1037334,0.4851331
428.084524155,-0.03420832,-0.867058,0.1043462,0.4824725
428.119587898,-0.03976288,-0.8669184,0.1058485,0.4819703
428.152147293,-0.03208432,-0.8667241,0.1010189,0.4839242
428.184707165,-0.02423426,-0.8670849,0.09628589,0.484699
428.219770908,-0.03704527,-0.8650872,0.1060556,0.4854193
428.252329826,-0.05265955,-0.8615125,0.1194885,0.4872097
428.284889221,-0.06127142,-0.8593719,0.1281354,0.4877855
428.319952965,-0.07113185,-0.857801,0.1368708,0.4868385
428.352511883,-0.07903673,-0.8560738,0.1445046,0.4864535
428.385071278,-0.08092961,-0.8552794,0.1488676,0.4862238
428.417630196,-0.07242946,-0.8567218,0.1456193,0.4860087
428.452694416,-0.05526251,-0.8595935,0.1333248,0.486721
428.485253811,-0.0367691,-0.8630501,0.115697,0.4868619
428.517813206,-0.03010461,-0.8653247,0.1050462,0.485695
428.552876949,-0.03739732,-0.8666329,0.1057514,0.4826936
428.585435867,-0.04565148,-0.8677104,0.1074626,0.4796603
428.617995262,-0.05177407,-0.8671898,0.1092872,0.479568
428.653059006,-0.05477496,-0.8661721,0.11175,0.4805052
428.685618401,-0.05168261,-0.8661048,0.1090451,0.4815893
428.718177319,-0.05255415,-0.8661434,0.1066535,0.4819611
428.753242016,-0.05668395,-0.8662294,0.1056741,0.4815539
428.785800934,-0.05962784,-0.8664845,0.1052101,0.4808404
428.818359852,-0.06430377,-0.8665309,0.1074182,0.4796648
428.850919247,-0.06763208,-0.8663837,0.1102334,0.4788333
428.885982990,-0.07111242,-0.8657606,0.1135541,0.4786803
428.918542385,-0.07223136,-0.8651983,0.1157541,0.4790024
428.951101303,-0.06735808,-0.8656271,0.112834,0.479634
428.986165047,-0.06635512,-0.8658996,0.1111655,0.4796718
429.018724918,-0.07070692,-0.865612,0.1137308,0.478967
429.051284313,-0.07267168,-0.8652785,0.1151004,0.4789486
429.086348057,-0.07313017,-0.8646664,0.1161978,0.4797184
429.118906975,-0.07313169,-0.8640544,0.1169159,0.4806455
429.151466370,-0.07566806,-0.8633286,0.118137,0.481258
429.186530113,-0.07922477,-0.8625569,0.1210237,0.4813523
429.219089031,-0.07957502,-0.8620192,0.1228179,0.481803
429.251648903,-0.07889098,-0.8620706,0.1231644,0.4817351
429.284208298,-0.08442533,-0.8610998,0.1273414,0.481447
429.319272041,-0.09095278,-0.8596629,0.1331047,0.4812671
429.351830959,-0.09339412,-0.8587623,0.1358042,0.4816532
429.384390354,-0.09381837,-0.8581821,0.1370109,0.4822626
429.419454098,-0.09535068,-0.8576223,0.1385652,0.482514
429.452013016,-0.1026368,-0.8558648,0.1448837,0.4822836
429.484572411,-0.1067065,-0.8544462,0.1497501,0.4824292
429.519636631,-0.1046938,-0.8543794,0.1502955,0.482819
429.552196026,-0.09600345,-0.8560315,0.145025,0.4833103
429.584754944,-0.08350574,-0.8587367,0.135193,0.4836824
429.619818688,-0.06698427,-0.8625171,0.1195126,0.4836548
429.652378082,-0.06306535,-0.8643752,0.1117476,0.48272
429.684937000,-0.06973307,-0.8639706,0.1140304,0.4819924
429.717496395,-0.07026379,-0.8632751,0.1142488,0.4831088
429.752560139,-0.07192425,-0.8623418,0.1164018,0.4840165
429.785120010,-0.07046887,-0.8619596,0.1172524,0.4847054
429.817678928,-0.07102803,-0.8619342,0.1179569,0.4844979
429.852742672,-0.0777482,-0.8609946,0.1226521,0.4839704
429.885302067,-0.08182584,-0.8602826,0.1269309,0.4834611
429.917860985,-0.08142431,-0.8599354,0.1280285,0.483857
429.952924728,-0.08870821,-0.8582513,0.1344078,0.4838363
429.985484123,-0.09499668,-0.8562875,0.1411173,0.4842118
430.018043995,-0.1021576,-0.8535908,0.1493887,0.485033
430.053107739,-0.108274,-0.850593,0.1590964,0.485885
430.085666657,-0.1094282,-0.8493178,0.1637649,0.486306
430.118226051,-0.1124745,-0.8481778,0.1677316,0.4862488
430.153289795,-0.1166946,-0.8471242,0.1714306,0.4858004
430.185848713,-0.1209976,-0.8460598,0.174538,0.4854964
430.218408108,-0.120596,-0.8459598,0.1747119,0.4857079
430.250967979,-0.1144929,-0.8472611,0.1708362,0.4862949
430.286031723,-0.1000073,-0.8502901,0.1608109,0.4876197
430.318590641,-0.08277407,-0.8543796,0.1444896,0.4888093
430.351150036,-0.07459926,-0.8576813,0.133072,0.4875832
430.386213780,-0.07770592,-0.8590847,0.131106,0.485154
430.418772698,-0.07937258,-0.8593147,0.1310467,0.4844921
430.451332092,-0.08232109,-0.859152,0.131193,0.484249
430.486395836,-0.08564621,-0.8586682,0.1324722,0.4841821
430.518955708,-0.08485149,-0.8586568,0.1304918,0.4848798
430.551514626,-0.08928359,-0.8573812,0.132672,0.4857486
430.586578369,-0.09216297,-0.8562908,0.1351143,0.4864607
430.619137764,-0.100583,-0.8548366,0.1418513,0.4854311
430.651696682,-0.1172604,-0.8506983,0.1572182,0.4842236
430.684256077,-0.1293549,-0.846461,0.1714772,0.4837297
430.719319820,-0.1351957,-0.8430605,0.1821265,0.4841782
430.751879692,-0.1409535,-0.8401038,0.1909871,0.4842614
430.784438610,-0.1475901,-0.8372331,0.199299,0.4839064
430.819502354,-0.1508129,-0.8358594,0.2033876,0.4835862
430.852061748,-0.149177,-0.8363589,0.2017303,0.4839241
430.884620666,-0.1386362,-0.839034,0.1943387,0.4854506
430.919684887,-0.1365994,-0.8403531,0.1909724,0.485082
430.952244282,-0.137462,-0.8407298,0.1914626,0.4839912
430.984803677,-0.1352206,-0.8419091,0.1881875,0.4838572
431.019867420,-0.1367881,-0.8410692,0.1893223,0.4844341
431.052426338,-0.1368683,-0.8405594,0.190307,0.4849103
431.084985733,-0.1379245,-0.8399341,0.1912878,0.4853083
431.117544651,-0.1123929,-0.8486429,0.1652729,0.4862978
431.152608871,-0.0413367,-0.8648031,0.1091134,0.4849008
431.185168266,-0.03561262,-0.8696208,0.09440807,0.4797981
431.217727661,-0.0658487,-0.8671502,0.110377,0.47766
431.252791405,-0.07576888,-0.8649704,0.1165759,0.4786681
431.285350800,-0.06378525,-0.8658841,0.1091605,0.480508
431.317909718,-0.05079567,-0.8657767,0.1039218,0.483403
431.352973461,-0.03892321,-0.8642862,0.1011477,0.4877408
431.385532856,-0.03278137,-0.8633162,0.09958725,0.4902251
431.418092251,-0.03278676,-0.8631659,0.09931106,0.4905454
431.453156471,-0.03754022,-0.8634449,0.09997714,0.4895772
431.485715389,-0.04244172,-0.8639264,0.1009649,0.4881227
431.518274784,-0.04566345,-0.8643039,0.1020035,0.4869461
431.550833702,-0.04767115,-0.8645225,0.1024017,0.4862818
431.585897446,-0.04801513,-0.8648331,0.1007213,0.4860466
431.618456841,-0.05338773,-0.8645224,0.1018054,0.4858129
431.651016235,-0.060233,-0.8638781,0.1054925,0.4853718
431.686080456,-0.0635703,-0.8634307,0.1084239,0.4850959
431.718639374,-0.06185811,-0.8632131,0.1084068,0.4857079
431.751198769,-0.06556719,-0.8630182,0.1094717,0.4853289
431.786262512,-0.07414668,-0.8625,0.113624,0.4840594
431.818821430,-0.07794964,-0.862134,0.1166035,0.4834048
431.851381302,-0.07414048,-0.8623332,0.115923,0.483812
431.886445045,-0.07842099,-0.8619971,0.1190217,0.4829831
431.919004440,-0.08474778,-0.8611515,0.124101,0.4821436
431.951563358,-0.1005394,-0.8570732,0.1384847,0.4824594
431.984122753,-0.1136916,-0.8517752,0.1546047,0.4840232
432.019186497,-0.1254964,-0.8466598,0.1693794,0.4851353
432.051745415,-0.1320512,-0.8435782,0.1789022,0.4853454
432.084305286,-0.1275095,-0.8438943,0.178455,0.486174
432.119369030,-0.1288383,-0.8435516,0.179525,0.4860245
432.151928425,-0.122494,-0.8452105,0.1754083,0.4862858
432.184487343,-0.1165657,-0.8467826,0.1714755,0.486411
432.252110481,-0.02040199,-0.8677628,0.09181376,0.4845299
432.284670353,-0.00119306,-0.8718663,0.06799268,0.4815104
432.319734097,-0.01695963,-0.8699921,0.07805874,0.483074
432.352293015,-0.01388679,-0.8672475,0.08391561,0.4871087
432.384852409,0.007389105,-0.8660736,0.0766876,0.4905187
432.419916153,0.02289942,-0.8638982,0.0726008,0.4944818
432.452475071,0.03197988,-0.8611253,0.07358151,0.4986521
432.485034943,0.03724461,-0.8585918,0.07409546,0.502564
432.517594338,0.03974691,-0.8565991,0.07503723,0.5056236
432.552658081,0.04009458,-0.8551307,0.07737279,0.5077255
432.585216999,0.04487449,-0.8540592,0.07712104,0.5091653
432.617776394,0.04524997,-0.8534775,0.07806602,0.509963
432.652840137,0.04272464,-0.8539682,0.08098964,0.5089021
432.685399055,0.04058839,-0.854933,0.08208745,0.5072785
432.717958927,0.03780987,-0.8555285,0.08391109,0.5061898
432.753022671,0.03309204,-0.8560211,0.08852464,0.5048999
432.785582066,0.03397234,-0.8565762,0.09070014,0.503512
432.818140984,0.03393574,-0.8569621,0.08871131,0.5032119
432.853204727,0.03071549,-0.8576319,0.08863344,0.5022908
432.885764122,0.02480962,-0.8579387,0.09011557,0.5018291
432.918323994,0.01818014,-0.8582631,0.09262796,0.5011006
432.950882912,0.01318988,-0.8586216,0.09374571,0.5004342
432.985946655,0.006820354,-0.859023,0.09551979,0.4995365
433.018506050,0.002031367,-0.8600878,0.09619115,0.4976144
433.051064968,-0.002429258,-0.861495,0.09516635,0.4953702
433.086128712,-0.01104626,-0.8628445,0.09776547,0.4923891
433.118688583,-0.01539197,-0.8634019,0.09926157,0.4909938
433.151247978,-0.01410426,-0.8637483,0.09852108,0.4905723
433.186311722,-0.01264188,-0.863563,0.09790169,0.4910622
433.218870640,-0.01146172,-0.8633484,0.09697707,0.4916516
433.251430035,-0.01101774,-0.8630674,0.09668304,0.4922127
433.286493778,-0.01178487,-0.8623823,0.09804941,0.4931248
433.319053650,-0.01092208,-0.8618497,0.09900092,0.4938848
433.351612568,-0.009529145,-0.8617222,0.09907836,0.4941207
433.384171963,-0.009506847,-0.8617323,0.09985381,0.4939475
433.419235706,-0.009574184,-0.8617638,0.1007685,0.4937053
433.451794624,-0.0071335,-0.8617592,0.1003149,0.4938469
433.484354496,-0.004829204,-0.8615706,0.09973285,0.4943217
433.519418240,-0.003493606,-0.8609806,0.09951181,0.4954043
433.551977635,-0.00322687,-0.8605034,0.09883569,0.4963697
433.584536553,-0.004693476,-0.8598315,0.09960776,0.4973667
433.619600296,-0.006629885,-0.859673,0.0997659,0.4975872
433.652159691,-0.009443411,-0.8603076,0.09955479,0.4964858
433.684719562,-0.0145325,-0.8613693,0.1006883,0.4942887
433.719783306,-0.01934418,-0.8624502,0.102518,0.4918568
433.752342224,-0.02204017,-0.8634023,0.1037171,0.4898174
433.784901619,-0.02387949,-0.8651228,0.1044984,0.4865184
433.817460537,-0.0260045,-0.8661261,0.1052841,0.4844507
433.852524281,-0.02755078,-0.8663162,0.1063853,0.483784
433.885084152,-0.02707495,-0.8665954,0.1057873,0.4834419
433.917643547,-0.02810845,-0.866716,0.1054386,0.483243
433.952707291,-0.02872409,-0.8661366,0.1058382,0.4841574
433.985266209,-0.02787251,-0.8657928,0.1043861,0.4851364
434.017825603,-0.02706299,-0.86555,0.1031603,0.4858768
434.052889347,-0.02699928,-0.8650412,0.10261,0.486902
434.085449219,-0.02630861,-0.864814,0.1022011,0.4874292
434.118008137,-0.02604968,-0.864803,0.1022207,0.4874584
434.153071880,-0.02770152,-0.8650062,0.1028417,0.486876
434.185631275,-0.02958051,-0.8655388,0.1037501,0.4856246
434.218190193,-0.0305998,-0.866279,0.1042036,0.4841423
434.253253937,-0.02968046,-0.8666543,0.1048385,0.4833902
434.285813809,-0.02687631,-0.8664201,0.1047746,0.4839873
434.318373203,-0.02003557,-0.8667648,0.1018608,0.4843238
434.350932121,-0.016082,-0.8675315,0.09906302,0.4836782
434.385995865,-0.02224859,-0.8665493,0.1011058,0.4847708
434.418555260,-0.02682791,-0.8645321,0.1043802,0.4874394
434.451115131,-0.02171046,-0.863552,0.1018958,0.4899505
434.486178875,-0.02324416,-0.8621845,0.1030844,0.4920356
434.518737793,-0.02270905,-0.8619025,0.1035199,0.4924629
434.551297188,-0.02155227,-0.8623821,0.1033604,0.4917085
434.586360932,-0.02033366,-0.8621618,0.1055211,0.4916877
434.618919850,-0.01620517,-0.8615001,0.106474,0.492794
434.651479721,-0.01238748,-0.8612418,0.1061022,0.4934361
434.686543465,-0.009638548,-0.8608198,0.1069337,0.4940538
434.719102859,-0.003731482,-0.8599592,0.1068905,0.4956392
434.751661777,0.003410419,-0.8592772,0.1050976,0.4972055
434.784221172,0.006571398,-0.8590661,0.1038048,0.4978098
434.819285393,0.007136978,-0.8583282,0.1044849,0.4989313
434.851844788,0.006185711,-0.8584493,0.104729,0.4986845
434.884403706,8.731148E-05,-0.8587989,0.1065246,0.4977397
434.919467449,-0.005424132,-0.8599796,0.108286,0.4952853
434.952026844,-0.009213311,-0.8610621,0.1077977,0.4934516
434.984586716,-0.01141432,-0.8621482,0.1061783,0.4918578
435.019650459,-0.01365904,-0.862115,0.1073417,0.491606
435.052209377,-0.01835916,-0.8611582,0.112167,0.4920527
435.084768772,-0.01744892,-0.8610554,0.1115198,0.4924125
435.119832516,-0.01685292,-0.8607686,0.1127333,0.4926584
435.152391434,-0.01287209,-0.8591146,0.1168007,0.4947136
435.184951305,-0.006508218,-0.8577783,0.117833,0.4969076
435.217510700,-0.001770441,-0.8569593,0.1181857,0.4982744
435.252574444,-0.001881509,-0.8563586,0.1209784,0.4986364
435.285133362,-0.003190734,-0.8562678,0.1245098,0.4979158
435.317692757,-0.004987936,-0.856456,0.1286611,0.4965203
435.352756977,-0.005188646,-0.8543711,0.1342185,0.4986343
435.385316372,-0.0005795373,-0.8484505,0.1359784,0.5082017
435.417875290,-0.0007486645,-0.8396643,0.136317,0.5225024
435.452939034,-0.01143932,-0.8304763,0.1408515,0.5356929
435.485498428,-0.02243631,-0.8238015,0.1413749,0.545425
435.518058300,-0.03333904,-0.8200981,0.1346142,0.552118
435.553122044,-0.04048634,-0.8263834,0.1304119,0.5432053
435.585680962,-0.0409054,-0.8411633,0.1272862,0.5207657
435.618240357,-0.05522318,-0.8510934,0.1349068,0.5010172
435.650799274,-0.07549366,-0.8587607,0.1506805,0.4803682
435.685863495,-0.07109994,-0.8692138,0.1549016,0.460484
435.718422890,-0.06762336,-0.8768269,0.1516651,0.4474674
435.750982284,-0.08152496,-0.8730446,0.1580582,0.4503246
435.786046028,-0.0904417,-0.8615098,0.1586721,0.4701828
435.818604946,-0.1012288,-0.8495166,0.1522346,0.4914536
435.851164341,-0.1188008,-0.8381339,0.1507166,0.5072771
435.886228561,-0.1425332,-0.8223016,0.157965,0.5245751
435.918787956,-0.1595008,-0.8029402,0.1660829,0.5467088
435.951346874,-0.1691083,-0.78277,0.1716364,0.5708258
435.986411095,-0.175453,-0.7637919,0.1782555,0.5921917
436.018970013,-0.1772515,-0.7503059,0.1875143,0.6058788
436.051529884,-0.1762259,-0.739481,0.1984729,0.6159127
436.084088802,-0.171992,-0.7323407,0.2097013,0.6218914
436.119152546,-0.1654144,-0.728466,0.2198675,0.6247089
436.151711941,-0.1593329,-0.7275836,0.2281645,0.6243427
436.184270859,-0.1489894,-0.7323174,0.2353612,0.6186649
436.219335556,-0.1396305,-0.7392907,0.2402521,0.610622
436.251894474,-0.1347947,-0.7447923,0.2470641,0.6022473
436.284453869,-0.1249005,-0.7554383,0.2541699,0.5879951
436.319517613,-0.1155418,-0.7691903,0.2603075,0.5690905
436.352076531,-0.1078127,-0.7856985,0.2638303,0.5459628
436.384636402,-0.09419198,-0.8077341,0.2588935,0.5179723
436.419700146,-0.0788176,-0.8339033,0.2446365,0.4849471
436.452259541,-0.06952411,-0.8556215,0.2307465,0.454381
436.484818459,-0.06312016,-0.875542,0.2185719,0.422251
436.519882679,-0.05575087,-0.8926837,0.2060444,0.3926587
436.552442074,-0.0470384,-0.904714,0.1908967,0.3734516
436.585001469,-0.03589496,-0.9135462,0.178558,0.3590117
436.617560387,-0.01583349,-0.9233097,0.1642405,0.3419082
436.652624607,0.01363946,-0.9329618,0.1390689,0.3266246
436.685183525,0.04470567,-0.9387582,0.1062355,0.3194934
436.717743397,0.07231136,-0.9450522,0.0698372,0.3056106
436.752807140,0.1013074,-0.9538493,0.04678313,0.2726669
436.785366058,0.1244118,-0.9605762,0.02626838,0.2403175
436.817925453,0.1271611,-0.9668352,0.0103515,0.2134954
436.852989197,0.1241468,-0.9711944,0.007833126,0.1947697
436.885549068,0.1261759,-0.9735743,0.008323489,0.1810834
436.918107986,0.1443893,-0.9733469,0.0008691124,0.1684465
436.953172207,0.1705296,-0.9694559,-0.01176039,0.1660249
436.985731125,0.1765546,-0.968453,-0.008169274,0.165795
437.018290997,0.1677166,-0.9710104,-0.003328912,0.1600824
437.050849915,0.1550503,-0.9738408,-0.001748702,0.155622
437.085913658,0.1434535,-0.9756177,-0.001383927,0.1556178
437.118473053,0.1364971,-0.9758732,-0.00458542,0.1601454
437.151031971,0.1295796,-0.97555,-0.01022936,0.167434
437.186096191,0.1215245,-0.9742818,-0.01708417,0.1798403
437.218655586,0.1130491,-0.9717541,-0.02389088,0.1974102
437.251214981,0.1027777,-0.9676433,-0.03006099,0.2209685
437.286278725,0.08704642,-0.9614845,-0.03325071,0.2519772
437.318837643,0.07085177,-0.9536113,-0.03167535,0.2850084
437.351397514,0.05207252,-0.9435856,-0.02718243,0.3206607
437.386461258,0.02447706,-0.9306664,-0.01807154,0.3599472
437.419020653,-0.005050225,-0.9145124,-0.002269248,0.4003299
437.451579571,-0.03327189,-0.8954476,0.02132216,0.4395903
437.484138966,-0.05452756,-0.8748018,0.04771954,0.4754987
437.519203186,-0.07269645,-0.8497493,0.06722308,0.5145388
437.551762581,-0.0818499,-0.8250736,0.07469565,0.5510012
437.584321499,-0.08892817,-0.8002582,0.07597186,0.5852646
437.619385243,-0.1012081,-0.7746865,0.0773914,0.6166489
437.651944637,-0.1207023,-0.7517027,0.08290307,0.6404129
437.684504509,-0.1422445,-0.7301909,0.09550823,0.6588578
437.719568252,-0.1615927,-0.7103496,0.1110548,0.6734877
437.752127171,-0.1733926,-0.6961824,0.1203869,0.6836665
437.784686565,-0.1807889,-0.6860428,0.1236487,0.691375
437.819750309,-0.1770357,-0.6857057,0.1240172,0.6926134
437.852310181,-0.1669498,-0.6918068,0.1096799,0.6914688
437.884869099,-0.156095,-0.6966191,0.08796595,0.6922759
437.917428493,-0.1575083,-0.6971483,0.0759009,0.6928508
437.952492237,-0.16649,-0.694702,0.07424179,0.6933874
437.985052109,-0.1756373,-0.6925241,0.07677913,0.693033
438.052674770,-0.1944617,-0.6908345,0.08914953,0.6881949
438.085234165,-0.2026683,-0.6903654,0.1000699,0.6847881
438.117794037,-0.2101035,-0.689124,0.1126386,0.6818393
438.152857780,-0.215945,-0.6865443,0.1263724,0.6802075
438.185416698,-0.2173384,-0.6824724,0.1395202,0.6812909
438.217976093,-0.212099,-0.6794429,0.1481769,0.6841364
438.253039837,-0.2041547,-0.6792349,0.1475039,0.6868995
438.285599709,-0.2016215,-0.6784232,0.1428964,0.6894194
438.318158627,-0.2026708,-0.6771917,0.140451,0.6908236
438.353222370,-0.2041896,-0.6758366,0.1411829,0.6915537
438.385781765,-0.2053709,-0.6749527,0.1409833,0.6921076
438.418340683,-0.2069951,-0.6747854,0.1383835,0.6923116
438.450900555,-0.2098383,-0.674815,0.135297,0.6920369
438.485964298,-0.2129583,-0.6748136,0.1326114,0.6916049
438.518523693,-0.2152443,-0.6750302,0.1304719,0.6910926
438.551082611,-0.2168076,-0.6754667,0.1283901,0.6905671
438.586146355,-0.218098,-0.6757696,0.1266265,0.69019
438.618706226,-0.2189,-0.6758612,0.125326,0.6900837
438.651265621,-0.2194803,-0.6758956,0.1242504,0.6900603
438.686329365,-0.2200609,-0.6756496,0.1232594,0.6902938
438.718888283,-0.2206513,-0.6754084,0.1220713,0.6905524
438.751448154,-0.2213106,-0.6752654,0.1210012,0.6906697
438.786511898,-0.2223391,-0.675183,0.1199304,0.6906067
438.819071293,-0.2232306,-0.6753405,0.1183625,0.6904357
438.851630211,-0.2223506,-0.6750531,0.1128356,0.6919243
438.884190083,-0.2200058,-0.677083,0.1021326,0.692353
438.919253826,-0.220264,-0.6833343,0.09263095,0.6874483
438.951813221,-0.2255564,-0.6903483,0.09120486,0.6788616
438.984372139,-0.2345586,-0.6979766,0.09194552,0.6678208
439.019435883,-0.239341,-0.707515,0.09636887,0.6553466
439.051995754,-0.2299526,-0.7231053,0.0887719,0.6426411
439.084555149,-0.2157227,-0.7396239,0.06854157,0.6311496
439.119618893,-0.2014367,-0.7480831,0.03965509,0.6283709
439.152177811,-0.1925282,-0.7438684,0.04449511,0.6357993
439.184737682,-0.1905934,-0.7444272,0.04772119,0.6354941
439.219801426,-0.1871311,-0.7401559,0.04940299,0.6413566
439.252360821,-0.182714,-0.7365948,0.04611784,0.6469501
439.284919739,-0.1747998,-0.7352605,0.04453043,0.6507547
439.317479611,-0.168371,-0.7361421,0.04003389,0.6517447
439.352543354,-0.1647737,-0.7352777,0.03817622,0.6537482
439.385102749,-0.1608445,-0.7338098,0.03724417,0.6564243
439.417661667,-0.1551278,-0.7328855,0.03442168,0.6589819
439.452725411,-0.1499054,-0.7319299,0.03006867,0.6614609
439.485285282,-0.145975,-0.7304298,0.02551108,0.6641842
439.517844677,-0.1447137,-0.7285552,0.02163337,0.6666521
439.552908421,-0.1451299,-0.7260453,0.01879947,0.6693803
439.585467339,-0.1459351,-0.7231015,0.01636797,0.6724485
439.618027210,-0.147529,-0.7201874,0.01475111,0.6752596
439.653090954,-0.1503719,-0.7173457,0.01435264,0.6776616
439.685650349,-0.152948,-0.7150061,0.01514033,0.6795378
439.718209267,-0.1547651,-0.7129518,0.01618725,0.6812585
439.750769138,-0.1560211,-0.710982,0.0178497,0.6829869
439.785832882,-0.1562539,-0.7088563,0.0200631,0.6850786
439.818392277,-0.1548014,-0.7067736,0.02187734,0.6875002
439.850951195,-0.1522334,-0.7053197,0.02241171,0.6895466
439.886014938,-0.150859,-0.7039344,0.0224367,0.6912613
439.918574810,-0.1512153,-0.7021424,0.02352083,0.6929678
439.951134205,-0.151663,-0.7004634,0.02460542,0.6945298
439.986197948,-0.1522499,-0.6990523,0.02470077,0.6958185
440.018756866,-0.1531207,-0.6982063,0.02403786,0.6964997
440.051316738,-0.1544562,-0.6976253,0.02356827,0.696803
440.086380482,-0.156073,-0.6972455,0.02295874,0.6968431
440.118939877,-0.1576558,-0.697104,0.02162379,0.6966712
440.151498795,-0.1602246,-0.6970594,0.02065851,0.6961588
440.186563492,-0.1643705,-0.6971616,0.02081337,0.6950845
440.219122410,-0.1683418,-0.697198,0.02169622,0.6940699
440.251681805,-0.1711588,-0.6973663,0.02205442,0.6932001
440.284240723,-0.1724018,-0.697603,0.0214669,0.6926721
440.319305420,-0.1734178,-0.6982545,0.01972526,0.6918132
440.351864338,-0.175489,-0.6986839,0.01851542,0.6908903
440.384423733,-0.1784656,-0.6990137,0.01753812,0.6898189
440.419487476,-0.1823018,-0.6997311,0.01591165,0.6881257
440.452047348,-0.1861737,-0.7006173,0.01478475,0.6862099
440.484606266,-0.1896287,-0.7017506,0.01361809,0.6841267
440.519670010,-0.1924682,-0.703204,0.0114994,0.6818765
440.552229405,-0.1943752,-0.7043107,0.009617891,0.6802205
440.584789276,-0.1956268,-0.7051935,0.007693219,0.6789704
440.619853020,-0.1969278,-0.7057683,0.005749119,0.6780156
440.652411938,-0.1982319,-0.705762,0.005017847,0.677648
440.684971332,-0.1993017,-0.7052033,0.005724696,0.67791
440.717531204,-0.1996367,-0.7041859,0.007091995,0.6788555
440.752594948,-0.1988137,-0.7031299,0.008117815,0.6801788
440.785153866,-0.1974675,-0.702444,0.008242696,0.6812773
440.817713261,-0.1964552,-0.7021739,0.007597456,0.6818557
440.852777004,-0.1963591,-0.7019581,0.006963668,0.6821122
440.885336876,-0.1969299,-0.7015868,0.007437524,0.6823245
440.917895794,-0.1968372,-0.7012483,0.008302378,0.6826894
440.952959537,-0.195873,-0.7011706,0.007982109,0.6830502
440.985518932,-0.1950332,-0.7012395,0.007444271,0.6832257
441.018078804,-0.1945646,-0.7013645,0.007236714,0.6832334
441.053142548,-0.1951128,-0.7014074,0.00724715,0.6830328
441.085701466,-0.1960598,-0.7015543,0.007334349,0.6826098
441.118260860,-0.1968522,-0.7020141,0.007213163,0.6819098
441.150820732,-0.1974186,-0.702639,0.00712647,0.6811031
441.185884476,-0.1978314,-0.7033024,0.007210256,0.6802973
441.218443394,-0.1979954,-0.7043509,0.007050412,0.6791654
441.251002789,-0.1987305,-0.7057608,0.006813591,0.6774873
441.286067009,-0.201082,-0.7074593,0.006514366,0.6750205
441.318626404,-0.2045398,-0.7089455,0.006657103,0.6724159
441.351185322,-0.2084375,-0.7102112,0.007011055,0.669875
441.386249065,-0.2127917,-0.7114286,0.007415108,0.6672044
441.418808937,-0.2165076,-0.7127058,0.007999412,0.6646342
441.451368332,-0.2201798,-0.7130566,0.009377295,0.6630316
441.486432076,-0.2210529,-0.7132777,0.01155788,0.6624686
441.518990994,-0.2178189,-0.7130938,0.01117051,0.6637434
441.551550865,-0.212606,-0.7136899,0.007868951,0.6648391
441.584109783,-0.2092346,-0.7139825,0.004042156,0.6656286
441.619174004,-0.2092109,-0.7136304,0.002365519,0.6660213
441.651732922,-0.2101385,-0.7128036,0.002785821,0.6666129
441.684292793,-0.2101949,-0.7126398,0.003536116,0.6667668
441.719356537,-0.2103009,-0.7119823,0.004012175,0.6674327
441.751915932,-0.2103021,-0.7115814,0.004633894,0.6678556
441.784474850,-0.2097655,-0.7110566,0.004417606,0.6685843
441.819539547,-0.2090631,-0.7102903,0.003466056,0.6696239
441.852098465,-0.2086377,-0.7095218,0.002575412,0.6705745
441.884657383,-0.2085447,-0.7085566,0.00256058,0.6716233
441.919721603,-0.2080883,-0.7073106,0.003774812,0.673071
441.952280998,-0.2063918,-0.7062708,0.004294551,0.6746802
441.984840393,-0.2040592,-0.7054964,0.004079305,0.6761995
442.017399311,-0.2014581,-0.7046413,0.004226041,0.6778681
442.052463532,-0.1974916,-0.7034131,0.004622246,0.680304
442.085022926,-0.1923502,-0.7025701,0.003591988,0.6826503
442.117582321,-0.1870428,-0.7019709,0.001330169,0.6847466
442.152646065,-0.1824796,-0.7010803,-0.000116535,0.6868881
442.185205460,-0.1793663,-0.6999268,4.07342E-05,0.6888817
442.217764854,-0.1762923,-0.6987012,0.0005916305,0.6909161
442.252828598,-0.1725388,-0.6977241,0.0006084116,0.6928483
442.285387993,-0.1695008,-0.6967326,0.00115826,0.694593
442.317946911,-0.1668939,-0.6955097,0.002737779,0.696443
442.353011608,-0.1639973,-0.6944338,0.005249088,0.6981882
442.385570526,-0.1612833,-0.6935691,0.007982544,0.6996526
442.418129921,-0.1581129,-0.6929276,0.009834809,0.700987
442.453193665,-0.1544616,-0.6926225,0.01036547,0.7020941
442.485753536,-0.1522029,-0.6924363,0.01107966,0.7027597
442.518312454,-0.1512717,-0.6921491,0.012877,0.7032129
442.550871849,-0.1509051,-0.6920394,0.01500137,0.7033575
442.585936070,-0.1503326,-0.6924773,0.01630997,0.7030199
442.618495464,-0.1505956,-0.6933066,0.01711929,0.7021264
442.651054382,-0.1523813,-0.694133,0.01865597,0.7008844
442.686118126,-0.1544338,-0.6949741,0.02101759,0.6995336
442.718677998,-0.155218,-0.6959763,0.02252265,0.6983157
442.751237392,-0.1551084,-0.6972569,0.02237163,0.6970664
442.786301136,-0.1546059,-0.6986103,0.02121052,0.695858
442.818860054,-0.1539467,-0.6998225,0.0194137,0.6948379
442.851419926,-0.1531057,-0.7010821,0.01715742,0.6938126
442.886483669,-0.1520658,-0.7026787,0.01436218,0.6924884
442.919043064,-0.1519663,-0.7041825,0.01198205,0.6910264
442.951601982,-0.1530978,-0.7051805,0.01112645,0.6897721
442.984161854,-0.154044,-0.706172,0.01088814,0.6885497
443.019225597,-0.1546922,-0.7071692,0.01003464,0.687393
443.051784992,-0.1557952,-0.7078989,0.009573514,0.6863986
443.084344864,-0.1572191,-0.7086009,0.009506203,0.6853498
443.119408608,-0.1586561,-0.7094849,0.009070597,0.6841089
443.151967526,-0.1599367,-0.7104663,0.008167258,0.6828023
443.184526920,-0.1611228,-0.7111553,0.007549079,0.6818125
443.219590664,-0.1616585,-0.7119766,0.006909887,0.6808347
443.252150536,-0.1621153,-0.7125623,0.006307882,0.6801187
443.284709454,-0.1629736,-0.712907,0.006107281,0.6795539
443.319773197,-0.1634992,-0.7130208,0.005850561,0.6793106
443.352333069,-0.1618308,-0.7131849,0.00583434,0.6795379
443.384892464,-0.1589096,-0.7133941,0.005413744,0.680011
443.417451382,-0.1555082,-0.7133696,0.004770345,0.6808275
443.452515125,-0.1516237,-0.7131482,0.004174895,0.6819386
443.485074997,-0.1480058,-0.7131013,0.004028056,0.6827827
443.517634392,-0.1453355,-0.7126286,0.004717035,0.6838447
443.552698136,-0.1425008,-0.7118319,0.007017823,0.6852499
443.585257054,-0.1391343,-0.7112113,0.009299317,0.6865577
443.617816925,-0.134472,-0.7105851,0.01093628,0.6881092
443.652880669,-0.129527,-0.7092075,0.01175885,0.6904614
443.685440063,-0.1249882,-0.7083028,0.01288988,0.6922042
443.717999935,-0.1207275,-0.7074942,0.01487717,0.6937459
443.753063679,-0.1165754,-0.7063366,0.01735579,0.6955755
443.785622597,-0.1120685,-0.7051738,0.01900163,0.6974506
443.818181992,-0.1076562,-0.7045427,0.02072066,0.6987331
443.850741863,-0.1043864,-0.703894,0.02345934,0.6997958
443.885805607,-0.101061,-0.7027701,0.0274583,0.7012666
443.918364525,-0.09684795,-0.701797,0.02962707,0.7027457
443.950924397,-0.09291356,-0.7011213,0.03090104,0.7038956
443.985988140,-0.08972491,-0.7007052,0.0327586,0.7046391
444.018547535,-0.08742859,-0.7005434,0.03402805,0.7050283
444.051106453,-0.08652356,-0.700178,0.03383324,0.7055122
444.086170197,-0.08667356,-0.7003533,0.03402022,0.7053107
444.118730068,-0.08756628,-0.7007502,0.03434899,0.7047902
444.151289463,-0.09001121,-0.7008699,0.03370527,0.7043942
444.186353207,-0.09319554,-0.7009968,0.03305871,0.7038843
444.218913078,-0.09506197,-0.7010815,0.03204565,0.7035969
444.251471996,-0.09562915,-0.7011729,0.03032163,0.7035055
444.286535740,-0.09580887,-0.7013343,0.02845857,0.7033979
444.319095135,-0.09627151,-0.7013218,0.02778281,0.7033742
444.351654530,-0.09651989,-0.7011195,0.02781045,0.7035409
444.384213924,-0.09597419,-0.7009925,0.02826861,0.7037237
444.419277668,-0.09453258,-0.7007793,0.02913748,0.7040957
444.451837540,-0.09244863,-0.700466,0.02996288,0.7046493
444.484396458,-0.09021489,-0.7002029,0.03066185,0.7051701
444.519460678,-0.08826809,-0.700084,0.03104168,0.7055177
444.552019596,-0.08735303,-0.6999916,0.03150187,0.7057029
444.584579468,-0.08700752,-0.6998895,0.03220555,0.7058151
444.619643212,-0.08691377,-0.6998602,0.03283543,0.7058266
444.652202606,-0.08729855,-0.6999695,0.03230233,0.7056953
444.684761524,-0.08828432,-0.6999772,0.03146482,0.7056029
444.719826221,-0.08974176,-0.7000478,0.03117542,0.7053618
444.752385139,-0.09171539,-0.6999419,0.03098459,0.7052215
444.784944057,-0.09432907,-0.6997666,0.03080541,0.7050585
444.817503929,-0.09740423,-0.699689,0.03095264,0.7047108
444.852567673,-0.1003122,-0.6994417,0.03163921,0.7045178
444.885127068,-0.10125,-0.6991999,0.03192232,0.7046109
444.917685986,-0.1010291,-0.699078,0.03110805,0.7048001
444.952750683,-0.1013244,-0.6988993,0.03003311,0.7049814
444.985309601,-0.1020828,-0.6987476,0.02978754,0.7050328
445.017868996,-0.1021782,-0.6988188,0.02981056,0.7049475
445.052933216,-0.102385,-0.6992717,0.02991012,0.7044639
445.085492611,-0.1033978,-0.6996076,0.03051612,0.7039564
445.118051529,-0.1046767,-0.6999166,0.03098867,0.7034393
445.153115273,-0.1060582,-0.7004954,0.03081795,0.7026634
445.185675144,-0.1076453,-0.7010666,0.03073273,0.7018557
445.218234539,-0.1094648,-0.7015448,0.03089482,0.7010888
445.250793457,-0.1108926,-0.7018304,0.03077545,0.7005836
445.285858154,-0.1121504,-0.7020036,0.03010879,0.7002389
445.318417072,-0.1134356,-0.7021621,0.02962064,0.6998936
445.350976467,-0.1150619,-0.7024211,0.02926158,0.6993832
445.386040211,-0.1173266,-0.7026687,0.02931066,0.6987557
445.418600082,-0.1195795,-0.7028117,0.02954186,0.6982203
445.451159001,-0.1214668,-0.7027612,0.02962423,0.6979417
445.486222744,-0.1226795,-0.7026277,0.02892416,0.6978934
445.518782616,-0.1238059,-0.7024624,0.02773337,0.6979092
445.551342011,-0.1249551,-0.7023853,0.02667374,0.6978233
445.586405754,-0.1260615,-0.7024623,0.02573286,0.6975821
445.618964672,-0.1273775,-0.7028169,0.02478825,0.6970198
445.651524544,-0.1297666,-0.7033637,0.02391382,0.6960574
445.684083939,-0.133163,-0.7038046,0.02415182,0.6949612
445.719147682,-0.1358857,-0.7039451,0.02467529,0.6942731
445.751707554,-0.136793,-0.7039534,0.02345979,0.6941287
445.784266472,-0.1372346,-0.704321,0.02070303,0.6937561
445.819330215,-0.139437,-0.7047862,0.01871669,0.6929005
445.851889610,-0.142128,-0.7046004,0.01914263,0.692531
445.884449482,-0.1429241,-0.7048151,0.01972299,0.6921324
445.919513226,-0.1448307,-0.7053688,0.01924477,0.6911848
445.952072144,-0.1490341,-0.7051854,0.0198959,0.6904594
445.984632015,-0.153518,-0.7048116,0.02078577,0.6898323
446.019695759,-0.1568826,-0.7060244,0.02043547,0.6878427
446.052255154,-0.161048,-0.7080316,0.02113233,0.6847891
446.084814072,-0.1669695,-0.7092432,0.02338582,0.6820382
446.119878769,-0.1734662,-0.7088952,0.02498047,0.6807209
446.152437687,-0.1772292,-0.7083753,0.02455853,0.6803079
446.184997082,-0.1777714,-0.7080544,0.02159938,0.6806009
446.217556477,-0.1756683,-0.7078852,0.0160119,0.6814768
446.252620697,-0.1722603,-0.7080976,0.01008023,0.6822392
446.285179615,-0.1707786,-0.7076387,0.008788816,0.6831051
446.317739487,-0.1701796,-0.706489,0.01005651,0.6844259
446.352803230,-0.1680162,-0.7060089,0.01015566,0.6854535
446.385362625,-0.1659659,-0.7059717,0.009680446,0.685998
446.417921543,-0.1652946,-0.7058045,0.01092672,0.6863133
446.452986240,-0.1643961,-0.7052936,0.01410958,0.6869959
446.485545158,-0.1614147,-0.7054331,0.01601403,0.6875176
446.518104077,-0.1579641,-0.7061324,0.01591092,0.6876038
446.553168297,-0.1563489,-0.7066396,0.01579634,0.6874545
446.585727692,-0.1560521,-0.7069995,0.01598182,0.6871476
446.618287087,-0.1552498,-0.7079086,0.01575052,0.6863981
446.650846004,-0.1543515,-0.7093441,0.01517514,0.6851305
446.685910702,-0.1543129,-0.7108157,0.01513286,0.6836135
446.718469620,-0.1547944,-0.7118649,0.01547919,0.6824039
446.751029015,-0.1548875,-0.7125978,0.01528593,0.6816218
446.786093235,-0.1543715,-0.7130998,0.01467426,0.6812271
446.818652630,-0.1535847,-0.7133237,0.01427715,0.6811791
446.851211548,-0.1526672,-0.7132596,0.01436288,0.6814506
446.886275291,-0.1508403,-0.7127133,0.01455782,0.6824241
446.918835163,-0.1476696,-0.7119015,0.01516636,0.6839499
446.951394558,-0.1424679,-0.7116596,0.01573263,0.685291
446.986458302,-0.1360441,-0.7115253,0.01542787,0.6867413
447.019018173,-0.1320116,-0.7111498,0.01558219,0.6879126
447.051577091,-0.1311344,-0.710346,0.01721385,0.6888712
447.084136486,-0.1317709,-0.7092419,0.01950017,0.6898259
447.119200707,-0.1325603,-0.7082765,0.02109623,0.6906192
447.151760101,-0.1340082,-0.7077631,0.02201032,0.6908373
447.184319019,-0.1363314,-0.7072794,0.02315858,0.6908408
447.219382763,-0.1372919,-0.7057366,0.02462221,0.6921764
447.251942635,-0.1358172,-0.7057679,0.02422532,0.6924494
447.284502029,-0.1354197,-0.7062284,0.02193691,0.692134
447.319565773,-0.1377063,-0.7063834,0.0202664,0.6915753
447.352125645,-0.1397699,-0.706742,0.01976695,0.690809
447.384684563,-0.1398464,-0.707246,0.01864692,0.6903087
447.419748306,-0.1389575,-0.7079468,0.01663778,0.689821
447.452308178,-0.1391543,-0.708545,0.01526321,0.6891987
447.484867573,-0.1408649,-0.7086579,0.0149581,0.6887415
447.517426491,-0.1431205,-0.708545,0.0153001,0.6883852
447.552491188,-0.1452142,-0.7083557,0.01561004,0.6881345
447.585050106,-0.1462809,-0.7080011,0.01581912,0.6882685
447.617609501,-0.1457098,-0.7079592,0.01569873,0.6884357
447.652673244,-0.1444743,-0.7081107,0.0151566,0.6885524
447.685233116,-0.1439762,-0.7083522,0.01515505,0.6884084
447.717792034,-0.1445956,-0.7088195,0.01607005,0.6877764
447.752855778,-0.146451,-0.7101372,0.01800029,0.6859744
447.785415649,-0.1475571,-0.7113521,0.01942296,0.6844381
447.817975044,-0.1465955,-0.7127144,0.02125779,0.6831719
447.853038788,-0.1450511,-0.7156851,0.02567736,0.6802378
447.885598659,-0.1456495,-0.7187991,0.03103812,0.6765931
447.918157577,-0.1443126,-0.7200653,0.03303799,0.6754376
447.950716972,-0.1411916,-0.7205912,0.03403866,0.6754869
447.985780716,-0.1391802,-0.7219697,0.03604411,0.6743273
448.018340588,-0.1394682,-0.7228257,0.03865919,0.6732049
448.050899506,-0.1414841,-0.7235047,0.04060951,0.6719388
448.085963249,-0.1442594,-0.7244273,0.0413298,0.6703089
448.118523121,-0.1453883,-0.7248111,0.04065193,0.6696912
448.151082039,-0.1459085,-0.7250534,0.0404884,0.6693256
448.186146259,-0.1454242,-0.7253864,0.03917931,0.669148
448.218705654,-0.1445199,-0.725469,0.03651343,0.669405
448.251265049,-0.1449781,-0.7253559,0.0347422,0.669523
448.286328793,-0.1464963,-0.7249898,0.03362315,0.6696461
448.318888664,-0.147995,-0.7247058,0.03296844,0.6696565
448.351447582,-0.1490308,-0.7246106,0.03258594,0.6695485
448.386511803,-0.1491443,-0.7244899,0.03194979,0.6696845
448.419071198,-0.1490323,-0.7244011,0.03175198,0.6698148
448.451630592,-0.1490017,-0.7241005,0.0314565,0.6701605
448.484189510,-0.1488159,-0.723579,0.0308042,0.6707951
448.519253254,-0.1482957,-0.7231774,0.02974937,0.6713908
448.551813126,-0.14794,-0.7230163,0.02881066,0.6716836
448.584372521,-0.1480749,-0.7228549,0.02840775,0.6718447
448.619436264,-0.1484257,-0.7227366,0.02836566,0.6718964
448.651996136,-0.1484738,-0.7226469,0.02814412,0.6719914
448.684555054,-0.1483171,-0.7226093,0.02768112,0.6720858
448.719618797,-0.1481222,-0.722454,0.02716909,0.6723166
448.752178669,-0.147859,-0.7222753,0.02654032,0.6725916
448.784738064,-0.1476094,-0.7221504,0.02584723,0.6728074
448.819801807,-0.1473926,-0.72211,0.02530038,0.672919
448.852361679,-0.1471603,-0.7221534,0.02504688,0.6729329
448.884920597,-0.1470909,-0.722063,0.02508153,0.6730437
448.917479992,-0.1469359,-0.721834,0.02516108,0.6733203
448.952544212,-0.1466477,-0.7215061,0.02492621,0.6737431
448.985103607,-0.1463344,-0.7213053,0.02434486,0.6740476
449.017662525,-0.1460677,-0.7212158,0.02378195,0.6742211
449.052726269,-0.1457401,-0.7211338,0.02330776,0.6743962
449.085286140,-0.145483,-0.7209252,0.02300378,0.6746852
449.117845535,-0.1453902,-0.7206221,0.02268086,0.6750398
449.152909279,-0.1455842,-0.7202775,0.0224704,0.6753727
449.185469151,-0.145691,-0.7199379,0.0221631,0.6757219
449.218028069,-0.1452878,-0.7196203,0.02167579,0.6761627
449.253091812,-0.1441316,-0.7195241,0.02094204,0.6765354
449.285651684,-0.1432472,-0.719566,0.02049393,0.6766925
449.318211079,-0.1432011,-0.7194428,0.0203613,0.6768372
449.350769997,-0.1434964,-0.7190781,0.02044284,0.6771598
449.385834694,-0.1433652,-0.7187084,0.02018753,0.6775874
449.418393612,-0.1426658,-0.7183841,0.01955831,0.6780972
449.450953007,-0.1418634,-0.7181497,0.01881786,0.6785347
449.486017227,-0.1412806,-0.7178054,0.01807249,0.6790408
449.518576622,-0.141048,-0.7173662,0.0174944,0.6795681
449.551135540,-0.141201,-0.7168782,0.01702693,0.6800629
449.586200237,-0.1415756,-0.7163569,0.01677708,0.6805405
449.618759155,-0.1419213,-0.7158183,0.01664463,0.6810383
449.651318073,-0.1418444,-0.7152815,0.01637306,0.6816247
449.686382770,-0.1412624,-0.7149113,0.01599535,0.6821427
449.718941688,-0.1412415,-0.7147589,0.01550694,0.6823179
449.751501083,-0.1417318,-0.7144055,0.0150937,0.6825957
449.784060955,-0.1418427,-0.7141907,0.01483458,0.6828031
449.819124699,-0.1417111,-0.7142252,0.01446444,0.6828021
449.851683617,-0.1419662,-0.7141558,0.01409089,0.6828295
449.884243488,-0.1425522,-0.7140298,0.01367912,0.6828477
449.919307232,-0.1435642,-0.7139693,0.01335541,0.6827053
449.951866627,-0.1448384,-0.7137747,0.01339714,0.6826387
449.984426498,-0.146078,-0.7133693,0.0134334,0.6827977
450.019490242,-0.1473026,-0.7127302,0.01289092,0.6832124
450.052049160,-0.1482556,-0.7120816,0.01215864,0.6836957
450.084609032,-0.1488302,-0.7118855,0.01166118,0.6837839
450.119672775,-0.1502602,-0.7123066,0.01109931,0.6830415
450.152232170,-0.152565,-0.7129056,0.01129413,0.6819016
450.184791088,-0.1546808,-0.713862,0.01191823,0.6804121
450.217350960,-0.1565404,-0.7152653,0.01232003,0.6785032
450.252414703,-0.1583962,-0.7165388,0.01284202,0.6767168
450.284974098,-0.1594696,-0.7170304,0.01279114,0.6759444
450.317533970,-0.1595965,-0.7170091,0.01188841,0.6759537
450.352597714,-0.1597721,-0.7167994,0.01058543,0.6761562
450.385156632,-0.1605773,-0.7163181,0.01018372,0.6764816
450.417716503,-0.1613179,-0.7153327,0.01083611,0.6773373
450.452780247,-0.1614184,-0.714767,0.01129256,0.677903
450.485339642,-0.1618486,-0.7148441,0.01192847,0.6777081
450.517899513,-0.1631908,-0.7150797,0.01273708,0.6771227
450.552963257,-0.1652313,-0.7151313,0.01520668,0.6765221
450.585522175,-0.1662855,-0.714956,0.01835451,0.676371
450.618082047,-0.1662281,-0.7141152,0.02133726,0.6771855
450.653145790,-0.1643028,-0.7138162,0.02205,0.6779474
450.685705185,-0.1625818,-0.7137529,0.02078394,0.6784686
450.718265057,-0.1626806,-0.713658,0.01942705,0.678585
450.750823975,-0.165321,-0.7141693,0.01950955,0.6774055
450.785887718,-0.171632,-0.7138663,0.02441171,0.6759949
450.818447590,-0.177398,-0.7129181,0.03090412,0.6752409
450.851006508,-0.1802906,-0.7122905,0.03469628,0.6749527
450.886070728,-0.1809969,-0.7123985,0.03492128,0.6746382
450.918630123,-0.182336,-0.7123962,0.0347488,0.6742889
450.951189518,-0.1850135,-0.7119518,0.03503829,0.6740139
450.986253262,-0.1881754,-0.7118413,0.03423572,0.673296
451.018813133,-0.1908466,-0.7120616,0.03277235,0.6723835
451.051372051,-0.1941126,-0.7118402,0.0331659,0.6716632
451.086436272,-0.1979721,-0.7110536,0.03515211,0.6712689
451.118995667,-0.2004956,-0.7104992,0.03535299,0.6710964
451.151555061,-0.2022248,-0.7108861,0.03315996,0.6702792
451.184113979,-0.2044998,-0.7117173,0.0307288,0.6688212
451.219178677,-0.2087675,-0.7126942,0.02904356,0.6665339
451.251737595,-0.2132623,-0.7137756,0.02944165,0.663931
451.284296990,-0.2175052,-0.7163216,0.03210568,0.6596755
451.319361210,-0.2209739,-0.7181151,0.03380561,0.6564802
451.351920605,-0.2205088,-0.720642,0.03537739,0.653779
451.384479523,-0.2174715,-0.7266787,0.03941716,0.6478565
451.419544220,-0.2150818,-0.731968,0.04264455,0.6424732
451.452103138,-0.2095005,-0.7349237,0.0437677,0.6408657
451.484662533,-0.20267,-0.73791,0.04517806,0.6395313
451.519726753,-0.1992445,-0.7420053,0.04159614,0.6361032
451.552286148,-0.2008704,-0.7421727,0.04264568,0.6353266
451.584845066,-0.2041606,-0.7405007,0.04581033,0.6360081
451.617404938,-0.20511,-0.738736,0.04710663,0.637658
451.652468681,-0.2034805,-0.7378905,0.04587586,0.6392466
451.685028076,-0.2009789,-0.7377518,0.04530183,0.6402384
451.717587948,-0.1980982,-0.7377129,0.04606092,0.6411263
451.752651691,-0.1940273,-0.7375847,0.04620098,0.6425073
451.785211563,-0.1902927,-0.7373941,0.04515062,0.643916
451.817770481,-0.1880818,-0.7371088,0.04425493,0.6449535
451.852834225,-0.1874048,-0.7367232,0.04442127,0.6455795
451.885393620,-0.1869704,-0.7363411,0.04540696,0.6460727
451.917953491,-0.1858331,-0.7360552,0.04586824,0.6466937
451.953017235,-0.1837543,-0.7360703,0.04519947,0.6473171
451.985577106,-0.18162,-0.736102,0.04429543,0.6479457
452.018136024,-0.179141,-0.7360821,0.04330111,0.648725
452.050694942,-0.1762198,-0.7361224,0.04206422,0.6495605
452.085759640,-0.1731368,-0.7363765,0.04039316,0.6502072
452.118318558,-0.1716442,-0.7368857,0.0392334,0.6500972
452.150877953,-0.1717978,-0.7375715,0.03910881,0.6492859
452.185942173,-0.1722928,-0.7377864,0.04006158,0.6488522
452.218501568,-0.172606,-0.7374796,0.04067659,0.6490794
452.251060486,-0.1725061,-0.7369198,0.04049902,0.6497527
452.286125183,-0.1729583,-0.7364358,0.03932875,0.6502528
452.318684101,-0.1736616,-0.7361174,0.03850698,0.650475
452.351243496,-0.173961,-0.7358451,0.03829185,0.6507156
452.386307716,-0.1737043,-0.7356707,0.03845226,0.6509719
452.418867111,-0.1731343,-0.7356005,0.03889983,0.6511767
452.451426029,-0.1724778,-0.7356213,0.03934247,0.6513008
452.486490727,-0.1716644,-0.7356885,0.03986041,0.6514083
452.519049645,-0.1709278,-0.7356611,0.04025819,0.6516083
452.551609039,-0.1702855,-0.7354797,0.04056205,0.6519623
452.584168911,-0.1699333,-0.7350783,0.0405966,0.6525045
452.619232655,-0.1700014,-0.7345599,0.04023745,0.6530925
452.651791572,-0.1704069,-0.7341639,0.03998761,0.6534475
452.684351444,-0.1708467,-0.7338157,0.03977313,0.6537366
452.719415188,-0.1713107,-0.7335495,0.0394742,0.6539322
452.751974583,-0.171655,-0.7334399,0.03926829,0.6539773
452.784534454,-0.1717287,-0.7334698,0.03921771,0.6539274
452.819598198,-0.1716062,-0.7335593,0.03926769,0.6538561
452.852158070,-0.1714689,-0.7336723,0.03919383,0.6537698
452.884716988,-0.1714108,-0.7338461,0.03894693,0.6536047
452.919780731,-0.1714466,-0.7339694,0.03865689,0.653474
452.952340603,-0.171644,-0.7340422,0.03831156,0.6533608
452.984899998,-0.1719394,-0.7341059,0.03791574,0.6532346
453.017458916,-0.1722251,-0.7342072,0.03760745,0.6530633
453.052523613,-0.1723345,-0.7343171,0.03735764,0.6529253
453.085082531,-0.1723159,-0.734338,0.03722522,0.6529142
453.117641926,-0.172235,-0.7343183,0.03721767,0.6529582
453.152706146,-0.1719234,-0.7343555,0.03726864,0.6529954
453.185265541,-0.1717631,-0.7344077,0.03729071,0.6529777
453.217824459,-0.171934,-0.7344874,0.03716305,0.6528503
453.252888680,-0.1721838,-0.7345606,0.03682475,0.6527213
453.285448074,-0.1723719,-0.7346594,0.0363523,0.652587
453.318006992,-0.1725729,-0.7347496,0.03588646,0.6524582
453.353071690,-0.1727242,-0.7348109,0.03557284,0.6523662
453.385630608,-0.1729164,-0.7348597,0.03525653,0.6522774
453.418190479,-0.1730451,-0.7350008,0.03484748,0.6521063
453.450749874,-0.1731646,-0.7351986,0.03466301,0.6518614
453.485813618,-0.173364,-0.7353814,0.03438294,0.6516169
453.518373490,-0.1737222,-0.7355216,0.03392413,0.6513873
453.550932408,-0.1742882,-0.7355937,0.03356965,0.6511729
453.585996151,-0.174802,-0.7356692,0.03309744,0.650974
453.618556023,-0.1750477,-0.7357672,0.03257136,0.6508239
453.651115417,-0.1752777,-0.7357153,0.03222843,0.6508378
453.686179161,-0.1753491,-0.735431,0.03178467,0.6511616
453.718739033,-0.1755229,-0.7351516,0.03133471,0.651452
453.751297951,-0.1755802,-0.7348863,0.031237,0.6517405
453.786361694,-0.1753425,-0.7347092,0.03148888,0.651992
453.818921566,-0.1748926,-0.7347152,0.03186987,0.6520877
453.851480961,-0.1740961,-0.7348569,0.0323614,0.6521168
453.884040832,-0.1731589,-0.7349104,0.03301286,0.6522734
453.919104576,-0.1720746,-0.7347323,0.03339919,0.6527411
453.951663494,-0.1712731,-0.734265,0.03351439,0.6534714
453.984223366,-0.1709148,-0.7335842,0.03349935,0.65433
454.019287109,-0.1707918,-0.732884,0.03342989,0.6551499
454.051846504,-0.1707717,-0.7324823,0.03349821,0.6556008
454.084405899,-0.170751,-0.7321547,0.0338164,0.6559556
454.119470120,-0.1703142,-0.7318888,0.03438133,0.6563365
454.152029038,-0.1695684,-0.7316195,0.03490428,0.6568021
454.184588909,-0.1686769,-0.7313522,0.03537779,0.6573038
454.219652653,-0.1680243,-0.7312048,0.03600869,0.6576005
454.252212048,-0.1676903,-0.7314592,0.03652269,0.6573746
454.284771442,-0.1672848,-0.73188,0.03706281,0.6569791
454.317330837,-0.1670564,-0.732146,0.03724085,0.6567306
454.352395058,-0.1667295,-0.731954,0.03713703,0.6570336
454.384954453,-0.1667092,-0.7313679,0.037017,0.6576979
454.417513371,-0.166791,-0.7306537,0.03668918,0.6584889
454.452578068,-0.1668695,-0.7301036,0.03627866,0.6591015
454.485136986,-0.1668842,-0.7299172,0.03630918,0.6593026
454.517696381,-0.1665291,-0.7301094,0.03662321,0.6591622
454.552760601,-0.1660354,-0.7305068,0.03720544,0.6588137
454.585319996,-0.1656518,-0.7308443,0.03772656,0.6585063
454.617879868,-0.1653007,-0.7311246,0.03792759,0.6582717
454.652943611,-0.1651088,-0.7313486,0.03785067,0.6580753
454.685502529,-0.1651764,-0.7314384,0.03772819,0.6579658
454.718062401,-0.1652282,-0.7314699,0.0375708,0.6579267
454.753126144,-0.1651545,-0.7314847,0.0375413,0.6579306
454.785685539,-0.1649867,-0.7314823,0.03760625,0.6579716
454.818245411,-0.1647137,-0.7314746,0.03776977,0.6580391
454.850804329,-0.1642885,-0.731561,0.03807698,0.6580316
454.885868072,-0.1635905,-0.731761,0.03858721,0.6579534
454.918427944,-0.1628923,-0.7318472,0.03903006,0.6580047
454.950987339,-0.1624055,-0.7318105,0.03918302,0.6581568
454.986051559,-0.1624193,-0.731755,0.03900896,0.6582255
455.018610954,-0.162744,-0.7319692,0.03864564,0.6579283
455.051169872,-0.163082,-0.732623,0.03839219,0.6571314
455.086234570,-0.1634652,-0.733561,0.03827005,0.6559958
455.118793488,-0.1639237,-0.7342311,0.03800445,0.6551465
455.151352882,-0.1643377,-0.7344811,0.03766811,0.654782
455.186417103,-0.1645223,-0.7342845,0.03727531,0.6549785
455.218976498,-0.1644114,-0.7338191,0.03725636,0.6555288
455.251535893,-0.1639696,-0.7331681,0.03767249,0.6563436
455.284095287,-0.1631672,-0.7324303,0.03834957,0.6573275
455.319159031,-0.1619544,-0.7316665,0.03928583,0.6584218
455.351718903,-0.1606619,-0.7310403,0.04024556,0.6593754
455.384277821,-0.1593155,-0.7306679,0.041171,0.6600572
455.419341564,-0.1581004,-0.7305118,0.04220232,0.660457
455.451901436,-0.1572243,-0.7304788,0.04279315,0.6606646
455.484460831,-0.1571473,-0.7304443,0.04278832,0.6607214
455.519524574,-0.1580133,-0.7305747,0.04200315,0.660421
455.552084446,-0.1592986,-0.7309301,0.04088232,0.659789
455.584643364,-0.1606303,-0.7313208,0.03984901,0.6590961
455.619708061,-0.1621813,-0.7316331,0.03862354,0.6584423
455.652266979,-0.163475,-0.7319504,0.0375047,0.6578341
455.684826374,-0.1640679,-0.7321674,0.03651136,0.6575008
455.717386246,-0.1633208,-0.7320378,0.03431039,0.6579495
455.752449989,-0.162266,-0.7318144,0.03033032,0.658654
455.785009861,-0.1625779,-0.7317606,0.02806586,0.6587374
455.817568779,-0.1631073,-0.7309394,0.02794766,0.6595227
455.852632523,-0.1607382,-0.7278698,0.02640294,0.6635505
455.885192394,-0.1660035,-0.7222495,0.02246148,0.6685221
455.917751789,-0.1690741,-0.7175227,0.01471123,0.6730427
455.952815533,-0.1741382,-0.7095741,1.731653E-05,0.6803001
455.985375404,-0.178684,-0.7029402,-0.01195014,0.6858804
456.017934322,-0.1783623,-0.7015263,-0.01539147,0.6873417
456.052998066,-0.1759623,-0.7044918,-0.006195336,0.6850678
456.085557938,-0.1736979,-0.7017631,-0.003428719,0.6884575
456.118117332,-0.1754624,-0.7036695,-0.007018084,0.6860325
456.150676727,-0.175421,-0.7038495,-0.005092677,0.6858755
456.185740948,-0.1803045,-0.706551,-2.297957E-05,0.6818386
456.218299866,-0.1808546,-0.7113864,-0.001961073,0.6766422
456.250859737,-0.1816971,-0.7089402,-0.001580839,0.6789809
456.285923481,-0.1820516,-0.7076262,0.004981489,0.6802391
456.318483353,-0.18281,-0.7078387,0.00396728,0.6798213
456.351042271,-0.1888394,-0.7066665,0.00157705,0.6794022
456.386106014,-0.1903612,-0.7060208,0.003323911,0.6796426
456.418665886,-0.1874168,-0.7059377,0.001195793,0.6805535
456.451225281,-0.1841736,-0.7047768,-0.007652006,0.6825972
456.486289024,-0.182349,-0.7057515,-0.01803898,0.6818842
456.518848896,-0.1858457,-0.7072836,-0.02343288,0.6791832
456.551407814,-0.1943396,-0.707232,-0.02122027,0.6769286
456.586472511,-0.2026242,-0.7069188,-0.01586563,0.6749705
456.619031429,-0.2092104,-0.7073234,-0.01154508,0.6726212
456.651590824,-0.2123973,-0.7079245,-0.006392249,0.6710569
456.684150696,-0.212228,-0.7102743,-0.003244343,0.6686455
456.719214439,-0.2099994,-0.7123787,0.0003595579,0.6671165
456.751774311,-0.2096748,-0.7110091,0.002364678,0.6686738
456.784333229,-0.2113706,-0.7076446,0.00307701,0.6716993
456.819396973,-0.2090096,-0.7069217,0.00511366,0.6731852
456.851956844,-0.2065481,-0.7065645,0.00783389,0.6742927
456.884516239,-0.2053075,-0.7054108,0.01002863,0.6758488
456.919579983,-0.2045273,-0.7045553,0.01047073,0.6769701
456.952139854,-0.2046117,-0.7043567,0.009987887,0.6771585
456.984698772,-0.2049896,-0.7040961,0.009668392,0.6773199
457.019763470,-0.2050069,-0.7038174,0.009917089,0.6776006
457.052322388,-0.2048706,-0.7036327,0.01015253,0.6778303
457.084881783,-0.2046572,-0.7034744,0.01034577,0.6780559
457.117441177,-0.2041782,-0.7034326,0.01057252,0.6782403
457.152505398,-0.2037646,-0.7035002,0.01079788,0.6782909
457.185064793,-0.2036982,-0.7036519,0.01086157,0.6781524
457.217624188,-0.2036577,-0.7039799,0.01097134,0.6778224
457.252687931,-0.203504,-0.7044264,0.0110469,0.6774033
457.285247803,-0.2034388,-0.7047822,0.01090349,0.6770549
457.317806721,-0.2033862,-0.7050176,0.0107688,0.6768278
457.352871418,-0.2031615,-0.7051147,0.01073937,0.6767946
457.385430336,-0.2028076,-0.7050343,0.01083999,0.6769831
457.417989731,-0.2022654,-0.7048018,0.01110848,0.6773828
457.453053951,-0.2015013,-0.7044358,0.01152558,0.6779839
457.485613346,-0.2006649,-0.7041499,0.0123542,0.6785141
457.518173218,-0.1994308,-0.7040156,0.01353584,0.6789948
457.550732136,-0.1980782,-0.7041748,0.01480762,0.6791991
457.585795880,-0.1965955,-0.7046809,0.01621369,0.6790728
457.618355751,-0.1953089,-0.7054147,0.01723047,0.6786571
457.650915146,-0.1944959,-0.7062509,0.01773382,0.6780075
457.685978889,-0.1940378,-0.7070933,0.01773304,0.6772605
457.718538761,-0.1940768,-0.707597,0.01746902,0.6767297
457.751097679,-0.1944617,-0.707927,0.01706561,0.6762844
457.786162376,-0.1949325,-0.7081914,0.01662464,0.6758829
457.818721294,-0.1953458,-0.708413,0.01631551,0.6755387
457.851281166,-0.1955689,-0.7086249,0.01610101,0.675257
457.886344910,-0.1956778,-0.7088057,0.01591256,0.6750401
457.918904304,-0.1956837,-0.7088906,0.01558942,0.6749569
457.951463699,-0.1943847,-0.7079414,0.01306126,0.6763805
457.984023094,-0.1910558,-0.7054704,0.006838526,0.6799927
458.019086838,-0.1848608,-0.7022277,-0.002352452,0.6850729
458.051646709,-0.1782109,-0.7017618,-0.01112119,0.6872228
458.084205627,-0.1769152,-0.7022617,-0.01691202,0.6869288
458.119270325,-0.1827489,-0.7017227,-0.0184064,0.6859131
458.151829243,-0.1901752,-0.700196,-0.01740557,0.6854807
458.184389114,-0.1965527,-0.6997547,-0.01495583,0.6841889
458.219452858,-0.2031226,-0.7013155,-0.01012356,0.6807518
458.252012253,-0.2077323,-0.7028311,-0.003225928,0.6778591
458.284572125,-0.2073361,-0.704226,0.00186674,0.6765366
458.319635868,-0.2051144,-0.7061898,0.008437191,0.6751152
458.352194786,-0.2050436,-0.7046326,0.01004175,0.6767399
458.384754658,-0.2076,-0.7015232,0.01069558,0.6791766
458.417314053,-0.2067501,-0.7013634,0.01264491,0.6795672
458.452378273,-0.2035437,-0.7025468,0.01544291,0.6792549
458.484937668,-0.2025342,-0.7023364,0.01663122,0.679746
458.517496586,-0.2029116,-0.7019579,0.01640346,0.6800299
458.552561283,-0.2029268,-0.7024105,0.01658398,0.6795534
458.585120201,-0.2030244,-0.7026668,0.0165811,0.6792592
458.617680073,-0.2030423,-0.7027773,0.01689132,0.6791319
458.652743816,-0.2029814,-0.7029503,0.01693813,0.67897
458.685303688,-0.2030458,-0.7030101,0.01684787,0.6788911
458.717862606,-0.2028986,-0.7030718,0.01708985,0.6788651
458.752926826,-0.2022965,-0.7031246,0.01764832,0.6789759
458.785486221,-0.2017965,-0.7030478,0.01817269,0.6791902
458.818045616,-0.201372,-0.7029842,0.01859903,0.6793706
458.853109360,-0.2007614,-0.7030483,0.01908552,0.6794714
458.885669231,-0.2002518,-0.7031307,0.01950948,0.6795244
458.918228149,-0.1998252,-0.7032234,0.01980032,0.6795458
458.950788021,-0.1995626,-0.7033275,0.01994411,0.679511
458.985851765,-0.1993251,-0.7034305,0.01994208,0.6794741
459.018411636,-0.199212,-0.7035264,0.01983425,0.6794112
459.050971031,-0.1991936,-0.7035814,0.01983115,0.6793596
459.086034775,-0.1990969,-0.7036283,0.019868,0.6793383
459.118594646,-0.1988665,-0.7036424,0.02002422,0.6793867
459.151153564,-0.1985076,-0.7036728,0.02020691,0.6794547
459.186218262,-0.1980824,-0.7036917,0.02039072,0.6795539
459.218777180,-0.1977325,-0.7036936,0.02065567,0.6796457
459.251336575,-0.1973621,-0.7037075,0.02097533,0.6797291
459.286400795,-0.196976,-0.7037555,0.02124845,0.6797829
459.318960190,-0.196609,-0.7037706,0.02151384,0.6798652
459.351520062,-0.1962478,-0.7037117,0.0216846,0.6800251
459.384078980,-0.1959512,-0.7036688,0.02184561,0.6801498
459.419142723,-0.1956305,-0.7036312,0.02202372,0.6802754
459.451702595,-0.1953185,-0.7035791,0.02215677,0.6804145
459.484261990,-0.1950959,-0.7035424,0.02224874,0.6805133
459.519326210,-0.194881,-0.7035664,0.02236751,0.6805462
459.551885128,-0.1946224,-0.7036393,0.02244487,0.6805423
459.584445000,-0.1944198,-0.7037116,0.02248801,0.680524
459.619508743,-0.1942464,-0.703759,0.02253887,0.6805229
459.652068138,-0.1941159,-0.7037796,0.02256205,0.6805379
459.684628010,-0.1939185,-0.7037776,0.02248339,0.6805989
459.719691753,-0.193699,-0.7037397,0.02242991,0.6807024
459.752251625,-0.1935336,-0.7037195,0.02246272,0.6807693
459.784810543,-0.1932716,-0.7037472,0.02252898,0.6808128
459.817369938,-0.1930024,-0.7038059,0.02263026,0.6808252
459.852434158,-0.1927447,-0.7039022,0.02280748,0.6807927
459.884993553,-0.1925155,-0.703988,0.02292086,0.6807652
459.917553425,-0.1922866,-0.7040486,0.0229903,0.6807648
459.952617168,-0.1921346,-0.7040609,0.02301474,0.6807941
459.985176086,-0.1920263,-0.7040424,0.02303463,0.6808431
460.017735958,-0.1919267,-0.7040028,0.02301246,0.6809128
460.052799702,-0.1917927,-0.703988,0.02300665,0.6809661
460.085359573,-0.1916666,-0.7039882,0.02301986,0.681001
460.117918968,-0.1914907,-0.704022,0.02297961,0.6810169
460.152983189,-0.1912745,-0.7040771,0.02289836,0.6810234
460.185542584,-0.1911489,-0.7041209,0.02282604,0.6810158
460.218101502,-0.1910649,-0.7041653,0.02276503,0.6809955
460.250661373,-0.1909575,-0.7041852,0.02274633,0.6810057
460.285725117,-0.1908794,-0.7041721,0.02280194,0.6810393
460.318284988,-0.1907932,-0.7041497,0.02286558,0.6810845
460.350843906,-0.1907046,-0.7041438,0.02293859,0.6811129
460.385908127,-0.1905534,-0.704194,0.02303322,0.6811001
460.418467522,-0.1903618,-0.7042226,0.02316159,0.6811197
460.451026917,-0.1900898,-0.7043143,0.02329349,0.6810965
460.486091137,-0.1899476,-0.7044221,0.02365473,0.6810122
460.518650532,-0.1896088,-0.7044874,0.02399067,0.6810273
460.551210404,-0.1892883,-0.7045156,0.02417598,0.6810808
460.586274147,-0.1889969,-0.7044768,0.02438813,0.6811941
460.618833065,-0.1888363,-0.7044194,0.02451425,0.6812935
460.651392937,-0.1887361,-0.70438,0.02460426,0.6813589
460.683952331,-0.1886488,-0.7043843,0.02465361,0.6813768
460.719016552,-0.1885391,-0.704437,0.02471856,0.6813503
460.751575947,-0.188362,-0.7045124,0.02482675,0.6813174
460.784135818,-0.1882616,-0.7045611,0.02503908,0.6812869
460.819199562,-0.1880491,-0.704604,0.02516021,0.6812968
460.851758480,-0.1877974,-0.7045963,0.02524022,0.6813713
460.884318352,-0.1876269,-0.7045653,0.02530471,0.6814479
460.919382095,-0.1875387,-0.7045004,0.02541412,0.6815351
460.951941967,-0.1874087,-0.7044908,0.02544609,0.6815797
460.984501362,-0.1872814,-0.7044991,0.025369,0.681609
461.019565105,-0.187163,-0.7045628,0.02530902,0.6815779
461.052124500,-0.1870836,-0.7046292,0.02529006,0.6815318
461.084683895,-0.187022,-0.7046868,0.02525681,0.6814902
461.119748116,-0.1869463,-0.704694,0.02527462,0.681503
461.152307510,-0.1868945,-0.7046244,0.0252708,0.6815894
461.184867382,-0.1868518,-0.704554,0.02519702,0.6816766
461.217426300,-0.1868814,-0.7044884,0.025182,0.6817367
461.252490044,-0.18683,-0.7044501,0.02517768,0.6817905
461.285049915,-0.1867564,-0.7044693,0.02518199,0.6817906
461.317609310,-0.1866947,-0.7045407,0.02530351,0.6817294
461.352673531,-0.1865836,-0.704612,0.02548904,0.6816792
461.385232926,-0.186455,-0.7046192,0.02559866,0.6817027
461.417792797,-0.1863917,-0.7045985,0.02555561,0.6817432
461.452856541,-0.1863604,-0.7045447,0.02557456,0.6818065
461.485415459,-0.1864009,-0.7045112,0.02553185,0.6818318
461.517975330,-0.1863965,-0.704477,0.02551791,0.6818687
461.553039074,-0.186297,-0.7044781,0.0255275,0.6818944
461.585598946,-0.1861438,-0.7045099,0.02554338,0.6819028
461.618158341,-0.1860423,-0.7045748,0.02564541,0.6818597
461.650717735,-0.1859552,-0.7046337,0.02569063,0.681821
461.685781956,-0.1858764,-0.7046568,0.02568288,0.6818188
461.718341350,-0.185788,-0.70464,0.0255634,0.6818647
461.750900745,-0.185776,-0.7046236,0.02554144,0.6818858
461.785964489,-0.1857775,-0.7045972,0.0255725,0.6819114
461.818524361,-0.1857914,-0.7045363,0.02558997,0.6819699
461.851083279,-0.1857207,-0.704531,0.02562927,0.6819933
461.886147976,-0.1856011,-0.7045624,0.02565217,0.6819925
461.918706894,-0.1855194,-0.7045987,0.02567027,0.6819765
461.951266766,-0.1854867,-0.7046447,0.02576545,0.6819342
461.986330509,-0.1855262,-0.7046836,0.02586672,0.6818796
462.018889904,-0.1854982,-0.7047035,0.02588429,0.6818658
462.051449776,-0.1854283,-0.7046999,0.02591322,0.6818875
462.084008694,-0.1853588,-0.7046806,0.02591489,0.6819264
462.119073391,-0.1853121,-0.7046508,0.02595939,0.6819682
462.151632309,-0.1851817,-0.704625,0.02593064,0.6820313
462.184192181,-0.1850802,-0.7045783,0.02585783,0.6821099
462.219255924,-0.1850198,-0.7045718,0.02583767,0.6821337
462.251815319,-0.1850144,-0.7046263,0.02581827,0.6820796
462.284375191,-0.1850358,-0.7046863,0.02577941,0.6820131
462.319438934,-0.1850756,-0.7047405,0.02559925,0.6819533
462.351998806,-0.1851925,-0.7048045,0.02529046,0.6818669
462.384557724,-0.1855063,-0.7049005,0.02491187,0.6816962
462.419622421,-0.1860515,-0.7049845,0.024554,0.6814736
462.452181339,-0.1867767,-0.7049657,0.02398178,0.6813152
462.484741211,-0.1874706,-0.7049619,0.02337709,0.6811495
462.517300129,-0.1877839,-0.7048188,0.02318395,0.6812178
462.552363873,-0.1877807,-0.7043766,0.02330467,0.6816719
462.584923744,-0.1875637,-0.7038342,0.02367243,0.6822789
462.617483139,-0.1869098,-0.7033382,0.02441566,0.6829433
462.652547359,-0.1860282,-0.7028483,0.02541129,0.6836518
462.685106754,-0.1853616,-0.7025285,0.02623468,0.6841303
462.717666626,-0.1847074,-0.7023163,0.02682244,0.6845021
462.752730370,-0.184182,-0.7020639,0.02716468,0.6848892
462.785290241,-0.1839372,-0.7017099,0.02733465,0.6853108
462.817849159,-0.183779,-0.7012604,0.02744888,0.6858085
462.852912903,-0.1834896,-0.7007024,0.0275591,0.6864517
462.885472774,-0.1830511,-0.700182,0.02774416,0.6870919
462.918032169,-0.1824604,-0.6997972,0.02816639,0.6876239
462.953096390,-0.1816028,-0.6995739,0.02908525,0.6880397
462.985655785,-0.180607,-0.6994506,0.03024625,0.688377
463.018215656,-0.1795413,-0.6993933,0.03134404,0.6886648
463.050774574,-0.1787124,-0.6992914,0.03218198,0.6889451
463.085839272,-0.1780755,-0.6990851,0.03273169,0.6892934
463.118398190,-0.1778018,-0.6988481,0.03292795,0.689595
463.150957108,-0.1778843,-0.6986318,0.03298894,0.68979
463.186021805,-0.1780172,-0.698484,0.03293524,0.689908
463.218580723,-0.1780839,-0.6984454,0.03291273,0.6899308
463.251140595,-0.1782543,-0.6985445,0.03279585,0.6897922
463.286204338,-0.1785013,-0.698855,0.032681,0.6894191
463.318764210,-0.178731,-0.6993551,0.03264651,0.6888538
463.351323605,-0.1789436,-0.7001122,0.03250802,0.6880357
463.418947220,-0.1797412,-0.7019693,0.03197347,0.6859575
463.451507092,-0.180422,-0.7027513,0.03123325,0.6850116
463.484066010,-0.1812609,-0.7035341,0.03022224,0.6840311
463.519129753,-0.1823652,-0.704322,0.02896332,0.6829805
463.551689625,-0.1835952,-0.7050001,0.02770909,0.6820026
463.584249020,-0.1847446,-0.705441,0.02644714,0.681286
463.619313240,-0.1856478,-0.7054308,0.02514114,0.6811004
463.651872635,-0.1860984,-0.704706,0.02433478,0.6817568
463.684432030,-0.1859515,-0.7033789,0.0242927,0.6831674
463.719496250,-0.1849522,-0.7017213,0.02536843,0.6851015
463.752055645,-0.1833545,-0.7005575,0.0269152,0.6866613
463.784615040,-0.1814879,-0.7000211,0.02893572,0.6876213
463.819678783,-0.179466,-0.7001137,0.03094931,0.6879698
463.852238655,-0.1780593,-0.7006177,0.03209954,0.6877697
463.884797573,-0.1771385,-0.7012128,0.03283257,0.6873662
463.917357445,-0.176677,-0.701723,0.03307267,0.6869525
463.952421188,-0.1770333,-0.7020888,0.03285361,0.6864976
463.984981060,-0.1779636,-0.7023098,0.03217621,0.6860629
464.017540455,-0.179119,-0.702446,0.03114328,0.6856704
464.052604675,-0.1803318,-0.702503,0.02999152,0.6853454
464.085164070,-0.1812676,-0.7025439,0.02919079,0.6850911
464.117723942,-0.1818102,-0.7025654,0.02881814,0.6849409
464.152787685,-0.1817558,-0.7025203,0.02888983,0.6849987
464.185346603,-0.1813388,-0.7023091,0.02922236,0.6853116
464.217906475,-0.1808472,-0.7019381,0.02960692,0.6858049
464.252970219,-0.1803247,-0.7014737,0.02999145,0.6864006
464.285530090,-0.1799474,-0.7010943,0.03024968,0.6868758
464.318089485,-0.1796723,-0.7010284,0.03046736,0.6870054
464.350648880,-0.1793639,-0.701376,0.03070826,0.6867206
464.385713101,-0.1790151,-0.70187,0.03080864,0.6863021
464.418272495,-0.1787642,-0.7018926,0.03069511,0.6863495
464.450831890,-0.1787539,-0.7013451,0.03025142,0.6869313
464.485896111,-0.1790981,-0.7003821,0.02936406,0.6878622
464.518455505,-0.1797404,-0.6995232,0.02838952,0.6886091
464.551015377,-0.1806681,-0.6990569,0.02719366,0.6888881
464.586079121,-0.1817947,-0.6992686,0.02600861,0.6884224
464.618638039,-0.1828938,-0.7001374,0.02505052,0.6872829
464.651197910,-0.1837313,-0.7014282,0.02420785,0.6857719
464.686261654,-0.184421,-0.7027391,0.02366164,0.684262
464.718821526,-0.185175,-0.7036592,0.02335916,0.6831223
464.751380920,-0.1856264,-0.7041324,0.02241994,0.6825434
464.783940792,-0.1864733,-0.704648,0.02030023,0.6818465
464.819004536,-0.1905578,-0.7060806,0.01839435,0.6792845
464.851564407,-0.1986337,-0.7070752,0.02049167,0.6758679
464.884123325,-0.2109738,-0.7048396,0.02559001,0.6742877
464.919188023,-0.2268417,-0.700982,0.02242392,0.6732696
464.951746941,-0.2333372,-0.701826,0.001346792,0.6705369
464.984306812,-0.2356435,-0.7036958,-0.03103018,0.6670451
465.019370556,-0.2312322,-0.7054937,-0.07403239,0.6632926
465.051929951,-0.2167325,-0.7089313,-0.121625,0.6574789
465.084489346,-0.1980734,-0.7138996,-0.1726314,0.6464831
465.119553566,-0.1831933,-0.7172009,-0.2142447,0.6346573
465.152112961,-0.1714932,-0.7221826,-0.2202854,0.630194
465.184672356,-0.1663269,-0.7218564,-0.2011624,0.6382947
465.219736576,-0.1630133,-0.7117088,-0.1835616,0.6556143
465.252295971,-0.1448602,-0.7067692,-0.1794104,0.6662826
465.284855843,-0.1299539,-0.701472,-0.1761589,0.6757549
465.317414761,-0.118742,-0.6936469,-0.1708604,0.68716
465.352479458,-0.1070192,-0.6842586,-0.1676084,0.699194
465.385038376,-0.09172076,-0.6795272,-0.1661918,0.7062847
465.417598248,-0.07259125,-0.6788751,-0.1703941,0.7081332
465.452661991,-0.05619924,-0.6781006,-0.1779965,0.7084957
465.485221863,-0.04963366,-0.67745,-0.1751301,0.7103206
465.517781258,-0.0483131,-0.6759469,-0.1644395,0.7143872
465.552845001,-0.04525336,-0.6741322,-0.1513837,0.7191721
465.585404873,-0.04077313,-0.6730512,-0.1409257,0.7225699
465.617963791,-0.03664166,-0.6725218,-0.1331566,0.7247542
465.653028488,-0.0334043,-0.6729776,-0.1233711,0.7262179
465.685587406,-0.03025463,-0.6728109,-0.1108235,0.72853
465.718147278,-0.02451302,-0.672676,-0.0968865,0.7308535
465.750706196,-0.0156272,-0.6721483,-0.08493971,0.7330657
465.785770893,-0.001437479,-0.670167,-0.07181958,0.7364399
465.818329811,0.009887156,-0.6705079,-0.06373278,0.7368088
465.850889683,0.01028224,-0.6708274,-0.0622782,0.7366368
465.885953426,0.01476152,-0.6691121,-0.05405619,0.738767
465.918513298,0.01228707,-0.6674877,-0.0414382,0.7410936
465.951072693,0.00960282,-0.6671658,-0.03867287,0.7415724
465.986136913,0.00171179,-0.6693242,-0.03705948,0.7397678
466.018696308,-0.005786928,-0.6714066,-0.03342949,0.7380312
466.051256180,-0.009322625,-0.6753287,-0.027627,0.7346486
466.086319923,-0.01163669,-0.6810445,-0.02751834,0.7293239
466.118879795,-0.01203307,-0.6867438,-0.03391824,0.7236818
466.151438713,-0.01520335,-0.6918057,-0.0404053,0.7184489
466.183998585,-0.02070893,-0.6956946,-0.04426896,0.7143167
466.219062328,-0.02631008,-0.6992894,-0.04755211,0.7104002
466.251622200,-0.03101511,-0.7014627,-0.05007892,0.7078899
466.284181118,-0.0365657,-0.7016796,-0.05219862,0.7072566
466.319245339,-0.04297802,-0.700063,-0.05286074,0.7084478
466.351804733,-0.04611683,-0.6976196,-0.05450044,0.7105334
466.384364128,-0.0449357,-0.6942416,-0.05713334,0.7137036
466.419428349,-0.03432418,-0.6896663,-0.06076911,0.7184128
466.451987743,-0.02038169,-0.6870272,-0.06501039,0.7210959
466.484547615,-0.01336917,-0.6863676,-0.06924847,0.7214937
466.519611359,-0.01251,-0.6856858,-0.06927113,0.722155
466.552171230,-0.01920097,-0.6872523,-0.06551522,0.7208682
466.584730148,-0.0367578,-0.6912948,-0.05810394,0.7169462
466.652353763,-0.0834496,-0.6917996,-0.03783288,0.7138948
466.684913635,-0.09229851,-0.6996409,-0.05599525,0.7039005
466.717473030,-0.08666109,-0.7098974,-0.1058996,0.6884391
466.752537250,-0.07478788,-0.714729,-0.1694753,0.6719189
466.785096645,-0.07341114,-0.7157986,-0.2219199,0.6554559
466.817656040,-0.08705708,-0.7120885,-0.2520086,0.6468928
466.852720261,-0.1121246,-0.7090197,-0.2374801,0.6518818
466.885279655,-0.1270545,-0.6996434,-0.2169728,0.6662633
466.917839050,-0.1399902,-0.6958178,-0.2179874,0.667345
466.952903271,-0.136218,-0.6892074,-0.230175,0.6708837
466.985462666,-0.115258,-0.6886436,-0.2430243,0.6708595
467.018022537,-0.09908817,-0.6974385,-0.2582421,0.6585588
467.053086281,-0.08715169,-0.6982589,-0.261429,0.6581197
467.085646153,-0.08422079,-0.6970763,-0.2583322,0.6609718
467.118205071,-0.08024655,-0.6964021,-0.2520668,0.6645859
467.150764942,-0.07608951,-0.695067,-0.2502806,0.6671427
467.185828686,-0.07259334,-0.6939194,-0.2513008,0.6683425
467.218388081,-0.07192609,-0.6937402,-0.2529035,0.6679959
467.250947952,-0.07523827,-0.6944258,-0.2530873,0.6668482
467.286011696,-0.08068973,-0.6960042,-0.2502444,0.6656372
467.318571568,-0.08381309,-0.6979284,-0.2478188,0.6641423
467.351130962,-0.08566058,-0.6998746,-0.249646,0.6611675
467.386195183,-0.08950937,-0.702465,-0.2535364,0.6564131
467.418754101,-0.09415205,-0.7039288,-0.2547368,0.653725
467.451313973,-0.09916355,-0.7044285,-0.2526958,0.6532378
467.486377716,-0.1025379,-0.7037234,-0.2501944,0.6544386
467.518937588,-0.1037414,-0.7026471,-0.2494749,0.6556789
467.551496506,-0.1050785,-0.7013131,-0.2485586,0.6572403
467.584056378,-0.1059341,-0.6997994,-0.2456976,0.6597872
467.619120121,-0.1069841,-0.6979146,-0.2421724,0.6629102
467.651679993,-0.1085989,-0.6957034,-0.2389181,0.6661447
467.684239387,-0.1104698,-0.6928096,-0.2363616,0.6697553
467.719303608,-0.1124484,-0.6894085,-0.2356534,0.6731764
467.751863003,-0.115586,-0.6868719,-0.2358241,0.6751752
467.784422874,-0.1212601,-0.6847844,-0.233785,0.677007
467.819486618,-0.1284663,-0.6820979,-0.2280506,0.6803378
467.852046490,-0.1342623,-0.679291,-0.2238192,0.6834251
467.884605408,-0.1393785,-0.6773901,-0.2228398,0.6846069
467.919670105,-0.1455012,-0.6765928,-0.2242278,0.6836674
467.952229023,-0.152208,-0.6768394,-0.2260224,0.6813684
467.984788895,-0.1590725,-0.6778095,-0.2273129,0.6784003
468.017347813,-0.1660103,-0.6793526,-0.2277663,0.675034
468.052412510,-0.1721631,-0.6808394,-0.2285856,0.6717098
468.084971428,-0.1762716,-0.6817614,-0.2316499,0.6686522
468.117531300,-0.1791452,-0.6828705,-0.2355944,0.6653705
468.152595043,-0.1817689,-0.6837965,-0.239338,0.6623651
468.185154915,-0.1828953,-0.6834257,-0.2445854,0.6605182
468.217714310,-0.1874756,-0.6833842,-0.2523598,0.6563392
468.252778530,-0.2020249,-0.6837072,-0.2542465,0.6509354
468.285337925,-0.217396,-0.6793063,-0.2481823,0.6529283
468.317897797,-0.2288619,-0.6752985,-0.2461604,0.653932
468.352961540,-0.2381719,-0.6794044,-0.2828818,0.6311015
468.385521412,-0.2364536,-0.695253,-0.3468873,0.5805253
468.418080330,-0.2340682,-0.7144888,-0.408746,0.514074
468.450640202,-0.2410729,-0.729531,-0.4528551,0.4485734
468.485703945,-0.26299,-0.7397431,-0.4714637,0.3974494
468.518263817,-0.2862681,-0.7457174,-0.4761831,0.3630884
468.550822735,-0.3009675,-0.7511667,-0.4818974,0.3310131
468.585887432,-0.3067037,-0.7547719,-0.4940025,0.2980628
468.618446350,-0.3094525,-0.7583123,-0.5041381,0.2677201
468.651006222,-0.3117778,-0.7605984,-0.5114926,0.2434907
468.686069965,-0.3211026,-0.7563978,-0.518087,0.2301502
468.718629837,-0.3375685,-0.7482192,-0.5207824,0.2272204
468.751189232,-0.3527127,-0.7408623,-0.5216478,0.2263362
468.786253452,-0.3642787,-0.7342322,-0.5242821,0.2235171
468.818812847,-0.3662873,-0.727703,-0.5328459,0.2213252
468.851372719,-0.363685,-0.7202677,-0.5442119,0.2222808
468.883931637,-0.3590024,-0.7149133,-0.5526263,0.2263805
468.918996334,-0.3491791,-0.7106137,-0.5621744,0.2317102
468.951555252,-0.3303297,-0.7068763,-0.5781806,0.2313934
468.984115124,-0.3105207,-0.7042899,-0.5945363,0.2251818
469.019178867,-0.2809413,-0.7091141,-0.6094895,0.2082773
469.051738739,-0.2377979,-0.7184089,-0.6301997,0.1637578
469.084297657,-0.1773645,-0.7331778,-0.6453056,0.1058323
469.119362354,-0.1441214,-0.7489015,-0.6396872,0.07618153
469.151921272,-0.13102,-0.7563886,-0.6346791,0.06723219
469.184481144,-0.10991,-0.7625267,-0.632154,0.0590063
469.219544888,-0.07866243,-0.7662231,-0.6331049,0.05020059
469.252104759,-0.04946499,-0.7663918,-0.6364588,0.04176931
469.284664154,-0.02339644,-0.7667511,-0.6378377,0.03655284
469.319728375,-0.00353568,-0.7671767,-0.637688,0.0375381
469.352288246,0.008690334,-0.7678416,-0.6368441,0.03743077
469.384847641,0.01986838,-0.7698236,-0.6342157,0.03708093
469.417407513,0.02790443,-0.7721904,-0.6309707,0.0380398
469.452471256,0.03500337,-0.7751647,-0.6270973,0.0356503
469.485031128,0.04173703,-0.7778021,-0.6236708,0.03073219
469.517590046,0.05265572,-0.7797054,-0.6208326,0.02194048
469.552654743,0.07079807,-0.7806821,-0.6180888,0.01082249
469.585213661,0.09035699,-0.77999,-0.6165052,0.0004645686
469.617773533,0.1109884,-0.778976,-0.6143455,-0.00923859
469.652837276,0.1332258,-0.7772568,-0.6118919,-0.01840334
469.685397148,0.1514207,-0.7760506,-0.6089185,-0.02575157
469.717956066,0.1688512,-0.7742158,-0.6062459,-0.03424682
469.753020763,0.1864156,-0.7712533,-0.6039944,-0.04728645
469.785579681,0.2013644,-0.7665212,-0.6032706,-0.06774852
469.818139553,0.2160799,-0.7571782,-0.605945,-0.09720473
469.850698948,0.2295843,-0.7443963,-0.6105359,-0.1305325
469.885763168,0.2244609,-0.7328572,-0.614979,-0.1759714
469.918322563,0.2017923,-0.7306017,-0.6137893,-0.2130523
469.950882435,0.1791251,-0.7343805,-0.6109289,-0.2280196
469.985946178,0.1630558,-0.7412012,-0.6126562,-0.2128702
470.018506050,0.1581453,-0.7466447,-0.6153285,-0.1884417
470.051064968,0.1428695,-0.7540476,-0.6187848,-0.157269
470.086129665,0.1201192,-0.7602981,-0.6206884,-0.1374477
470.118688583,0.09467191,-0.7654954,-0.619881,-0.1320195
470.151248455,0.06973617,-0.7695072,-0.6202465,-0.1221374
470.186312199,0.04311953,-0.7736232,-0.6207126,-0.1048393
470.218872070,0.02422534,-0.7764612,-0.6202283,-0.09200934
470.251430988,0.01522474,-0.7775766,-0.619821,-0.08713491
470.283990860,0.01311122,-0.7776484,-0.6197093,-0.08762974
470.319054604,0.01367023,-0.7774797,-0.6196832,-0.08921203
470.351614475,0.01303878,-0.777634,-0.6195707,-0.08874203
470.384174347,0.01263824,-0.7775304,-0.6197017,-0.08879314
470.419238091,0.01541951,-0.7770467,-0.6199161,-0.0910631
470.451797962,0.02031421,-0.7763925,-0.6200472,-0.0947175
470.484357357,0.02428239,-0.7759292,-0.6200829,-0.09730907
470.519421578,0.02550532,-0.7758814,-0.6200258,-0.0977416
470.551980972,0.02363664,-0.7761193,-0.620011,-0.09640583
470.584540367,0.02085346,-0.7763602,-0.6200129,-0.0950873
470.619604588,0.01850362,-0.7765203,-0.619992,-0.09439968
470.652163982,0.0169914,-0.7766395,-0.6199619,-0.09390181
470.684723377,0.01560368,-0.776787,-0.6199424,-0.09304599
470.717283249,0.01416514,-0.7769473,-0.6199254,-0.09204476
470.752346992,0.01270739,-0.7771109,-0.6198727,-0.09122895
470.784906864,0.01158369,-0.7772575,-0.6198118,-0.09054151
470.817465782,0.01102869,-0.7773456,-0.619783,-0.0900493
470.852530479,0.01101777,-0.7773872,-0.6197477,-0.08993457
470.885089397,0.01118981,-0.7773777,-0.6197448,-0.09001531
470.917649269,0.01137165,-0.7773391,-0.6197664,-0.09017697
470.952713013,0.01146633,-0.7772988,-0.6197807,-0.09041304
470.985272884,0.01133761,-0.7773022,-0.6197502,-0.09060978
471.017832279,0.01092936,-0.7773291,-0.6197267,-0.09058864
471.052896500,0.01040347,-0.7774011,-0.6196913,-0.09027434
471.085455894,0.009980861,-0.7774629,-0.6196878,-0.08981436
471.118015289,0.009559994,-0.7775074,-0.6197058,-0.08934987
471.150575161,0.009022402,-0.7775536,-0.6197246,-0.08887067
471.185638905,0.008177116,-0.777599,-0.6197211,-0.08857974
471.218198776,0.007377149,-0.7776082,-0.6197068,-0.08866922
471.250758171,0.006660594,-0.7776085,-0.6196576,-0.08906588
471.285822392,0.006123939,-0.7776304,-0.6196025,-0.08929658
471.318381786,0.005716403,-0.7776489,-0.6195542,-0.08949644
471.350941658,0.005533455,-0.7776665,-0.6195412,-0.08944505
471.386005402,0.005772449,-0.7776333,-0.6196114,-0.08923388
471.418565273,0.006061079,-0.7775741,-0.619704,-0.08908747
471.451124191,0.006127771,-0.7775505,-0.6197574,-0.08891682
471.486188889,0.005951386,-0.7775367,-0.6197951,-0.08878609
471.518747807,0.005598371,-0.7775619,-0.6197886,-0.08863312
471.551307678,0.005160435,-0.7776314,-0.619732,-0.08844539
471.586371422,0.00469574,-0.7777151,-0.619648,-0.08832376
471.618931294,0.00442805,-0.7777765,-0.6195902,-0.08820421
471.651491165,0.004414306,-0.7777873,-0.6195657,-0.08828101
471.684050083,0.0047618,-0.7777538,-0.619572,-0.08851311
471.719114780,0.005455743,-0.777669,-0.6196206,-0.08887705
471.751673698,0.00604851,-0.7775913,-0.6196705,-0.08916894
471.784233570,0.006181826,-0.7775681,-0.6196909,-0.08922195
471.819297314,0.005730117,-0.7775974,-0.6196873,-0.08902035
471.851857185,0.005035902,-0.777647,-0.6196775,-0.0886979
471.884416580,0.004482512,-0.7776926,-0.6196622,-0.08843395
471.919480801,0.004178719,-0.7777183,-0.6196476,-0.08832511
471.952040195,0.004056448,-0.7777194,-0.6196377,-0.0883913
471.984600067,0.004128713,-0.7777162,-0.6196322,-0.08845408
472.019663811,0.004339371,-0.7776898,-0.6196475,-0.08856797
472.052223682,0.00459312,-0.7776637,-0.6196537,-0.08874233
472.084782600,0.004816809,-0.7776444,-0.6196588,-0.0888634
472.117342472,0.004928788,-0.7776396,-0.6196613,-0.0888801
472.152406693,0.004914246,-0.7776522,-0.6196541,-0.08882263
472.184966087,0.004777417,-0.7776691,-0.6196421,-0.088765
472.217525959,0.004612869,-0.777678,-0.619633,-0.08876052
472.252589703,0.004530925,-0.7776775,-0.6196324,-0.08877332
472.285149574,0.004530875,-0.7776625,-0.6196437,-0.08882459
472.317708492,0.004614717,-0.7776456,-0.619652,-0.08891008
472.352773190,0.004713396,-0.777638,-0.6196523,-0.08897113
472.385332108,0.004764651,-0.7776272,-0.6196651,-0.08897232
472.417891979,0.004738119,-0.7776365,-0.6196552,-0.08896097
472.452955723,0.004663749,-0.7776513,-0.6196424,-0.08892449
472.485515595,0.00460708,-0.7776594,-0.6196366,-0.08889664
472.518074989,0.004578092,-0.7776676,-0.6196336,-0.08884899
472.550634384,0.004567947,-0.7776632,-0.6196337,-0.08888655
472.585699082,0.004603348,-0.7776633,-0.6196251,-0.08894416
472.618258000,0.004672262,-0.7776555,-0.6196251,-0.08900811
472.650817871,0.004743776,-0.7776535,-0.6196157,-0.08908743
472.685881615,0.004719443,-0.7776518,-0.6196107,-0.08913787
472.718441486,0.004693015,-0.7776631,-0.6195986,-0.08912502
472.751000881,0.004707327,-0.7776635,-0.6196092,-0.08904809
472.786065102,0.004742045,-0.7776642,-0.6196129,-0.08901477
472.818624496,0.004725472,-0.7776645,-0.6196123,-0.0890149
472.851184368,0.00466662,-0.777661,-0.6196145,-0.08903439
472.886248112,0.004638501,-0.7776615,-0.6196121,-0.08904789
472.918807983,0.004648466,-0.7776515,-0.6196139,-0.08912228
472.951366901,0.004736908,-0.7776334,-0.619622,-0.08921948
472.983926773,0.004825788,-0.7776183,-0.619626,-0.08931737
473.018991470,0.004845166,-0.7776248,-0.6196176,-0.08931832
473.051550388,0.004837471,-0.7776257,-0.6196169,-0.08931646
473.084110260,0.004848462,-0.7776309,-0.6196091,-0.08932561
473.119174004,0.004877469,-0.7776373,-0.619594,-0.08937203
473.151733875,0.004913934,-0.7776279,-0.6196001,-0.08940976
473.184292793,0.004955776,-0.7776144,-0.6196035,-0.08950143
473.219357491,0.004936837,-0.7776253,-0.6195834,-0.08954764
473.251916409,0.004920454,-0.7776331,-0.6195803,-0.08950174
473.284476280,0.004911625,-0.777633,-0.6195833,-0.08948164
473.319540024,0.004871842,-0.7776344,-0.6195806,-0.08948984
473.352099896,0.004831982,-0.777638,-0.6195747,-0.0895018
473.384659767,0.004824759,-0.77764,-0.6195796,-0.08945139
473.417219162,0.00486995,-0.7776482,-0.6195707,-0.08944068
473.452283383,0.004882658,-0.7776487,-0.6195623,-0.08949208
473.484842777,0.004853345,-0.7776451,-0.6195641,-0.08951344
473.517402172,0.004794093,-0.777644,-0.619567,-0.08950589
473.552466393,0.004782609,-0.7776424,-0.6195649,-0.08953465
473.585025787,0.004831524,-0.7776436,-0.6195541,-0.08959582
473.617585182,0.004900257,-0.777638,-0.6195571,-0.08962012
473.652649403,0.004876895,-0.7776332,-0.6195629,-0.08962307
473.685209274,0.004808367,-0.7776453,-0.6195567,-0.08956362
473.717768669,0.004738089,-0.7776561,-0.6195537,-0.08949431
473.752832889,0.004714258,-0.7776599,-0.6195536,-0.08946388
473.785392284,0.004767697,-0.7776546,-0.6195609,-0.08945735
473.817952156,0.004797214,-0.777648,-0.6195596,-0.08952197
473.853015900,0.004729118,-0.7776615,-0.6195352,-0.08957629
473.885575771,0.00467094,-0.7776706,-0.6195287,-0.08954524
473.918134689,0.004693961,-0.7776696,-0.6195189,-0.08962128
473.950694561,0.004743073,-0.7776542,-0.6195268,-0.08969732
473.985758305,0.004761156,-0.7776532,-0.6195257,-0.08971309
474.018318176,0.004692863,-0.7776571,-0.6195412,-0.08957503
474.050878048,0.00461405,-0.7776619,-0.6195486,-0.08948697
474.085941792,0.0045343,-0.7776815,-0.6195293,-0.08945394
474.118501663,0.004574876,-0.7776875,-0.619525,-0.08942977
474.151060581,0.004651967,-0.7776865,-0.6195261,-0.0894268
474.186125279,0.004780436,-0.7776674,-0.6195321,-0.08954547
474.218684197,0.004934292,-0.7776409,-0.6195409,-0.08970682
474.251244068,0.005077526,-0.7776262,-0.6195327,-0.08988088
474.286307812,0.005126065,-0.7776129,-0.6195371,-0.08996221
474.318867683,0.004968794,-0.7776337,-0.6195274,-0.08986041
474.351427078,0.004747661,-0.777667,-0.619517,-0.08965405
474.383986950,0.004621544,-0.7776852,-0.6195166,-0.08950443
474.419051170,0.004708157,-0.7776766,-0.619523,-0.08953051
474.451610565,0.004872562,-0.7776505,-0.6195359,-0.08965919
474.484169960,0.004978417,-0.777635,-0.6195334,-0.08980491
474.519234181,0.005047511,-0.7776273,-0.619531,-0.08988455
474.551793575,0.005103889,-0.7776114,-0.6195358,-0.08998699
474.584352970,0.005094592,-0.7776018,-0.6195391,-0.09004772
474.619417191,0.005086075,-0.7776085,-0.6195344,-0.09002237
474.651976585,0.005066022,-0.7776148,-0.6195394,-0.08993328
474.684536457,0.005087658,-0.7776158,-0.6195491,-0.08985782
474.719600677,0.005117947,-0.7776178,-0.6195467,-0.08985443
474.752160072,0.005109329,-0.7776145,-0.6195443,-0.089899
474.784719944,0.005116088,-0.7776092,-0.6195452,-0.08993961
474.817278862,0.005147308,-0.7776045,-0.6195436,-0.08999014
474.852343559,0.005195977,-0.7776,-0.6195385,-0.09006004
474.884902477,0.005236809,-0.7775992,-0.6195343,-0.09009454
474.917462349,0.005231132,-0.7776012,-0.61953,-0.09010652
474.952526093,0.005196098,-0.7776048,-0.6195337,-0.09005227
474.985085964,0.005223301,-0.7776077,-0.6195338,-0.09002451
475.017645836,0.005292429,-0.7776056,-0.6195372,-0.09001649
475.052709579,0.005377253,-0.777595,-0.6195408,-0.09007738
475.085269451,0.005421815,-0.7775792,-0.6195541,-0.09011959
475.117828369,0.005402344,-0.777587,-0.6195339,-0.09019204
475.152893066,0.005363004,-0.7776015,-0.6195199,-0.09016679
475.185451984,0.005363378,-0.7776028,-0.6195173,-0.09017283
475.218011856,0.005362249,-0.7775936,-0.619523,-0.09021202
475.250571251,0.005362061,-0.7775905,-0.6195263,-0.09021755
475.285635471,0.005347507,-0.7775939,-0.6195292,-0.09016899
475.318194866,0.005413869,-0.7775903,-0.619543,-0.09010153
475.350754738,0.005492617,-0.7775817,-0.6195463,-0.09014847
475.385818958,0.005522312,-0.7775699,-0.6195565,-0.09017639
475.418378353,0.005495965,-0.7775757,-0.6195494,-0.09017657
475.450937748,0.005463232,-0.7775874,-0.619536,-0.09017152
475.486001968,0.005444914,-0.7775886,-0.6195275,-0.09022032
475.518561363,0.005466359,-0.7775908,-0.619518,-0.09026409
475.551120758,0.005484124,-0.7775869,-0.6195221,-0.09026995
475.586184979,0.005462566,-0.7775851,-0.6195267,-0.09025509
475.618744373,0.005390663,-0.7776005,-0.619517,-0.09019233
475.651304245,0.005318512,-0.7776047,-0.6195223,-0.09012514
475.683864117,0.005301241,-0.7776103,-0.6195223,-0.09007665
475.718927860,0.005336476,-0.777611,-0.6195192,-0.09009036
475.751487732,0.005397859,-0.7776082,-0.6195161,-0.09013206
475.784046650,0.005397151,-0.7776091,-0.6195052,-0.09019949
475.819111347,0.005338302,-0.7776338,-0.6194808,-0.09015837
475.851670265,0.005315526,-0.7776423,-0.619474,-0.09013214
475.884230137,0.005295603,-0.7776459,-0.6194626,-0.09018191
475.919293880,0.005267464,-0.7776496,-0.6194596,-0.09017121
475.951853752,0.005227958,-0.7776595,-0.619454,-0.09012667
475.984413624,0.005232813,-0.7776653,-0.6194581,-0.09004784
476.019477367,0.005213549,-0.7776705,-0.6194527,-0.09004211
476.052037239,0.005152873,-0.7776752,-0.6194488,-0.09003108
476.084596157,0.005091759,-0.7776832,-0.6194441,-0.08999792
476.119660854,0.005141889,-0.7776723,-0.6194568,-0.09000222
476.152219772,0.005223787,-0.7776674,-0.6194519,-0.09007316
476.184779644,0.005301107,-0.7776626,-0.6194477,-0.09013894
476.217339039,0.005298095,-0.7776709,-0.6194377,-0.09013699
476.252403259,0.005221682,-0.7776871,-0.6194265,-0.09007734
476.284962654,0.005170542,-0.777692,-0.619433,-0.08999387
476.317522526,0.005169614,-0.7777032,-0.6194242,-0.08995786
476.352586269,0.005185873,-0.7776926,-0.6194294,-0.09001172
476.385145664,0.005120771,-0.777675,-0.6194367,-0.09011807
476.417705536,0.004997483,-0.7776796,-0.6194441,-0.09003365
476.452769280,0.004929168,-0.7776873,-0.6194354,-0.09003057
476.485329151,0.004874774,-0.7777179,-0.619406,-0.08997079
476.517888546,0.004789323,-0.77775,-0.6193775,-0.08989605
476.552952767,0.004630828,-0.777777,-0.6193525,-0.08984284
476.585512161,0.004661539,-0.7777888,-0.6193138,-0.09000484
476.618072033,0.004914721,-0.777766,-0.6192903,-0.09035049
476.650630951,0.005350661,-0.7777099,-0.619292,-0.0907949
476.685695648,0.005544748,-0.7776742,-0.6192877,-0.09111785
476.718255520,0.005281124,-0.7776915,-0.6192822,-0.09102404
476.750814438,0.004754819,-0.7777432,-0.6192752,-0.09065837
476.785879135,0.004131787,-0.7778031,-0.6192598,-0.09027847
476.818438053,0.003661134,-0.7778445,-0.6192392,-0.0900847
476.850997925,0.003297205,-0.7778637,-0.6192207,-0.09005901
476.886061668,0.003103865,-0.7778634,-0.6192087,-0.09015071
476.918621540,0.003217394,-0.7778373,-0.6192123,-0.09034789
476.951180458,0.003542925,-0.7777975,-0.6192218,-0.09061167
476.986245155,0.003875605,-0.7777639,-0.6192434,-0.09073941
477.018804073,0.003948045,-0.7777616,-0.6192766,-0.09052944
477.051363945,0.003861582,-0.777748,-0.6193373,-0.09023434
477.083923817,0.003639785,-0.7777516,-0.6193675,-0.09000348
477.118987560,0.003096696,-0.7778573,-0.6192999,-0.08957519
477.151547432,0.002559111,-0.7779816,-0.6192046,-0.08917108
477.184106827,0.002712702,-0.7780509,-0.6192006,-0.08858654
477.219171047,0.003202574,-0.7779175,-0.6193346,-0.08880627
477.251730442,0.003565922,-0.7777689,-0.6194091,-0.0895705
477.284289837,0.003361945,-0.7776475,-0.6194879,-0.09008536
477.319354057,0.002924372,-0.7776179,-0.6195171,-0.09015556
477.351913452,0.002693106,-0.7776617,-0.6195163,-0.08978975
477.384473324,0.00227184,-0.7777824,-0.6194867,-0.08895761
477.419537068,0.001748077,-0.7779826,-0.6194096,-0.08774564
477.452096939,0.00103048,-0.7782381,-0.6192234,-0.08680212
477.484656334,0.0008546961,-0.7784191,-0.6190608,-0.08633856
477.517216206,0.00146021,-0.7785141,-0.6189131,-0.08653319
477.552279949,0.002831677,-0.7784618,-0.618843,-0.08746643
477.584839821,0.004091862,-0.7783824,-0.6187794,-0.08856503
477.617398739,0.004831502,-0.7783543,-0.618747,-0.08900058
477.652463436,0.004994529,-0.7783778,-0.6187429,-0.08881404
477.685022354,0.004680321,-0.7784092,-0.6187626,-0.08841842
477.717582226,0.004260128,-0.7783911,-0.618815,-0.088231
477.752645969,0.0035122,-0.7783425,-0.6188654,-0.08833876
477.785205841,0.002260058,-0.7784054,-0.6188207,-0.08813944
477.817765713,0.001103839,-0.7784917,-0.6187935,-0.08758789
477.852829456,0.0006666419,-0.7784801,-0.6188504,-0.08729364
477.885389328,0.001059185,-0.778356,-0.6189464,-0.08771393
477.917948246,0.001575591,-0.7782724,-0.6190006,-0.08806676
477.953012943,0.001490058,-0.7782936,-0.6190208,-0.08773623
477.985571861,0.0007865957,-0.7783972,-0.6189758,-0.08714363
478.018131733,-7.686493E-05,-0.7785519,-0.6188818,-0.08642815
478.050691128,-0.001098978,-0.7787572,-0.6187837,-0.08526786
478.085755348,-0.001483462,-0.7788754,-0.618701,-0.08477961
478.118315220,-0.0006863566,-0.778837,-0.6186996,-0.08515283
478.150874615,0.0009465744,-0.7786987,-0.6187647,-0.08593729
478.185938835,0.002642933,-0.7785314,-0.6188659,-0.08668634
478.218498230,0.00375205,-0.77839,-0.6189522,-0.08729717
478.251057625,0.004267189,-0.7782841,-0.6190215,-0.08772512
478.286121845,0.003981497,-0.7782975,-0.6190502,-0.08741717
478.318681240,0.002882961,-0.7784124,-0.6190611,-0.08635325
478.351240635,0.001550158,-0.7785316,-0.6190822,-0.08515447
478.386304855,0.0004180426,-0.778611,-0.61909,-0.08437978
478.418864250,-0.000238596,-0.7786396,-0.6190922,-0.08409975
478.451424122,-0.0006991933,-0.7786399,-0.6190816,-0.08417253
478.483983040,-0.0009352038,-0.7786365,-0.6190683,-0.08429851
478.519047737,-0.0006635276,-0.7786042,-0.6191729,-0.08383093
478.551607609,0.0001234524,-0.7785323,-0.6194216,-0.08265576
478.584166527,0.0009821387,-0.7784675,-0.6196867,-0.08126128
478.619231224,0.001036611,-0.7784437,-0.6198717,-0.0800691
478.651790142,0.0003517455,-0.7785049,-0.6198936,-0.07930785
478.684350014,-0.001021563,-0.7787455,-0.6197738,-0.07786167
478.719413757,-0.003134708,-0.7791522,-0.6196292,-0.0748281
478.751973629,-0.005232725,-0.7794806,-0.6194721,-0.07255871
478.784532547,-0.006138436,-0.7796356,-0.6194527,-0.07096961
478.819597244,-0.005282027,-0.7795492,-0.619644,-0.07031289
478.852156162,-0.002580356,-0.7789744,-0.6202502,-0.07148201
478.884716034,0.001169428,-0.777676,-0.6216429,-0.07352667
478.917275906,0.004569695,-0.7755141,-0.6245905,-0.0712136
478.952339649,0.004944553,-0.7708305,-0.631263,-0.06269489
478.984899521,0.001164041,-0.7680145,-0.6361206,-0.04615941
479.017458916,-0.01586507,-0.771254,-0.6333402,-0.02057159
479.085082531,-0.05124851,-0.775942,-0.6258523,0.01497374
479.117642403,-0.06133366,-0.7751961,-0.6255942,0.02384862
479.152706146,-0.06187803,-0.7792068,-0.6200826,0.03366241
479.185266018,-0.0614494,-0.7834952,-0.6142103,0.041623
479.217824936,-0.061054,-0.7892333,-0.6059875,0.05282024
479.252889633,-0.06278411,-0.7938519,-0.5982996,0.06725041
479.285448551,-0.06472812,-0.7948486,-0.5956337,0.07664382
479.318008423,-0.0634592,-0.7951702,-0.5944152,0.08351951
479.350568295,-0.06348092,-0.7954791,-0.5931144,0.08958936
479.385632038,-0.0655214,-0.7955543,-0.5912006,0.09954751
479.418191910,-0.07142967,-0.7953805,-0.5887276,0.1108824
479.450750828,-0.08205617,-0.7947727,-0.5855771,0.1238153
479.485815525,-0.09873296,-0.7945256,-0.5799156,0.1389481
479.518374443,-0.11543,-0.793709,-0.5741771,0.1537865
479.550934315,-0.1301249,-0.7921906,-0.5700669,0.1647817
479.585998058,-0.1429702,-0.7911264,-0.5661788,0.1724755
479.618557930,-0.1506678,-0.7921414,-0.5610033,0.1780849
479.651117325,-0.1545404,-0.7946637,-0.55558,0.1805145
479.686181545,-0.1542151,-0.7991525,-0.5486271,0.1822336
479.718740940,-0.1525087,-0.8045627,-0.541149,0.1822234
479.751300335,-0.15047,-0.8101356,-0.5317238,0.186913
479.783860207,-0.1467593,-0.8164966,-0.5220583,0.1894145
479.818923950,-0.1450227,-0.8216047,-0.5106534,0.1994867
479.851483822,-0.1419518,-0.8244351,-0.5016944,0.2123366
479.884043217,-0.1371684,-0.8275963,-0.4925634,0.2242279
479.919107437,-0.1298628,-0.8301446,-0.4838221,0.2377803
479.951666832,-0.1247154,-0.8304589,-0.4787504,0.2494192
479.984226704,-0.1205073,-0.8287147,-0.4749128,0.2641884
480.019290447,-0.1161259,-0.825619,-0.4699659,0.2839504
480.051850319,-0.111003,-0.8228648,-0.4647685,0.3019763
480.084409237,-0.1044772,-0.8190406,-0.462217,0.3181826
480.119473934,-0.09783535,-0.8132885,-0.462998,0.3335424
480.152032852,-0.09337175,-0.8065102,-0.4647778,0.3484713
480.184592724,-0.09147954,-0.7994239,-0.4648342,0.3648421
480.219656467,-0.09104151,-0.79198,-0.4627327,0.3833867
480.252216339,-0.08968758,-0.7847108,-0.4607422,0.4006614
480.284775257,-0.08576061,-0.7766444,-0.4613563,0.416229
480.317335129,-0.07943952,-0.7689911,-0.4651044,0.4273729
480.352399826,-0.07195077,-0.7619677,-0.4713217,0.4344096
480.384958744,-0.06619289,-0.7564659,-0.4769579,0.4387672
480.417518616,-0.06351322,-0.7520437,-0.4810219,0.4423145
480.452582359,-0.0640072,-0.7489672,-0.4828215,0.4454911
480.485142231,-0.0662801,-0.7478126,-0.4821137,0.4478587
480.517701626,-0.06917671,-0.7474433,-0.4800971,0.4501974
480.552765846,-0.07227181,-0.7471366,-0.4782869,0.4521426
480.585325241,-0.07418027,-0.7468917,-0.4780492,0.4524894
480.617885113,-0.07460459,-0.7469575,-0.479248,0.4510408
480.652948856,-0.07373334,-0.7476329,-0.4814374,0.4477212
480.685508728,-0.07228224,-0.7487659,-0.4828897,0.4444886
480.718067646,-0.06994107,-0.7505701,-0.4829212,0.4417776
480.750627518,-0.06551717,-0.7532336,-0.4816678,0.4392842
480.785691261,-0.05775955,-0.7566816,-0.4793898,0.4369324
480.818251133,-0.04893067,-0.7598209,-0.4769896,0.4351856
480.850811005,-0.04082472,-0.7625203,-0.4742585,0.4342841
480.885874748,-0.0347621,-0.764833,-0.4712625,0.4340061
480.918434620,-0.03214082,-0.7660698,-0.4698879,0.4335169
480.950993538,-0.03203658,-0.766396,-0.4699365,0.4328953
480.986058235,-0.03353808,-0.765953,-0.4709484,0.4324657
481.018617153,-0.03435879,-0.7650706,-0.4723192,0.4324682
481.051177025,-0.03268415,-0.7641007,-0.4735031,0.4330178
481.086240768,-0.02781636,-0.7629887,-0.4748988,0.4337894
481.118800640,-0.02167503,-0.7616842,-0.4758441,0.4353935
481.151360035,-0.01530242,-0.7601013,-0.4758508,0.4384126
481.183919430,-0.009407799,-0.7582858,-0.4744953,0.4431659
481.218983650,-0.003137556,-0.7559124,-0.4720977,0.4498199
481.251543045,0.002555754,-0.7529606,-0.4700074,0.4569074
481.284102440,0.007217986,-0.7491069,-0.4687944,0.4643773
481.319166660,0.01053561,-0.743863,-0.467346,0.4741015
481.351726055,0.01272083,-0.7379249,-0.4653074,0.4852025
481.384285927,0.01429087,-0.7315562,-0.4631308,0.4967484
481.419349671,0.01511169,-0.7241288,-0.4600264,0.5103063
481.451909542,0.01504336,-0.7175391,-0.4551062,0.5238487
481.484469414,0.01409424,-0.7110934,-0.4477244,0.5388118
481.519533157,0.01407752,-0.7040598,-0.4372051,0.5564
481.552092075,0.01625087,-0.6986067,-0.4258713,0.5717919
481.584651947,0.01975588,-0.6946505,-0.4124222,0.5861791
481.617211819,0.02328772,-0.6921369,-0.3980761,0.598805
481.652275562,0.02265859,-0.686993,-0.3810486,0.6155947
481.684835434,0.01666122,-0.6842561,-0.3619684,0.6301764
481.717394352,0.005791958,-0.6830322,-0.3336193,0.647116
481.752459049,-0.007932047,-0.6797413,-0.2920016,0.6702624
481.785017967,-0.01775721,-0.6755414,-0.2549023,0.6891887
481.817577839,-0.02029783,-0.6715108,-0.2329694,0.7007241
481.852641582,-0.02036487,-0.6651195,-0.2264411,0.70891
481.885201454,-0.02129508,-0.6515585,-0.2321383,0.7195538
481.917760849,-0.01512426,-0.6410389,-0.2457064,0.7246354
481.952825069,-0.008654223,-0.6377409,-0.2642079,0.7211335
481.985384464,-0.009803593,-0.6373231,-0.2721412,0.7185333
482.017944336,-0.01753573,-0.6389512,-0.2714805,0.7171888
482.050503254,-0.02752716,-0.6406716,-0.2666857,0.7171391
482.085567951,-0.03854925,-0.6396198,-0.2626739,0.7190483
482.118126869,-0.04821197,-0.6392013,-0.262867,0.7187669
482.150686741,-0.05816404,-0.6392913,-0.2626165,0.7180417
482.185750485,-0.06835528,-0.6389886,-0.2612776,0.7179019
482.218310356,-0.0768667,-0.6382899,-0.2586098,0.7186279
482.250870228,-0.0836741,-0.6380822,-0.2564458,0.7188276
482.285933971,-0.08774666,-0.6379606,-0.2571724,0.71819
482.318493843,-0.0893234,-0.6381894,-0.2608276,0.7164721
482.351052761,-0.09052317,-0.6392145,-0.2661294,0.7134516
482.386117458,-0.0909266,-0.6407195,-0.2729201,0.709474
482.418676376,-0.09059646,-0.6419429,-0.27895,0.7060568
482.451236248,-0.09234808,-0.6444294,-0.2805515,0.7029233
482.486299992,-0.09612261,-0.6478294,-0.2780658,0.7002747
482.518859863,-0.09877278,-0.6495875,-0.2744757,0.6996934
482.551419258,-0.1008414,-0.651054,-0.2705444,0.6995664
482.583979130,-0.1042538,-0.6527733,-0.2678435,0.6985025
482.619042874,-0.1091005,-0.6541741,-0.2644032,0.6977622
482.651602745,-0.1142968,-0.6554104,-0.2594823,0.6976175
482.684161663,-0.1189349,-0.6564738,-0.2559972,0.6971297
482.719226360,-0.121727,-0.6569144,-0.2537228,0.697064
482.751785278,-0.1232967,-0.6574701,-0.2534216,0.6963737
482.784345150,-0.1243638,-0.6584275,-0.2542296,0.6949835
482.819408894,-0.1253317,-0.6598487,-0.2562055,0.6927324
482.851968765,-0.1261743,-0.6607998,-0.2583498,0.690874
482.884527683,-0.1267051,-0.6609293,-0.2604438,0.6898661
482.919592381,-0.1268133,-0.6603641,-0.2632561,0.6893196
482.952151299,-0.1270341,-0.6601543,-0.2657406,0.6885262
482.984711170,-0.1282409,-0.6601261,-0.2665684,0.6880093
483.017270565,-0.1300779,-0.6600075,-0.2652285,0.6882961
483.052334785,-0.1312404,-0.6597896,-0.2633986,0.6889866
483.084894180,-0.1310772,-0.6599155,-0.2623852,0.6892838
483.117454052,-0.1202561,-0.6562839,-0.2516674,0.6986566
483.152517796,-0.105878,-0.6572325,-0.2509274,0.700356
483.185077667,-0.1025263,-0.6582796,-0.2677866,0.6935953
483.217636585,-0.09419626,-0.6591155,-0.2784596,0.6897694
483.252701283,-0.09383117,-0.6612246,-0.2827754,0.6860346
483.285260201,-0.09996135,-0.6609502,-0.2781106,0.6873389
483.317820072,-0.1048381,-0.66122,-0.2684957,0.6901701
483.352883816,-0.1057576,-0.6615286,-0.2592381,0.6932666
483.385443688,-0.1022161,-0.6616541,-0.2546382,0.6953797
483.418003559,-0.09550949,-0.6618001,-0.2545785,0.6962155
483.450562477,-0.08789106,-0.6621737,-0.2556315,0.6964779
483.485627174,-0.08019377,-0.6614358,-0.2553608,0.698205
483.518186092,-0.07238684,-0.6609372,-0.2539439,0.7000445
483.550745964,-0.063504,-0.6612262,-0.2526825,0.7010895
483.585809708,-0.05326923,-0.6614432,-0.2518317,0.7020425
483.618369579,-0.04408319,-0.6627332,-0.2508692,0.7018076
483.650928974,-0.03686081,-0.6656077,-0.2485424,0.7003299
483.685993195,-0.03344056,-0.6708084,-0.2433391,0.6973605
483.718552589,-0.03296981,-0.6760479,-0.2349238,0.6952056
483.751111984,-0.03474042,-0.6802918,-0.2243533,0.6944706
483.786176205,-0.04163843,-0.6861687,-0.2070369,0.6936874
483.818735599,-0.05266678,-0.6945155,-0.1760171,0.6931955
483.851294994,-0.06894974,-0.7056634,-0.1317588,0.6903276
483.883854866,-0.08952976,-0.7174981,-0.0806143,0.6836006
483.918918610,-0.1123931,-0.7281726,-0.02611462,0.6731108
483.951478481,-0.130109,-0.7365127,0.01821668,0.6609966
483.984037399,-0.1433527,-0.7445628,0.05533536,0.6470253
484.019102097,-0.1547686,-0.7529091,0.08840171,0.6308622
484.051661015,-0.1648509,-0.7591659,0.1143477,0.6164767
484.084220886,-0.1759976,-0.7631081,0.1370436,0.6037693
484.119284630,-0.1906269,-0.7645987,0.1595473,0.591796
484.151844502,-0.2064176,-0.7630405,0.1786498,0.5829862
484.184403896,-0.2228078,-0.7596223,0.1953245,0.5760267
484.219468117,-0.2389042,-0.7538829,0.2111499,0.5715146
484.252027512,-0.2478946,-0.7474112,0.222895,0.5717257
484.284586906,-0.2515312,-0.7427638,0.2276681,0.5743073
484.319651127,-0.2509371,-0.7395827,0.2243302,0.5799584
484.352210522,-0.2462942,-0.7357677,0.2168831,0.5895544
484.384769917,-0.237959,-0.7323815,0.2051739,0.6012689
484.417329788,-0.2297292,-0.7303552,0.1901042,0.6117956
484.452393532,-0.2233224,-0.7290612,0.1735705,0.6205625
484.484953404,-0.221131,-0.729233,0.159806,0.6248281
484.517512322,-0.2251807,-0.7285815,0.1473498,0.6271987
484.552577019,-0.2238797,-0.7355892,0.1453778,0.6199025
484.585135937,-0.2261659,-0.7363843,0.158025,0.6150146
484.617695809,-0.2323923,-0.7316248,0.175249,0.6137055
484.652759552,-0.2420668,-0.7296838,0.1871691,0.6087368
484.685319424,-0.2474563,-0.7283931,0.1949383,0.6056696
484.717878818,-0.2456047,-0.727953,0.2010147,0.604966
484.752943039,-0.236606,-0.7255644,0.2050174,0.6100569
484.785502434,-0.2250919,-0.7237189,0.202205,0.6174994
484.818062305,-0.2216834,-0.72648,0.1939814,0.618128
484.850621223,-0.2214596,-0.7281889,0.1885108,0.6178899
484.885685921,-0.2194416,-0.7285565,0.1867603,0.6187078
484.918244839,-0.2168808,-0.7282223,0.1846123,0.6206458
484.950804710,-0.2126585,-0.7304881,0.1785914,0.6212055
484.985868454,-0.2084034,-0.7343935,0.1698281,0.6205
485.018428326,-0.2082593,-0.7369629,0.1627975,0.6193856
485.050987244,-0.2113773,-0.7385144,0.1568907,0.6180041
485.086051941,-0.2169051,-0.7406577,0.1498916,0.6152548
485.118610859,-0.222406,-0.7432084,0.1428136,0.6118895
485.151170731,-0.2282086,-0.7453751,0.1357547,0.608716
485.186234474,-0.2360497,-0.7468073,0.1286897,0.6054965
485.218794346,-0.2441858,-0.7478529,0.1232855,0.6020944
485.251353741,-0.2504007,-0.74895,0.1190571,0.5990214
485.283913612,-0.2532616,-0.75041,0.1156363,0.5966567
485.318977356,-0.2528867,-0.7520002,0.113012,0.5953149
485.351537228,-0.2507088,-0.7533157,0.1118625,0.5947899
485.384096146,-0.2471897,-0.7546171,0.1113017,0.5947185
485.419160843,-0.2434679,-0.7558922,0.1104897,0.5947858
485.451719761,-0.2409864,-0.7566118,0.1098897,0.5949925
485.484279633,-0.239316,-0.7566882,0.1099307,0.5955616
485.519343376,-0.237784,-0.7565016,0.1100115,0.596397
485.551903248,-0.2357651,-0.7559906,0.1104511,0.5977637
485.584462166,-0.2333137,-0.7555016,0.1109677,0.5992463
485.619526863,-0.228656,-0.7562004,0.1092632,0.600472
485.652085781,-0.2244565,-0.758616,0.1095241,0.5989602
485.684645653,-0.2225827,-0.760197,0.1135426,0.596903
485.717205048,-0.222624,-0.7609318,0.1208698,0.5945079
485.752269268,-0.2181357,-0.7622201,0.1280787,0.59301
485.784828663,-0.204545,-0.7675994,0.1254475,0.5914754
485.817388535,-0.1786898,-0.7791929,0.1068247,0.5883406
485.852452278,-0.1444955,-0.7917348,0.07966361,0.5852849
485.885012150,-0.1179386,-0.7997297,0.05687799,0.5830227
485.917571068,-0.1049887,-0.8012274,0.04097095,0.5847744
485.952635765,-0.1046199,-0.7944488,0.04079458,0.5940281
485.985194683,-0.1047251,-0.7903871,0.05138158,0.5985888
486.017754555,-0.1030727,-0.78958,0.05621219,0.5995059
486.052818298,-0.1019923,-0.7906506,0.05577837,0.5983189
486.085378170,-0.1043209,-0.7884194,0.05271813,0.6011327
486.117937088,-0.1064658,-0.7849807,0.04757014,0.6056691
486.150496960,-0.1056188,-0.7824858,0.03982813,0.6095918
486.185560703,-0.1038709,-0.7820709,0.03193584,0.6108878
486.218120575,-0.1039736,-0.7822646,0.0292034,0.610759
486.250679970,-0.1054052,-0.7822737,0.02843169,0.6105383
486.285744190,-0.1075512,-0.7823039,0.02792376,0.6101487
486.318303585,-0.1079607,-0.7835572,0.02749117,0.6084854
486.350863457,-0.1094737,-0.7863787,0.02963666,0.6044611
486.385927200,-0.1124579,-0.7913866,0.0341882,0.5970923
486.418487072,-0.110459,-0.7925708,0.03740563,0.5957002
486.451045990,-0.1099242,-0.7918709,0.03523401,0.5968612
486.486110687,-0.1163332,-0.791393,0.03090276,0.5965201
486.518669605,-0.1199956,-0.7918848,0.0317841,0.595094
486.551229477,-0.1201382,-0.7936465,0.03150376,0.5927287
486.586293221,-0.1226542,-0.7953916,0.03136668,0.5898747
486.618853092,-0.1269727,-0.7965566,0.03329508,0.5872774
486.651412010,-0.129775,-0.7976845,0.03533061,0.5850105
486.683971882,-0.1310167,-0.7982326,0.03585884,0.5839531
486.719035625,-0.1319105,-0.798196,0.03639814,0.5837686
486.751595497,-0.1325797,-0.7982793,0.03702134,0.5834638
486.784154892,-0.1341186,-0.798638,0.03664798,0.582644
486.819219112,-0.1361955,-0.7988737,0.0362567,0.5818634
486.851778507,-0.1379333,-0.7991856,0.03562739,0.5810639
486.884338379,-0.1385109,-0.8000935,0.03514662,0.5797047
486.919402122,-0.1389574,-0.7999291,0.03622007,0.5797586
486.951961994,-0.1396421,-0.7994801,0.03703066,0.5801622
486.984520912,-0.1389012,-0.799527,0.03730593,0.5802577
487.019585609,-0.1370401,-0.7996019,0.03861791,0.5805112
487.052144527,-0.1374111,-0.7997271,0.03895928,0.580228
487.084704399,-0.1379567,-0.7997075,0.04001888,0.5800534
487.117263317,-0.1373259,-0.7991543,0.04087099,0.5809057
487.152327538,-0.1334934,-0.7971587,0.04051001,0.5845547
487.184886932,-0.1264929,-0.7934459,0.04017466,0.5911487
487.217446804,-0.118898,-0.7907718,0.03985104,0.5963075
487.252510548,-0.118906,-0.7897933,0.0396842,0.5976126
487.285070419,-0.1229343,-0.7893177,0.04000387,0.5974045
487.317629814,-0.1273512,-0.7901408,0.03812907,0.5955108
487.352693558,-0.132287,-0.7912962,0.0361716,0.5930176
487.385253430,-0.1351352,-0.7919188,0.03560062,0.5915771
487.417813301,-0.1350209,-0.7915872,0.03477072,0.592096
487.452877045,-0.1296189,-0.7887161,0.03554042,0.5970682
487.485435963,-0.1196366,-0.7845818,0.03631487,0.604506
487.517995834,-0.1122856,-0.7817751,0.03429712,0.6096484
487.550555229,-0.1120327,-0.7790391,0.03197823,0.6133122
487.585619450,-0.1110574,-0.7756841,0.03160658,0.6177451
487.618178845,-0.1152946,-0.7750151,0.02866296,0.6179522
487.650738239,-0.1239002,-0.7747138,0.02632302,0.6167673
487.685802460,-0.1291372,-0.7731143,0.02469323,0.6177668
487.718361854,-0.1265065,-0.7699735,0.02444075,0.6222276
487.750921249,-0.1238146,-0.7664886,0.02445995,0.6270523
487.785985470,-0.1234852,-0.7628444,0.02576326,0.6314932
487.818544865,-0.1230882,-0.759786,0.02638095,0.6352215
487.851104736,-0.1226496,-0.7571897,0.02545802,0.6384359
487.886168480,-0.1238091,-0.7547524,0.02444109,0.6411322
487.918728352,-0.1252699,-0.7521845,0.02431669,0.6438652
487.951287270,-0.1256315,-0.7493213,0.0249992,0.6470989
487.983847141,-0.1251881,-0.7465071,0.02531114,0.6504169
488.018910885,-0.1224447,-0.7431368,0.0254884,0.6547772
488.051470757,-0.1198095,-0.7407362,0.02445609,0.6580161
488.084030151,-0.1206311,-0.7389427,0.02434645,0.659884
488.119094372,-0.1250837,-0.7377406,0.02530263,0.6603639
488.151653767,-0.1304237,-0.7377684,0.02459157,0.6593258
488.184213162,-0.1345969,-0.7377363,0.02363795,0.6585574
488.219277382,-0.1369594,-0.7367882,0.02382614,0.6591247
488.251836777,-0.1374994,-0.7358794,0.0240509,0.6600187
488.284396172,-0.1352293,-0.7343976,0.02532138,0.6620875
488.319460392,-0.131575,-0.7326897,0.02661519,0.6646603
488.352019787,-0.1288356,-0.7315981,0.02732942,0.6663681
488.384579659,-0.1267825,-0.7305965,0.02787061,0.6678368
488.417138577,-0.125355,-0.7293422,0.02788853,0.6694743
488.452203274,-0.1249626,-0.7282844,0.02649248,0.6707549
488.484762192,-0.1248064,-0.7269837,0.02511743,0.6722462
488.517322064,-0.1248005,-0.7253657,0.02407821,0.6740307
488.552385807,-0.1246221,-0.7236764,0.02337869,0.6759015
488.584945679,-0.1244616,-0.7221502,0.02299132,0.6775746
488.617505074,-0.1240178,-0.7204897,0.02393057,0.6793888
488.652568817,-0.1228191,-0.7189502,0.02612643,0.6811544
488.685128689,-0.1230242,-0.7179132,0.02798885,0.6821364
488.717688084,-0.1253741,-0.7170689,0.03161714,0.6824381
488.752752304,-0.1282377,-0.7160174,0.03670246,0.6827555
488.785311222,-0.1290292,-0.7160197,0.04025279,0.6824036
488.817871094,-0.1278631,-0.7161209,0.04205374,0.6824083
488.852934837,-0.1258204,-0.7158551,0.04328835,0.6829895
488.885494709,-0.1239552,-0.7154064,0.0440921,0.6837488
488.918053627,-0.1219552,-0.7147346,0.04441792,0.6847891
488.950613499,-0.119956,-0.7150709,0.0431094,0.6848748
488.985677242,-0.1183553,-0.7150135,0.04403441,0.6851542
489.018237114,-0.1174246,-0.7156503,0.04479893,0.6845998
489.050796509,-0.1193072,-0.7159342,0.0453044,0.6839438
489.085860729,-0.1209547,-0.7155551,0.04644411,0.6839748
489.118420124,-0.1210516,-0.7153459,0.04599538,0.6842068
489.150979996,-0.1207408,-0.7143417,0.0445596,0.6854049
489.186043739,-0.1188465,-0.7118088,0.0429468,0.6884672
489.218603611,-0.1160003,-0.7099056,0.04104653,0.691029
489.251162529,-0.1143217,-0.7081587,0.03861479,0.6932377
489.286227226,-0.1137868,-0.7059044,0.03755097,0.6956789
489.318786144,-0.1127663,-0.7044455,0.03746278,0.6973268
489.351346016,-0.1124624,-0.7035035,0.03709337,0.6983458
489.383904934,-0.1124613,-0.7028993,0.03733396,0.6989412
489.418969631,-0.1131232,-0.7029439,0.03749468,0.698781
489.451528549,-0.1143424,-0.7033561,0.03802602,0.6981388
489.484088421,-0.1156455,-0.7040204,0.03849562,0.6972283
489.519152165,-0.1144355,-0.7039285,0.03890967,0.6974977
489.551712036,-0.1098457,-0.7024609,0.03863372,0.6997269
489.584271431,-0.1043789,-0.7000003,0.03766146,0.7030746
489.619335175,-0.1015426,-0.6983773,0.03792563,0.705087
489.651895046,-0.1057668,-0.698235,0.03916651,0.7045387
489.684454918,-0.1140966,-0.6986263,0.03993103,0.7028061
489.719518661,-0.1214406,-0.6986814,0.03982219,0.7015258
489.752077579,-0.1219438,-0.697283,0.03972701,0.7028341
489.784637451,-0.119166,-0.6944209,0.04011883,0.7061143
489.817196846,-0.1149401,-0.6917127,0.04051173,0.7094427
489.852261066,-0.1097153,-0.6886005,0.0408945,0.7132652
489.884820461,-0.1073087,-0.6856948,0.04222266,0.7163466
489.917379856,-0.1075858,-0.683143,0.04385317,0.7186415
489.952444077,-0.1081201,-0.6801174,0.04502694,0.7213534
489.985003471,-0.1082661,-0.6771801,0.04599341,0.7240289
490.017562866,-0.1096147,-0.6740839,0.04744016,0.7266173
490.052627087,-0.1117787,-0.6707436,0.04932458,0.7292486
490.085186481,-0.1133694,-0.6673658,0.05102963,0.7319796
490.117746353,-0.1151504,-0.6630952,0.05327067,0.7354149
490.152810097,-0.1172961,-0.6573909,0.05615789,0.7399681
490.185369968,-0.1197938,-0.6505899,0.05881654,0.7453526
490.217928886,-0.1219188,-0.6413767,0.06302492,0.7526137
490.250488758,-0.1252373,-0.6305069,0.06878896,0.7607053
490.285552502,-0.130312,-0.6161435,0.07575876,0.7708918
490.318112373,-0.1356423,-0.59934,0.08362445,0.7823218
490.350671768,-0.139968,-0.5803826,0.09324947,0.794668
490.385735989,-0.1434791,-0.5586714,0.1015749,0.8084616
490.418295384,-0.147055,-0.5361931,0.113918,0.8212929
490.450855255,-0.1466385,-0.5125982,0.1260569,0.8345523
490.485918999,-0.1374577,-0.4843241,0.1320048,0.8519024
490.518478394,-0.1218934,-0.4560897,0.1210298,0.8712656
490.551037789,-0.1068761,-0.4260617,0.09509104,0.8914226
490.586101532,-0.1021756,-0.3925806,0.06978738,0.9095043
490.618661404,-0.1058037,-0.3617761,0.05554382,0.9227492
490.651220322,-0.11033,-0.3314468,0.05170859,0.9337687
490.686285019,-0.110949,-0.2980622,0.0472571,0.9451157
490.718843937,-0.1105978,-0.2681974,0.03330002,0.9546502
490.751403809,-0.1134345,-0.2394264,0.01503495,0.9623976
490.783963203,-0.1200714,-0.2142638,-0.008633655,0.9675882
490.819027424,-0.1315798,-0.1853023,-0.03104152,0.9716038
490.851586819,-0.1380738,-0.1608309,-0.04554452,0.9744857
490.884146690,-0.1305797,-0.1104791,-0.06947847,0.9810931
490.919210434,-0.1410062,-0.0793639,-0.1448288,0.974408
490.951770306,-0.1610315,-0.05807907,-0.1769647,0.9674745
490.984329224,-0.1682408,-0.02422456,-0.1551091,0.9714304
491.019393921,-0.1768105,0.01702089,-0.1138031,0.9757689
491.051952839,-0.1816653,0.04088995,-0.07232031,0.9781222
491.084512711,-0.1869472,0.05295749,-0.03465888,0.9786075
491.119576454,-0.199389,0.04224299,-0.0235971,0.9770008
491.152136326,-0.1997446,0.01682592,-0.03068902,0.9774992
491.184695244,-0.1876391,-0.003304923,-0.03165933,0.9800031
491.217255116,-0.1902817,-0.02054255,-0.0483986,0.9785991
491.252318859,-0.1978367,-0.02872958,-0.06137773,0.9761637
491.284878731,-0.1990789,-0.02172368,-0.05046667,0.9767172
491.317438126,-0.1967725,-0.01248608,-0.03788251,0.9779148
491.352501869,-0.1999374,-0.008580954,-0.04193525,0.9771492
491.385061741,-0.200418,-0.009190324,-0.04902349,0.9767153
491.417620659,-0.2000403,-0.01158345,-0.04905582,0.9767655
491.452685356,-0.1990222,-0.01264504,-0.03881101,0.9774208
491.485244274,-0.198525,-0.01285657,-0.02972732,0.9778377
491.517804146,-0.1984995,-0.01251422,-0.02557249,0.9779648
491.552867890,-0.1981843,-0.01036185,-0.02482008,0.9780732
491.585427761,-0.1984656,-0.007517823,-0.02450875,0.9780501
491.617987156,-0.1989454,-0.003904242,-0.02185133,0.9780367
491.650546551,-0.1995736,-0.002486739,-0.01827632,0.9779867
491.685610771,-0.1992896,-0.0039483,-0.01717503,0.9780597
491.718170166,-0.1993627,-0.006698972,-0.0206407,0.9779628
491.750729561,-0.1997408,-0.008764173,-0.02363502,0.9778016
491.785793781,-0.2003755,-0.01098865,-0.02188987,0.9776898
491.818353176,-0.1999529,-0.01137997,-0.01619893,0.9778828
491.850913048,-0.1996481,-0.01187781,-0.01303024,0.9779864
491.885976791,-0.2005879,-0.0136249,-0.01360998,0.9777634
491.918536663,-0.1997143,-0.01416209,-0.01210198,0.9779544
491.951095581,-0.1997,-0.0143064,-0.01165597,0.9779606
491.986159325,-0.1998675,-0.01405278,-0.00880774,0.9779599
492.018719196,-0.2005141,-0.01428052,-0.005241893,0.9778498
492.051278591,-0.2004278,-0.01331664,-0.001152688,0.9778946
492.083838463,-0.1994841,-0.01005379,0.003569077,0.9781207
492.118902206,-0.1985333,-0.005981433,0.01007728,0.978302
492.151462078,-0.1968489,-0.003883279,0.01556191,0.9785811
492.184020996,-0.193349,-0.004353342,0.01938549,0.9792085
492.219085693,-0.1900765,-0.009685756,0.01895812,0.9798191
492.251644611,-0.1868263,-0.01489554,0.01981925,0.9803617
492.284204483,-0.1801664,-0.01938958,0.02356633,0.9814461
492.319268227,-0.1719755,-0.0246214,0.0302503,0.9826143
492.351828098,-0.1665908,-0.03051133,0.03388222,0.9832579
492.384387016,-0.1615772,-0.0369634,0.03709534,0.9837571
492.419451714,-0.1568773,-0.04471408,0.03959844,0.9840986
492.452010632,-0.1537345,-0.05201657,0.04172289,0.9841478
492.484570503,-0.1519434,-0.05858946,0.04331575,0.9839877
492.517129898,-0.1510812,-0.06419139,0.04442083,0.9837217
492.552194119,-0.1502711,-0.06880771,0.04652552,0.9834364
492.584753513,-0.148994,-0.07150909,0.04940035,0.9832978
492.617313385,-0.1477033,-0.07328598,0.05293356,0.9831778
492.652377129,-0.1459434,-0.07500591,0.0574067,0.9830599
492.684937000,-0.1445243,-0.07639881,0.06076567,0.9829604
492.717495918,-0.1427948,-0.07773472,0.06242254,0.9830046
492.752559662,-0.140873,-0.08114319,0.06476514,0.9828548
492.785119533,-0.1399516,-0.08599719,0.06669972,0.9824444
492.852743149,-0.1405721,-0.1002051,0.06723612,0.9809717
492.885302544,-0.1426796,-0.1089505,0.06752744,0.9797143
492.917861938,-0.1456362,-0.1178527,0.06927994,0.9781252
492.952926159,-0.148711,-0.1261428,0.07322463,0.9763395
492.985485554,-0.1516153,-0.1325036,0.079144,0.9745868
493.018044949,-0.1540404,-0.137251,0.0847019,0.9730812
493.118228436,-0.1628504,-0.1569553,0.0762834,0.9693571
493.150787354,-0.1655818,-0.164403,0.06939938,0.9681764
493.185852051,-0.1688437,-0.1721382,0.06103298,0.9668314
493.218410969,-0.1712437,-0.1783876,0.0541177,0.9656875
493.250970841,-0.1725107,-0.1833904,0.04793573,0.9648512
493.286034584,-0.1727071,-0.187939,0.04167783,0.9642313
493.318594456,-0.1721336,-0.192295,0.03426397,0.9637667
493.351153851,-0.1711032,-0.1981341,0.02417829,0.963073
493.386217594,-0.1693158,-0.205964,0.01327305,0.9619576
493.418777466,-0.1667426,-0.2135575,0.007493472,0.960813
493.451337338,-0.1636994,-0.2208494,0.004888793,0.9597041
493.483896256,-0.1608889,-0.2278432,0.0009981851,0.9585556
493.518959999,-0.1584745,-0.2349343,-0.006552629,0.9572233
493.551519871,-0.1571821,-0.2407151,-0.01534925,0.9558986
493.584078789,-0.1569241,-0.2454194,-0.02208242,0.9546121
493.619143486,-0.1579196,-0.2499152,-0.02823466,0.9531181
493.651702404,-0.1594809,-0.25487,-0.03507908,0.9513171
493.684262276,-0.160965,-0.2600673,-0.03985742,0.9494705
493.719326019,-0.1621933,-0.2652994,-0.04202734,0.9477188
493.751885891,-0.1632273,-0.2697983,-0.04306546,0.9462234
493.784445286,-0.1645892,-0.2736674,-0.04142375,0.9449489
493.819509506,-0.1669875,-0.2768184,-0.03705425,0.943791
493.852068901,-0.1691528,-0.2796209,-0.03249184,0.9427467
493.884628773,-0.171161,-0.2825257,-0.02839986,0.9416498
493.917187691,-0.1721183,-0.2852078,-0.02387489,0.9407919
493.952252388,-0.1717024,-0.2875812,-0.02047032,0.9402255
493.984811306,-0.1710632,-0.2890958,-0.019424,0.9398997
494.017371178,-0.1709132,-0.2898203,-0.02005748,0.9396905
494.052434921,-0.1711653,-0.2898626,-0.0193704,0.9396459
494.084994793,-0.1720518,-0.2906697,-0.01863138,0.9392496
494.117553711,-0.1739355,-0.2926792,-0.01889233,0.9382729
494.152617931,-0.1766941,-0.2951902,-0.0177847,0.9369916
494.185177326,-0.1792861,-0.2973575,-0.01598494,0.9358457
494.217736721,-0.1813212,-0.299693,-0.01475076,0.9347283
494.252800942,-0.1828878,-0.3027871,-0.01431307,0.9334317
494.285360336,-0.1840905,-0.3056939,-0.01453244,0.9322438
494.317920208,-0.1849935,-0.3078255,-0.01464822,0.9313613
494.350479126,-0.1849643,-0.3090915,-0.01444823,0.930951
494.385543823,-0.1843392,-0.3101053,-0.01483394,0.9307316
494.418102741,-0.183656,-0.3114296,-0.01585075,0.9304078
494.450662613,-0.1830778,-0.3126343,-0.01733968,0.930091
494.485726357,-0.1816861,-0.3123797,-0.02057671,0.9303835
494.518286228,-0.1791784,-0.3111103,-0.02345065,0.9312268
494.550845623,-0.1761881,-0.3099813,-0.02561144,0.9321164
494.585909844,-0.1734553,-0.3098972,-0.02924893,0.9325499
494.618469238,-0.1719542,-0.3098786,-0.03277148,0.9327169
494.651028633,-0.1716049,-0.3087876,-0.03464689,0.9330751
494.686092853,-0.172354,-0.306409,-0.03392627,0.9337474
494.718652248,-0.1734045,-0.3041743,-0.03221917,0.9343439
494.751211643,-0.1745239,-0.3025463,-0.02951245,0.9347534
494.783771515,-0.1752591,-0.3015113,-0.02584707,0.9350587
494.818835258,-0.1758349,-0.2993035,-0.01938593,0.9358159
494.851395130,-0.1768349,-0.2951453,-0.01187192,0.9370728
494.883954048,-0.1786042,-0.2904942,-0.004627855,0.9382536
494.919017792,-0.1799945,-0.2867143,-4.987713E-05,0.9391616
494.951577663,-0.1799428,-0.2852805,0.0003365185,0.939608
494.984137535,-0.1783358,-0.2841313,0.0009053723,0.940262
495.019201279,-0.1754255,-0.2819511,0.002176785,0.941463
495.051760674,-0.1724985,-0.2787182,0.003479653,0.9429613
495.084320545,-0.1698703,-0.2751039,0.003666084,0.9444978
495.119384289,-0.167727,-0.2715148,0.003576312,0.9459188
495.151944160,-0.1663441,-0.268713,0.003120102,0.946964
495.184503079,-0.1654456,-0.2660612,0.002734992,0.947871
495.219567776,-0.1648787,-0.2643512,0.001461595,0.9484509
495.252126694,-0.1648054,-0.2657832,-0.0008981388,0.948064
495.284686565,-0.1670496,-0.2717745,-0.007028987,0.9459447
495.317245483,-0.1744238,-0.2839367,-0.02090181,0.9408226
495.352310181,-0.1877738,-0.2957532,-0.01491205,0.9347066
495.384869099,-0.1959334,-0.3077632,-0.003924837,0.9292493
495.417428970,-0.198264,-0.3216117,0.004519423,0.9240479
495.452492714,-0.1974805,-0.337101,0.01052792,0.9186301
495.485052586,-0.1945094,-0.3525783,0.0109499,0.9134344
495.517611981,-0.1912233,-0.3682741,0.008885528,0.9079409
495.552676201,-0.1884283,-0.3832014,0.008571581,0.9023335
495.585235596,-0.1859925,-0.3955683,0.01119031,0.8974603
495.617795468,-0.1831485,-0.4075519,0.01407399,0.8926297
495.652859211,-0.1797914,-0.42059,0.01554435,0.8872232
495.685419083,-0.1776774,-0.4324259,0.01681322,0.8819203
495.717978001,-0.1765727,-0.4436612,0.01894761,0.8765019
495.750537872,-0.1752503,-0.454732,0.02073579,0.8710361
495.785601616,-0.174993,-0.4671329,0.02159141,0.8644801
495.818161011,-0.1765746,-0.4782635,0.02266206,0.8580207
495.850720406,-0.1780132,-0.489813,0.02659688,0.8510669
495.885784626,-0.1778726,-0.5030141,0.03290387,0.8431389
495.918344021,-0.17523,-0.5159747,0.03738001,0.8356404
495.950903416,-0.1712467,-0.5296655,0.03619301,0.8279171
495.985967636,-0.1695015,-0.5447757,0.03592897,0.8184287
496.018527031,-0.1698047,-0.5584699,0.0384482,0.8089668
496.051086903,-0.1694952,-0.5728805,0.03887525,0.7988715
496.086150646,-0.1687151,-0.5893377,0.03705341,0.7870649
496.118710518,-0.1689647,-0.6040472,0.03655586,0.7758024
496.151269436,-0.1691943,-0.6176703,0.03775388,0.7648916
496.183829308,-0.1677347,-0.6308931,0.03921728,0.7542737
496.218893051,-0.1651474,-0.6448922,0.0422505,0.7427537
496.251452923,-0.1624977,-0.6572512,0.04380034,0.7323418
496.284012318,-0.1600445,-0.6692145,0.04385975,0.7219707
496.319076538,-0.1574216,-0.6811575,0.04499083,0.7112289
496.351635933,-0.1553965,-0.691916,0.04614189,0.7011439
496.384195805,-0.1553213,-0.7015931,0.04803043,0.6913489
496.419259548,-0.1564091,-0.7102442,0.05189271,0.6819268
496.451818943,-0.1571908,-0.7177511,0.0557711,0.6735291
496.484378338,-0.1570808,-0.7250536,0.0589644,0.6654125
496.519442558,-0.1558081,-0.7328542,0.06013408,0.6570085
496.552001953,-0.1571168,-0.7403004,0.0605225,0.6482548
496.584561825,-0.1613252,-0.7472684,0.06280895,0.6389418
496.617120743,-0.1658391,-0.7534735,0.06602862,0.6301134
496.652184486,-0.1698847,-0.7591661,0.06836265,0.6219006
496.684744358,-0.1734391,-0.7641605,0.07043146,0.614528
496.717303753,-0.1766468,-0.7688935,0.07204878,0.6074828
496.752367973,-0.1794241,-0.7740103,0.0741418,0.5998715
496.784927368,-0.1810419,-0.7780008,0.07457704,0.5941419
496.817487240,-0.1822622,-0.7819706,0.0748891,0.5884913
496.852550983,-0.1823546,-0.7857729,0.07477622,0.5833901
496.885110855,-0.1817207,-0.7896183,0.07432934,0.5784319
496.917669773,-0.1820668,-0.7934703,0.07373171,0.5731038
496.952734470,-0.1834983,-0.7969299,0.07360776,0.5678387
496.985293388,-0.1850813,-0.8005002,0.07366919,0.5622678
497.017853260,-0.1864838,-0.803741,0.07339805,0.5571936
497.050412178,-0.1864175,-0.8069339,0.07343747,0.5525767
497.085476875,-0.1865886,-0.8098619,0.07267535,0.5483197
497.118035793,-0.1864371,-0.8116733,0.07105792,0.5458993
497.150595665,-0.1856426,-0.8129607,0.06983462,0.5444102
497.185659409,-0.1839494,-0.8127315,0.06813959,0.5455409
497.218219280,-0.1793829,-0.8110914,0.0641848,0.5499641
497.250778675,-0.1744453,-0.8087921,0.0596812,0.5554187
497.285842896,-0.1702864,-0.8061042,0.05765161,0.5608052
497.318402290,-0.1675254,-0.8036331,0.05625544,0.5653073
497.350962162,-0.1642898,-0.8015045,0.05275164,0.5696002
497.386025906,-0.1611816,-0.7986761,0.04792936,0.574863
497.418584824,-0.1587326,-0.7951906,0.04395406,0.5806648
497.451144695,-0.1560797,-0.7940028,0.04315749,0.5830643
497.486208439,-0.1542782,-0.7947495,0.04437809,0.5824342
497.518768311,-0.1538812,-0.7959058,0.0465723,0.5807868
497.551327706,-0.1551338,-0.7966771,0.04987682,0.5791193
497.583887100,-0.1573559,-0.7975211,0.0522003,0.5771501
497.618951321,-0.1599415,-0.7995223,0.05241116,0.5736405
497.651510715,-0.1621264,-0.8016771,0.05178669,0.5700655
497.684070110,-0.1638504,-0.8035137,0.05153034,0.5670019
497.719134331,-0.1649919,-0.8050066,0.0514145,0.5645584
497.751693726,-0.1657678,-0.8060738,0.050779,0.5628636
497.784253597,-0.1666672,-0.8065378,0.05005275,0.5619975
497.819317341,-0.1676661,-0.8055713,0.04979082,0.5631087
497.851877212,-0.1681106,-0.80387,0.04925089,0.5654502
497.884436130,-0.1670186,-0.8024122,0.04801284,0.5679453
497.919500828,-0.1636787,-0.8010698,0.04659117,0.5709233
497.952059746,-0.1604583,-0.7994507,0.04547659,0.5741875
497.984619617,-0.1598008,-0.7965335,0.04334649,0.5785732
498.017179012,-0.1642413,-0.790906,0.0433622,0.5850126
498.052242756,-0.1732678,-0.7839021,0.04747279,0.591481
498.084802628,-0.1829186,-0.7757177,0.05259912,0.5988855
498.117362499,-0.1903598,-0.7639642,0.05481587,0.6113467
498.152426243,-0.19239,-0.7524294,0.04867712,0.6253753
498.184985161,-0.1889248,-0.7449035,0.03603423,0.6362039
498.217545033,-0.1844486,-0.7363374,0.01881058,0.6481203
498.252608776,-0.1825573,-0.7270793,0.0003185533,0.6592846
498.285168648,-0.1811915,-0.719117,-0.01394,0.6681869
498.317727566,-0.1766178,-0.7113125,-0.02343317,0.6774358
498.352792263,-0.1595568,-0.7209157,-0.02607414,0.6713941
498.385351181,-0.1461377,-0.7242232,-0.02606842,0.6708894
498.417911053,-0.1452974,-0.7253281,-0.02574021,0.6698903
498.450470448,-0.147424,-0.7232009,-0.02196576,0.671857
498.485534668,-0.1497525,-0.7208475,-0.01901005,0.6739579
498.518094063,-0.154413,-0.7185582,-0.01633212,0.6754198
498.550653935,-0.1593049,-0.7165322,-0.01224776,0.6765215
498.585717678,-0.1618394,-0.7155253,-0.008814834,0.6770388
498.618277550,-0.1611113,-0.7161704,-0.007455201,0.6765465
498.650836468,-0.160328,-0.7173854,-0.00731944,0.675446
498.685900211,-0.1607976,-0.7176202,-0.007559306,0.6750821
498.718460083,-0.1623163,-0.717006,-0.008118379,0.6753648
498.751019955,-0.1634867,-0.7167056,-0.008547104,0.6753959
498.786083698,-0.1638229,-0.7170936,-0.008236285,0.6749064
498.818643093,-0.1640987,-0.717309,-0.007475683,0.6746193
498.851202488,-0.1644045,-0.7170821,-0.007043703,0.6747907
498.883761883,-0.1649553,-0.7166492,-0.00704604,0.6751161
498.918826103,-0.1654211,-0.7163574,-0.007035185,0.6753119
498.951385498,-0.1657221,-0.7162181,-0.006899639,0.6753872
498.983945370,-0.1660782,-0.7160485,-0.006602684,0.6754826
499.019009113,-0.1665522,-0.7159064,-0.006422632,0.6755183
499.051568985,-0.1670648,-0.7158304,-0.006391864,0.6754724
499.084127903,-0.167604,-0.7157516,-0.006374389,0.6754226
499.119192600,-0.1681273,-0.7156563,-0.006512273,0.6753922
499.151751518,-0.1687754,-0.7155962,-0.006712939,0.6752923
499.184311390,-0.1694766,-0.7155421,-0.006931353,0.6751717
499.219375134,-0.1699973,-0.7155064,-0.006944873,0.6750785
