Time (s),Gyroscope X (deg/s),Gyroscope Y (deg/s),Gyroscope Z (deg/s),Accelerometer X (g),Accelerometer Y (g),Accelerometer Z (g),Magnetometer X (uT),Magnetometer Y (uT),Magnetometer Z (uT),Barometer (hPa)
0.016672134,-0.44212,-0.02155168,-0.1144916,0.01113698,0.7834111,-0.617169,-0.5543599,-24.60259,3.078212,1008.314
0.048949242,-0.06835972,-0.07972492,0.06866337,0.006296816,0.7838664,-0.6215069,-0.9280714,-24.23891,2.705632,1008.314
0.081226826,0.4887092,0.09611928,0.2507274,0.005351199,0.7761338,-0.6176813,-0.5550213,-24.23807,3.073596,1008.316
0.115986347,0.3620923,-0.02167128,0.2491684,0.008228837,0.7863063,-0.6171463,-0.5550213,-24.23807,3.073596,1008.314
0.148263454,-0.5670635,-0.1386935,-0.2993577,0.008235037,0.784866,-0.6137704,-0.9280714,-24.23891,2.705632,1008.316
0.183023453,-0.3780319,-0.1965481,-0.05479703,0.005337945,0.7829203,-0.6142586,-0.9280714,-24.23891,2.705632,1008.316
0.215296745,-0.2535547,-0.01974905,-0.1152657,0.006792285,0.7800078,-0.6181459,-0.9280714,-24.23891,2.705632,1008.316
0.250057220,-0.005499445,-0.3124033,-0.1756238,0.005817183,0.7833926,-0.6181246,-0.5652945,-24.2429,2.700116,1008.314
0.282333851,-0.005263321,-0.01809447,-0.1749461,0.007256646,0.7867711,-0.621976,-0.9400567,-24.24454,2.269905,1008.313
0.314611435,0.2419526,-0.01783693,0.2515873,0.005803324,0.7877332,-0.6224508,-0.9400567,-24.24454,2.269905,1008.313
0.349371433,0.5495149,0.2165001,0.4940356,0.003883,0.7833871,-0.6181204,-0.9400567,-24.24454,2.269905,1008.313
0.381648540,-0.5662873,0.09843313,0.1270847,0.007737902,0.7877403,-0.6219715,-1.290848,-24.23492,2.711147,1008.313
0.416404247,-0.934691,-0.07819904,0.1265077,0.01064846,0.7853437,-0.6176404,-1.290848,-24.23492,2.711147,1008.311
0.448681354,-0.3742067,0.27406,0.2477779,0.01162849,0.7795361,-0.6186424,-1.653625,-24.23093,2.716663,1008.309
0.483441353,-0.4962006,-0.2544187,-0.1792828,0.009687129,0.7834102,-0.616199,-0.9280714,-24.23891,2.705632,1008.309
0.515718460,0.0007751733,-0.07760477,0.003620322,0.004359679,0.786292,-0.6181049,-0.9280714,-24.23891,2.705632,1008.309
0.547995567,0.3102121,-0.3119338,-0.1787007,0.003395979,0.7843486,-0.6195642,-0.9171368,-24.5986,3.083728,1008.309
0.582756042,0.6179414,-0.1352478,0.004007513,0.006290303,0.7862827,-0.6224601,-0.5766184,-24.61305,2.269005,1008.308
0.615029335,-0.06531546,-0.01760411,0.06477904,0.006790434,0.7814661,-0.6162038,-0.5766184,-24.61305,2.269005,1008.306
0.649789333,-0.6829184,-0.1349325,0.003592496,0.007759855,0.7809899,-0.6147583,-1.279252,-24.95913,3.093859,1008.31
0.682066441,-0.1227999,-0.1935455,0.247264,0.005814331,0.7824033,-0.6244149,-0.5543599,-24.60259,3.078212,1008.308
0.716825962,0.3108936,0.1583243,0.4896355,0.007273063,0.7799977,-0.621531,-0.5543599,-24.60259,3.078212,1008.304
0.749103546,0.1855627,0.392288,0.3050657,0.01016293,0.7853342,-0.6200566,-0.5646331,-24.60742,2.704732,1008.304
0.781380653,-0.6195679,-0.07725769,-0.0609617,0.007745997,0.7853305,-0.6190845,-0.5646331,-24.60742,2.704732,1008.307
0.816136360,-0.1838107,-0.2527323,0.06113007,0.006790476,0.781955,-0.6147507,-0.5646331,-24.60742,2.704732,1008.304
0.848413467,0.002587274,-0.07599854,0.0004563578,0.009687754,0.7814581,-0.6210445,-0.5639715,-24.97193,2.709348,1008.308
0.883173943,-0.1210411,-0.07544413,-0.303867,0.005822239,0.7824361,-0.6147459,-0.9387337,-24.97358,2.279137,1008.308
0.915451050,0.002583273,0.04237956,0.001119443,0.01162088,0.7829252,-0.6181397,-0.5646331,-24.60742,2.704732,1008.308
0.950211048,0.2500388,0.04263515,0.0009612126,0.00389022,0.7799963,-0.6191066,-0.5646331,-24.60742,2.704732,1008.304
0.982488155,0.06337076,-0.01631523,0.1221697,0.006787354,0.7824307,-0.6171653,-1.290187,-24.59944,2.715763,1008.304
1.014761448,-0.370178,0.04243548,0.2435724,0.004374868,0.7790248,-0.6205634,-0.5652945,-24.2429,2.700116,1008.304
1.049520969,-0.4304295,0.2186704,-0.1223573,0.009693247,0.7809922,-0.6157293,-0.5652945,-24.2429,2.700116,1008.304
1.081798553,-0.4906099,-0.01594557,0.06029466,0.01257415,0.7877575,-0.621015,-1.290187,-24.59944,2.715763,1008.304
1.116558075,-0.3030993,-0.3680922,-0.06177498,0.005822239,0.7824361,-0.6147459,-1.289525,-24.96395,2.720379,1008.31
1.148835182,0.007654421,-0.01531385,-0.0007353632,0.007277413,0.7800157,-0.6162131,-1.289525,-24.96395,2.720379,1008.308
1.183595657,0.2550678,-0.1909686,0.0603997,0.01016352,0.7828932,-0.6263552,-0.5652945,-24.2429,2.700116,1008.308
1.215868950,0.3154188,-0.07307918,-0.06144091,0.007753259,0.7824285,-0.6186176,-0.9267484,-24.96794,2.714863,1008.301
1.248146057,-0.1190019,-0.01411546,-0.06136267,0.006299314,0.7853428,-0.614247,-0.9267484,-24.96794,2.714863,1008.302
1.282906055,-0.4277058,-0.0729222,0.06031027,0.01063913,0.7872598,-0.6234307,-0.5550213,-24.23807,3.073596,1008.302
1.315183163,-0.3634445,-0.07280881,-0.0005129527,0.01306698,0.7853539,-0.6166787,-0.5543599,-24.60259,3.078212,1008.301
1.349943161,0.3803568,-0.2490211,0.1211414,0.009681012,0.7858282,-0.6166687,-0.5543599,-24.60259,3.078212,1008.301
1.382220268,0.1311642,0.04440311,0.2422805,0.006781986,0.7843632,-0.6181211,-0.5530367,-25.33162,3.087444,1008.301
1.416975975,-0.05484578,-0.1316421,-0.06306586,0.01018093,0.7785674,-0.6176779,-1.290848,-24.23492,2.711147,1008.301
1.449253082,-0.3641405,-0.07255004,-0.06290409,0.01160939,0.7872757,-0.6195652,-1.290848,-24.23492,2.711147,1008.301
1.481530189,-0.05344852,-0.2480498,-0.1235694,0.007748909,0.7824105,-0.6239355,-0.9164753,-24.96311,3.088344,1008.305
1.516290665,0.008817695,-0.129905,-0.06214331,0.006787354,0.7824307,-0.6171653,-0.9171368,-24.5986,3.083728,1008.303
1.548568249,-0.1767504,-0.1296701,0.120913,0.002911643,0.7843439,-0.62053,-0.9171368,-24.5986,3.083728,1008.303
1.583327770,0.00940188,-0.3640592,-0.0618667,0.009688274,0.7829262,-0.6162018,-0.9158137,-25.32763,3.092959,1008.301
1.615601063,0.1331941,0.1057399,0.05992266,0.008690201,0.7950119,-0.6190315,-0.9267484,-24.96794,2.714863,1008.301
1.650361061,0.07075268,-0.01157756,-0.001586576,0.004373287,0.7790183,-0.6224972,-0.9267484,-24.96794,2.714863,1008.301
1.682638168,0.008607328,-0.01154863,-0.001885823,0.007742085,0.785803,-0.6224659,-0.9177983,-24.23408,3.079112,1008.301
1.714915276,-0.2383699,0.1645883,-0.002107462,0.006779697,0.7853311,-0.6181156,-0.9171368,-24.5986,3.083728,1008.301
1.749675274,-0.2995306,0.1058993,0.1195156,0.01162127,0.7829269,-0.6176562,-0.9171368,-24.5986,3.083728,1008.301
1.781952381,-0.4225485,-0.3048443,0.05841289,0.01211424,0.7775919,-0.6215551,-0.5536985,-24.9671,3.082828,1008.301
1.816708565,0.0118389,-0.06933932,-0.06343822,0.006790267,0.7795108,-0.6220163,-0.5543599,-24.60259,3.078212,1008.303
1.848986149,0.197381,-0.1275754,-0.06298857,0.005822468,0.7804825,-0.6200749,-0.5543599,-24.60259,3.078212,1008.307
1.881263256,0.1347001,-0.1270923,-0.001752725,0.008728487,0.7805104,-0.6142797,-0.9267484,-24.96794,2.714863,1008.307
1.916022778,-0.2370721,-0.008944947,-0.1842996,0.008717542,0.781931,-0.6234569,-0.1789362,-24.96546,3.51304,1008.305
1.948299885,-0.2358336,0.0500153,-0.06233599,0.006784898,0.7814432,-0.6229721,-0.9164753,-24.96311,3.088344,1008.304
1.983059883,-0.1105014,-0.06689174,-0.06192839,0.01162162,0.7824396,-0.6186259,-0.9164753,-24.96311,3.088344,1008.304
2.015333176,0.3232977,-0.1251929,-0.0007735677,0.006776264,0.7867828,-0.6181074,-1.289525,-24.96395,2.720379,1008.304
2.050093174,0.5074108,-0.007514401,0.3034551,0.00726368,0.7858229,-0.6161801,-0.9177983,-24.23408,3.079112,1008.302
2.082370281,-0.1133054,-0.06659174,0.1198739,0.01112888,0.7858209,-0.6200559,-0.9177983,-24.23408,3.079112,1008.302
2.114647388,-0.422031,-0.1834863,-0.1847829,0.003876175,0.7867794,-0.6166508,-0.9260868,-25.33246,2.719479,1008.302
2.149407864,-0.2340832,0.05214847,-0.30614,0.007273147,0.7809754,-0.6186249,-0.5543599,-24.60259,3.078212,1008.302
2.181684971,0.1380323,-0.1821757,-0.1836986,0.008728799,0.7795343,-0.6167024,-0.5543599,-24.60259,3.078212,1008.3
2.216440677,-0.1100986,-0.06400739,-0.06135496,0.003402138,0.7824194,-0.6176414,-0.5759568,-24.97757,2.273621,1008.3
2.248717785,-0.0478511,-0.0635254,-0.060761,0.004841331,0.7872629,-0.617617,-0.9267484,-24.96794,2.714863,1008.299
2.283477783,0.1996508,-0.1220418,0.0003123274,0.002907814,0.7857941,-0.6210052,-0.9267484,-24.96794,2.714863,1008.297
2.315754890,0.3223566,0.05419608,0.06094565,0.007273938,0.7809787,-0.617658,-0.5543599,-24.60259,3.078212,1008.297
2.348031998,-0.1121118,-0.06302518,0.1217527,0.006789955,0.7804868,-0.6195934,-0.9274099,-24.60343,2.710248,1008.297
2.382791996,-0.4210405,0.1720071,0.1217724,0.009193034,0.7848311,-0.6248918,-0.9274099,-24.60343,2.710248,1008.297
2.415065288,-0.2339671,0.05480233,0.06069815,0.007285153,0.7780931,-0.6123565,-0.5646331,-24.60742,2.704732,1008.299
2.449825764,-0.2324153,-0.1798813,-0.0001648159,0.008236932,0.7838965,-0.6142594,-0.9171368,-24.5986,3.083728,1008.299
2.482102871,-0.2928391,-0.003352834,-0.1219502,0.008227566,0.7853237,-0.6215028,-0.9171368,-24.5986,3.083728,1008.299
2.516862869,0.3270163,-0.3551497,-0.06056974,0.004852338,0.7819331,-0.619581,-0.5652945,-24.2429,2.700116,1008.299
2.549139976,0.3872095,-0.1786247,0.0006561601,0.004350835,0.7891874,-0.6205056,-0.1922445,-24.24206,3.068081,1008.297
2.581417084,0.07628793,-0.06063824,0.06180435,0.0009787715,0.7858099,-0.6147163,-0.1922445,-24.24206,3.068081,1008.297
2.616172790,-0.1711835,-0.0603171,0.06151369,0.005827171,0.7800133,-0.6157266,-0.5536985,-24.9671,3.082828,1008.295
2.648449898,-0.2326536,-0.2360134,-0.1823085,0.007756339,0.781464,-0.6176562,-0.2025177,-24.24689,2.694601,1008.295
2.683209896,-0.1703587,0.1753892,0.2443692,0.007263242,0.7853324,-0.6181167,-0.2025177,-24.24689,2.694601,1008.295
2.715487003,0.510277,0.4092458,0.547694,0.00872651,0.7805022,-0.616697,-0.5646331,-24.60742,2.704732,1008.294
2.750247478,-0.3586406,0.05604268,0.1191069,0.01403359,0.7843774,-0.6200704,-0.9164753,-24.96311,3.088344,1008.297
2.782524586,-0.8519179,-0.3542027,-0.4287358,0.01016377,0.7858263,-0.6176366,-0.9164753,-24.96311,3.088344,1008.292
2.814797878,-0.6012695,-0.2943138,-0.3053932,0.01163659,0.7771263,-0.6157555,-0.9267484,-24.96794,2.714863,1008.292
2.849557877,-0.1052714,-0.4693508,-0.364802,0.006785857,0.7834018,-0.6161928,-0.5536985,-24.9671,3.082828,1008.292
2.881834984,-0.8478642,-0.2917709,-0.4238926,0.002419253,0.7872379,-0.6229297,-0.5536985,-24.9671,3.082828,1008.29
2.916594505,0.8879696,-0.05556909,0.0646139,0.01016861,0.7824256,-0.6215234,0.1609209,-24.61539,2.693701,1008.292
2.948872089,-0.6630071,0.3550611,0.6117651,0.004359637,0.7858031,-0.619558,-0.9274099,-24.60343,2.710248,1008.294
2.983632565,-1.772765,0.4123158,0.6090031,0.006784275,0.7833953,-0.6181266,-0.5639715,-24.97193,2.709348,1008.295
3.015905380,-1.579306,0.3519875,0.6673088,0.003876259,0.7877572,-0.6137446,-0.5639715,-24.97193,2.709348,1008.295
3.048182487,-1.448766,0.5852718,0.6043361,0.008230148,0.7877778,-0.6113366,-0.9260868,-25.33246,2.719479,1008.295
3.082942486,-2.122543,0.2892811,0.3582074,0.01015241,0.7916433,-0.6147029,-0.9267484,-24.96794,2.714863,1008.297
3.115219593,-1.989787,0.5221214,0.4174396,0.008225529,0.7892247,-0.6127788,-0.9267484,-24.96794,2.714863,1008.297
3.149979591,0.616745,0.2272732,0.2941655,0.008707367,0.787753,-0.6190729,-1.302834,-24.24056,2.275421,1008.299
3.182256698,3.213737,0.2853943,0.4758768,0.01065418,0.7829241,-0.6176541,-0.9387337,-24.97358,2.279137,1008.299
3.214529991,4.577157,0.4615027,0.6586989,0.01016058,0.7902111,-0.6089098,-0.9387337,-24.97358,2.279137,1008.299
3.249289512,4.26729,0.3440971,0.841521,0.01740767,0.7882519,-0.6219894,-0.9387337,-24.97358,2.279137,1008.299
3.281567097,2.532027,0.05058321,0.3539954,0.009688502,0.7809725,-0.6215307,-0.5659561,-23.87839,2.6955,1008.299
3.316327572,0.6728173,0.1679888,0.04929184,0.00968846,0.7804837,-0.6229838,-0.5659561,-23.87839,2.6955,1008.297
3.348604679,-1.434287,0.1679888,0.2930546,0.01065705,0.7795153,-0.6239583,-0.5550213,-24.23807,3.073596,1008.297
3.383364200,-2.239945,0.1679888,0.2321139,0.006788727,0.7799931,-0.6224969,-0.5530367,-25.33162,3.087444,1008.297
3.415637493,-2.67376,0.3440971,0.2321139,0.0116163,0.784861,-0.6181287,-0.5530367,-25.33162,3.087444,1008.297
3.447914600,-2.487839,0.4615027,0.3539954,0.01935413,0.7839103,-0.6196011,-0.5652945,-24.2429,2.700116,1008.297
3.482674599,-1.620208,-0.8299584,-0.9867001,0.01210613,0.7843997,-0.6118477,-1.652964,-24.59545,2.721279,1008.299
3.514951706,-0.07086667,-1.06477,-0.9867001,0.007760418,0.7829469,-0.6084625,-1.652964,-24.59545,2.721279,1008.299
3.549711704,0.1150543,-0.5364445,-0.4991745,0.001926594,0.7915968,-0.6214535,-0.9260868,-25.33246,2.719479,1008.299
3.581988811,-2.611787,0.1679888,0.1102325,0.003870016,0.7887086,-0.6185735,-0.9260868,-25.33246,2.719479,1008.301
3.616745472,-2.363892,0.2853943,0.3539954,0.006789206,0.7809724,-0.6191072,-0.9260868,-25.33246,2.719479,1008.301
3.649022579,-2.054024,0.2853943,-0.07258957,0.01501589,0.7819998,-0.6084835,-0.5633099,-25.33645,2.713964,1008.303
3.681299686,-0.5046823,0.1679888,0.04929184,0.02033596,0.7805533,-0.6114038,-0.5759568,-24.97757,2.273621,1008.308
3.716059208,0.7967646,-0.3016334,-0.4382338,0.01305984,0.7897223,-0.6127864,-0.5759568,-24.97757,2.273621,1008.31
3.748336792,1.478475,-0.6538501,-0.8648187,0.009668382,0.7906625,-0.6180915,-0.9267484,-24.96794,2.714863,1008.31
3.783096313,2.717948,-0.7712557,-0.8648187,0.00386548,0.7911332,-0.6171095,-0.9393952,-24.60906,2.274521,1008.312
3.815369606,3.027817,-0.6538501,-0.194471,0.002449738,0.7785682,-0.6108931,-0.9393952,-24.60906,2.274521,1008.312
3.850130081,2.036238,0.05058321,0.2930546,0.005343895,0.778547,-0.6196014,-0.9164753,-24.96311,3.088344,1008.31
3.882407188,0.4249226,0.109286,0.2930546,0.005803552,0.7857795,-0.6277797,-0.9267484,-24.96794,2.714863,1008.31
3.914684296,-1.806129,0.3440971,0.2321139,0.009198966,0.7848557,-0.61764,-0.9267484,-24.96794,2.714863,1008.31
3.949444294,-4.099155,-0.008119571,-0.194471,0.01112333,0.7901958,-0.6142298,-1.289525,-24.96395,2.720379,1008.308
3.981721401,-5.71047,-0.2429307,-0.07258957,0.01597277,0.7873356,-0.6055546,-0.2011948,-24.97592,2.703833,1008.308
4.016477108,-3.293497,-0.3603362,-0.3772931,0.01356652,0.7829783,-0.6041238,-0.9393952,-24.60906,2.274521,1008.308
4.048754215,-0.4427086,-0.4777418,-0.5601152,0.003404864,0.7819421,-0.6157104,-0.9393952,-24.60906,2.274521,1008.307
4.083514214,1.292554,-0.3603362,-0.7429373,-3.760273E-06,0.7901411,-0.6209742,-1.290187,-24.59944,2.715763,1008.307
4.115791321,1.416501,-0.008119571,-0.2554117,0.00435993,0.789225,-0.6093863,-0.9267484,-24.96794,2.714863,1008.307
4.148068428,0.54887,0.1679888,0.1711733,0.006296569,0.7902181,-0.6035836,-0.9267484,-24.96794,2.714863,1008.307
4.182828903,-0.1328403,-0.008119571,0.3539954,0.003868997,0.790659,-0.6142115,-0.5766184,-24.61305,2.269005,1008.308
4.215102196,0.362949,0.4615027,0.5368175,0.00531462,0.7921084,-0.6161401,-0.5652945,-24.2429,2.700116,1008.31
4.249862194,0.177028,0.7550166,0.9024618,0.009677663,0.7882577,-0.6137542,-0.5652945,-24.2429,2.700116,1008.312
4.282139301,1.106633,0.3440971,0.5368175,0.01551748,0.7757232,-0.6046528,-0.5752952,-25.34208,2.278237,1008.312
4.316899299,1.540449,-0.1255251,0.2930546,0.01355113,0.7878012,-0.6089308,-1.290187,-24.59944,2.715763,1008.31
4.349176407,0.7967646,-0.3016334,-0.1335303,0.01065928,0.7824565,-0.6128225,-1.290187,-24.59944,2.715763,1008.314
4.381453514,-0.4427086,-0.4777418,-0.5601152,0.01014801,0.7911363,-0.6214738,-0.5646331,-24.60742,2.704732,1008.308
4.416210174,-0.8145506,-0.4777418,-0.7429373,0.006297546,0.7877788,-0.6093987,-1.301511,-24.96959,2.284652,1008.31
4.448487282,-1.496261,-0.6538501,-0.5601152,0.002903757,0.7891979,-0.6161515,-1.301511,-24.96959,2.284652,1008.31
4.483246803,-0.5666559,0.3440971,0.7196397,0.002431344,0.7853333,-0.6137552,-0.9274099,-24.60343,2.710248,1008.31
4.515524387,0.1150543,0.9311249,1.207165,0.005327334,0.7882518,-0.6118112,-0.2018561,-24.61141,2.699216,1008.308
4.550283909,-0.7525769,1.400747,1.572809,0.003388717,0.7872506,-0.6200311,-0.2018561,-24.61141,2.699216,1008.308
4.582561016,-2.797708,1.752964,1.877513,0.006768193,0.7940794,-0.6069467,-0.5639715,-24.97193,2.709348,1008.31
4.614834309,-9.92468,4.21848,-0.6819966,0.01500952,0.7814847,-0.6176717,-0.5646331,-24.60742,2.704732,1008.31
4.649594307,-12.65152,4.394588,-1.413285,0.01789584,0.7868063,-0.6205483,-0.5646331,-24.60742,2.704732,1008.308
4.681871414,-13.51915,2.281289,-1.108582,0.01352728,0.8048058,-0.5890131,-0.5759568,-24.97757,2.273621,1008.308
4.716631889,-14.13889,3.514047,-1.717989,0.01694772,0.7775975,-0.6239827,-0.5999274,-24.98884,1.402167,1008.308
4.748908997,-17.1756,3.220533,-1.900811,0.01160883,0.7946033,-0.5992191,-0.5999274,-24.98884,1.402167,1008.308
4.781186104,-14.13889,3.455344,-1.535167,0.00773458,0.8043413,-0.5783676,-0.5992658,-25.35335,1.406784,1008.308
4.815941811,-13.76705,4.277183,-1.352344,0.01350706,0.8179161,-0.5758857,-0.9633658,-24.62033,1.403067,1008.308
4.848219395,-13.14731,4.21848,-0.5601152,0.01592072,0.8257248,-0.5584427,-0.9633658,-24.62033,1.403067,1008.308
4.882978916,-9.057048,3.279236,0.2321139,0.01542785,0.8369243,-0.53759,-0.600589,-24.62432,1.397552,1008.311
4.915256023,-1.99205,1.224639,0.841521,0.02801186,0.8272357,-0.5512085,-0.2497973,-24.63395,0.9563093,1008.311
4.950016499,4.26729,-0.06682235,0.5977582,0.01834596,0.8257629,-0.5492623,-0.6221859,-24.9993,0.5929604,1008.307
4.982294083,4.515184,-0.06682235,0.2930546,0.02510875,0.8242878,-0.5618547,-0.6221859,-24.9993,0.5929604,1008.307
5.014566898,5.196894,-0.5951474,-0.6210559,0.01786903,0.8199248,-0.5579964,-1.337467,-24.98649,0.9774718,1008.307
5.049326897,8.17163,-1.593095,-1.291404,0.02656168,0.8233241,-0.5618633,-0.9627044,-24.98485,1.407683,1008.305
5.081604004,12.07597,-2.708447,-2.69304,0.02028576,0.8174843,-0.5662339,-0.9627044,-24.98485,1.407683,1008.305
5.116364002,7.923736,-2.943259,-2.632099,0.01545163,0.814544,-0.5730084,-1.700905,-24.61799,0.9783716,1008.303
5.148641110,7.799788,-3.588989,-3.058684,0.0048146,0.8120742,-0.5788007,-0.5999274,-24.98884,1.402167,1008.303
5.183400631,11.02242,-3.765098,-2.936803,0.004793395,0.8183391,-0.5865001,-0.5999274,-24.98884,1.402167,1008.303
5.215673923,7.365973,-4.23472,-2.936803,0.009636864,0.8149654,-0.5865297,-0.950719,-24.97921,1.84341,1008.307
5.247951984,6.31242,-4.586936,-3.850913,-0.002923048,0.8105823,-0.5841104,-0.2018561,-24.61141,2.699216,1008.307
5.282711506,15.91834,-5.467478,-4.825965,-0.001464693,0.8037771,-0.5943044,-0.2018561,-24.61141,2.699216,1008.307
5.314989090,23.35518,-7.463373,-5.374431,0.002909149,0.7921523,-0.6011481,-0.9393952,-24.60906,2.274521,1008.307
5.349748611,25.15241,-8.167806,-5.983838,-0.00824393,0.7978539,-0.6228464,-0.9387337,-24.97358,2.279137,1008.307
5.382025719,26.94965,-7.522075,-6.227601,-0.01743621,0.7958526,-0.6344405,-0.9387337,-24.97358,2.279137,1008.307
5.416781902,21.61992,-9.752781,-5.861957,-0.008745836,0.7865371,-0.6775382,-0.2131801,-24.98156,2.268106,1008.307
5.449059009,20.31847,-15.68176,-7.507356,-0.02852489,0.7734782,-0.6587157,-0.1789362,-24.96546,3.51304,1008.307
5.481336117,10.96044,-17.91247,-9.335577,-0.0449401,0.7554554,-0.6795707,-0.1789362,-24.96546,3.51304,1008.307
5.516096592,15.17465,-18.32339,-10.18875,-0.06284516,0.7597449,-0.6838586,0.5326478,-23.88552,3.052434,1008.309
5.548373699,-9.490864,-16.32749,-12.74826,-0.08019143,0.7423573,-0.6592647,0.20715,-24.59366,4.374361,1008.309
5.583133697,5.506763,-11.33776,-7.933941,-0.08706584,0.7883275,-0.6541542,0.20715,-24.59366,4.374361,1008.311
5.615406513,94.62489,-30.82708,-22.25501,-0.1672665,0.6950435,-0.8387018,0.1845024,-25.33396,3.51214,1008.311
5.650166511,88.42752,-37.81271,-18.53762,-0.05170094,0.7613366,-0.6519667,0.5705881,-24.96217,4.373462,1008.313
5.682443619,34.57241,-7.40467,-12.50449,-0.08211488,0.7384869,-0.6573489,0.5705881,-24.96217,4.373462,1008.313
5.714720726,2.965843,-0.3016334,-7.873,-0.1370664,0.6413109,-0.7264313,0.9902565,-24.20975,6.475101,1008.313
5.749480724,14.24505,-2.532339,-8.604288,-0.1499898,0.5841585,-0.7301124,1.365019,-24.20811,6.905313,1008.311
5.781758785,10.34071,-5.995803,-7.01983,-0.1496079,0.6296738,-0.7226029,1.365019,-24.20811,6.905313,1008.313
5.816514492,6.436368,-6.465425,-6.593245,-0.1283289,0.6185077,-0.7512351,1.366342,-24.93714,6.914545,1008.313
5.848791599,4.391237,-6.054506,-6.288542,-0.1114351,0.6301588,-0.7545894,2.103881,-24.93948,7.339241,1008.313
5.883551598,2.594001,-3.119367,-8.055822,-0.1443748,0.6464365,-0.7785978,1.366342,-24.93714,6.914545,1008.311
5.915828705,-0.6906033,-4.939153,-7.385474,-0.1695036,0.6439859,-0.7664716,1.366342,-24.93714,6.914545,1008.313
5.948105812,1.23058,-5.29137,-7.385474,-0.1530731,0.6415477,-0.7858583,2.805464,-24.95873,6.456756,1008.314
5.982865810,-8.127443,-0.5364445,-12.07791,-0.1877502,0.5755619,-0.8074301,1.72978,-25.30564,6.913646,1008.313
6.015138626,4.639132,-9.517969,-10.55439,-0.1978438,0.5704095,-0.7484582,1.72978,-25.30564,6.913646,1008.313
6.049899101,17.6536,-20.20188,-7.446415,-0.2449928,0.7046217,-0.6596076,3.168902,-25.32723,6.455856,1008.311
6.082176685,-2.735734,-16.91452,-10.61533,-0.2019916,0.6909195,-0.7409959,2.443348,-25.31926,6.466887,1008.311
6.114453793,-19.46862,-14.03808,-9.762162,-0.1757648,0.6391844,-0.7500485,2.443348,-25.31926,6.466887,1008.313
6.149213314,-25.97586,-12.57051,-8.299585,-0.1660334,0.6350647,-0.6886961,3.180888,-25.3216,6.891583,1008.311
6.181490421,-27.71112,-8.637427,-9.518399,-0.1665142,0.6253012,-0.713406,3.157578,-25.69738,6.024746,1008.311
6.216246605,-13.70507,-9.870186,-5.740075,-0.1867771,0.6176149,-0.6795653,3.157578,-25.69738,6.024746,1008.311
6.248523712,2.965843,-9.870186,-3.485269,-0.1655639,0.6418492,-0.6862413,4.221277,-25.3561,5.13213,1008.313
6.283284187,1.912291,-2.884556,-2.022692,-0.1912187,0.6460626,-0.7064666,3.860485,-26.44566,5.151493,1008.313
6.315561294,-1.434287,-2.297528,-2.510218,-0.2497272,0.6283051,-0.7562356,3.860485,-26.44566,5.151493,1008.311
6.347838402,5.63071,-8.167806,-2.388336,-0.2516925,0.6486951,-0.7353276,3.8585,-25.35211,5.137645,1008.311
6.382598400,4.45321,-4.939153,-3.729032,-0.2352553,0.6550806,-0.721307,4.583393,-24.99557,5.121998,1008.311
6.414871693,-3.975207,-4.704342,-4.338439,-0.2647849,0.6680525,-0.7240703,4.583393,-24.99557,5.121998,1008.311
6.449631214,-2.054024,-8.285211,-2.327396,-0.24106,0.6584761,-0.7140236,4.211666,-25.72544,4.763266,1008.311
6.481908321,-9.057048,-2.062717,-3.668091,-0.2216764,0.634271,-0.7330571,4.583393,-24.99557,5.121998,1008.31
6.516668796,-9.862706,-1.416986,-2.449277,-0.2438357,0.6154965,-0.6852556,4.583393,-24.99557,5.121998,1008.31
6.548946381,-10.29652,-4.410828,-0.1335303,-0.258415,0.6542463,-0.6622823,4.57312,-25.0004,4.748518,1008.31
6.581223488,-18.53902,0.05058321,1.63375,-0.2324302,0.6894691,-0.7148328,4.186372,-25.00768,3.88258,1008.311
6.615979195,-47.48071,5.568644,4.437023,-0.2581028,0.7024046,-0.7316243,4.186372,-25.00768,3.88258,1008.311
6.648256302,-59.99939,2.163883,9.982627,-0.2818778,0.7469583,-0.70183,4.57312,-25.0004,4.748518,1008.315
6.683016300,-35.70572,-0.3016334,9.312279,-0.2851484,0.7273859,-0.6197497,4.501596,-24.30437,2.187172,1008.315
6.715293407,-11.41205,4.394588,7.179354,-0.2567325,0.7572958,-0.6713688,4.501596,-24.30437,2.187172,1008.315
6.750053883,14.67886,10.38227,0.3539954,-0.2682537,0.7668946,-0.5422112,4.128158,-25.03505,1.766192,1008.315
6.782330990,43.12478,11.84984,-2.388336,-0.2552752,0.7710104,-0.6239169,4.139481,-24.6649,2.197304,1008.315
6.814604282,36.92741,26.64294,-11.71226,-0.2717016,0.7558733,-0.6500732,4.139481,-24.6649,2.197304,1008.315
6.849363804,46.8432,32.74803,-24.26605,-0.4593467,0.7073255,-0.823016,3.777366,-25.02543,2.207435,1008.315
6.881641388,43.55859,-22.02166,-29.38507,-0.5148926,0.6873876,-0.8046389,4.174387,-25.01332,3.446854,1008.32
6.916400909,-49.83571,-30.76838,-32.1274,-0.287693,0.5309443,-0.7513896,4.561796,-25.37055,4.317407,1008.32
6.948678017,41.32754,49.88924,-12.38261,-0.2996757,0.4462731,-1.451381,4.561796,-25.37055,4.317407,1008.318
6.983438492,-13.27126,20.53785,-37.79488,-0.5036234,0.07289015,-1.218113,5.261395,-24.29625,3.421075,1008.318
7.015711784,72.62424,38.3835,-60.95235,-0.4872369,-0.08605723,-1.154272,6.339724,-25.4074,2.98265,1008.316
7.047988892,76.46661,35.68317,-84.29265,-0.5947977,0.07254554,-0.9568619,6.339724,-25.4074,2.98265,1008.315
7.082748890,68.16213,12.67168,-93.31187,-0.5417256,0.1880242,-0.7687454,5.978271,-26.13244,2.997397,1008.315
7.115025997,32.77518,11.73244,-111.3503,-0.5228385,0.2101874,-0.670522,7.432686,-27.97098,2.998414,1008.315
7.149785996,2.903869,-3.647692,-129.0841,-0.6186078,0.0774184,-0.4979994,7.432686,-27.97098,2.998414,1008.313
7.182063103,-11.10218,-22.43258,-127.2558,-0.6954098,0.2827313,-0.3946609,11.06508,-30.56247,2.97557,1008.313
7.216818809,-51.26111,-34.11443,-132.9843,-0.7202182,0.359748,-0.3521104,14.96357,-32.07984,1.689349,1008.315
7.249095917,-81.81413,-45.38537,-138.408,-0.7781061,0.3000457,-0.3561926,14.96357,-32.07984,1.689349,1008.315
7.281373024,-65.82492,-69.57091,-132.8015,-0.8725255,0.4018664,-0.2181136,18.90987,-33.239,-0.03813481,1008.313
7.316133499,-78.65347,-89.88206,-125.2448,-0.8716584,0.4713347,-0.1398869,22.10334,-32.57887,-2.64912,1008.315
7.348411083,-85.96636,-102.5619,-115.9818,-0.9190173,0.4356447,-0.2071857,22.10334,-32.57887,-2.64912,1008.315
7.383170605,-61.05295,-119.9966,-99.6497,-0.944925,0.5482727,-0.222443,25.56858,-33.0309,-6.433541,1008.315
7.415443897,-58.69795,-136.6095,-87.15686,-0.8600084,0.6435184,-0.1771246,27.31226,-33.08384,-9.013233,1008.315
7.450203895,-51.13716,-127.2757,-75.76095,-0.8398563,0.6634509,-0.3100004,27.31226,-33.08384,-9.013233,1008.315
7.482481003,-45.62151,-132.4416,-69.545,-0.8968607,0.6566702,-0.2635059,27.99291,-33.84258,-10.69569,1008.315
7.514758587,-32.54506,-123.871,-66.8636,-0.8479766,0.6086223,-0.3460691,28.02715,-33.82648,-9.450759,1008.315
7.549518585,6.932157,-112.4239,-57.96626,-0.9575083,0.6698219,-0.4726294,28.02715,-33.82648,-9.450759,1008.315
7.581795692,15.67044,-116.7679,-61.25706,-0.9988002,0.645018,-0.1884195,28.42087,-31.99179,-8.234421,1008.315
7.616551399,-4.656918,-97.45473,-61.80552,-0.9971542,0.5568931,-0.2048776,27.77287,-29.39357,-5.267859,1008.315
7.648828506,3.7715,-105.0274,-62.47587,-0.9440438,0.634414,-0.07934064,27.77287,-29.39357,-5.267859,1008.317
7.681106090,-25.10823,-80.66573,-72.10451,-0.9799358,0.4907245,-0.03850456,27.42612,-25.00412,-4.44628,1008.317
7.715865612,-33.90848,-83.83568,-71.12946,-0.955564,0.4129237,-0.02643005,27.39498,-21.06647,-5.36774,1008.317
7.748142719,-19.84047,-70.27534,-76.55318,-0.8901892,0.4095992,0.07976667,27.39498,-21.06647,-5.36774,1008.319
7.782903194,-22.19547,-47.14645,-80.81903,-0.9029481,0.2876463,0.08925296,25.17813,-17.778,-6.621123,1008.319
7.815176487,-24.05467,-32.76427,-77.772,-0.9773553,0.2368559,0.01564185,21.53467,-14.49114,-9.160544,1008.319
7.849936485,-32.35914,-25.36772,-75.88283,-0.9654119,0.1679225,0.2274538,18.55027,-14.49787,-12.10426,1008.319
7.882213593,-65.70097,-5.115262,-74.23743,-1.071014,0.0437389,0.2284256,18.55027,-14.49787,-12.10426,1008.319
7.914490700,-61.73466,-0.4777418,-60.46483,-1.114395,-0.05207817,0.1221012,15.83553,-14.18754,-18.41943,1008.319
7.949251175,-72.88992,12.26076,-50.47055,-1.1364,-0.1317885,0.1811583,16.03631,-14.63251,-24.33377,1008.319
7.981528282,-82.61978,13.61093,-39.68405,-1.183653,-0.4025332,0.1526482,16.03631,-14.63251,-24.33377,1008.317
8.016284466,-17.98125,17.42661,-16.46564,-1.095881,-0.5576168,0.01089655,18.44336,-12.5337,-29.06857,1008.319
8.048561573,14.61689,11.61503,8.337228,-1.107456,-0.5399369,0.09707411,20.53188,-9.31563,-32.13105,1008.32
8.083321095,43.80649,-0.3603362,28.93518,-1.05231,-0.5504372,0.09351148,20.53188,-9.31563,-32.13105,1008.32
8.115598679,59.2999,-6.700236,43.13437,-1.018543,-0.5159814,0.09363461,23.02443,-9.000768,-33.85493,1008.324
8.147875786,58.06043,-15.09473,50.63008,-1.011904,-0.4348955,0.1680475,24.0423,-10.11125,-34.29244,1008.324
8.182636261,41.01767,-18.6756,49.59409,-1.017276,-0.3911507,0.2292211,24.0423,-10.11125,-34.29244,1008.324
8.214909077,31.34978,-19.38004,44.90165,-0.9734373,-0.305209,0.2769922,24.06024,-13.38626,-33.81517,1008.324
8.249669075,10.77452,-16.73841,36.67466,-0.980409,-0.2322764,0.2416475,22.99906,-14.84992,-35.08826,1008.325
8.281946182,-6.206259,-14.3903,25.40062,-0.9654427,-0.2220694,0.2421567,22.99906,-14.84992,-35.08826,1008.325
8.316706180,-8.561259,-14.80122,16.3814,-0.9568512,-0.2034514,0.159576,21.17953,-17.38642,-35.40185,1008.325
8.348983288,-6.949943,-13.04014,9.43416,-0.9386132,-0.1580308,0.1240205,21.16887,-18.12109,-35.82835,1008.327
8.381260395,-8.189417,-15.27084,5.290192,-0.9246754,-0.1075213,0.1658534,21.16887,-18.12109,-35.82835,1008.327
8.416017055,-13.82902,-13.15754,3.34009,-0.9101661,-0.1147977,0.148377,19.69445,-18.48092,-36.67312,1008.329
8.448294163,-15.44034,-15.68176,2.547861,-0.9254677,-0.1805891,0.1678568,18.95757,-18.84309,-37.0932,1008.327
8.483054161,-9.366917,-14.62511,1.938454,-0.9336306,-0.2033425,0.172096,18.95757,-18.84309,-37.0932,1008.327
8.515331268,-5.462575,-19.67355,0.1102325,-0.93168,-0.2052235,0.1865843,19.29611,-17.764,-37.92177,1008.329
8.550090790,-0.194814,-16.91452,-7.568296,-0.8633864,-0.2299684,0.2525275,18.57055,-17.75602,-37.91074,1008.329
8.582368374,-5.958364,-10.1637,-18.3548,-0.8207567,-0.2505378,0.2871262,18.57055,-17.75602,-37.91074,1008.329
8.614641189,-19.84047,-5.173964,-26.76462,-0.8618386,-0.2359147,0.3530456,17.46826,-16.65614,-38.34377,1008.327
8.649401665,-33.41269,-10.33981,-32.79775,-0.9565073,-0.2635992,0.4033698,17.81706,-15.57222,-38.79886,1008.327
8.681678772,-50.45545,-18.26468,-36.51513,-1.003316,-0.3107399,0.3838651,17.81706,-15.57222,-38.79886,1008.327
8.716438770,-56.90071,-29.30081,-37.3683,-1.019254,-0.3292764,0.3538209,18.55129,-13.75198,-38.39724,1008.333
8.748715877,-88.32136,-18.6169,-37.42924,-0.9777701,-0.5807052,0.09511248,17.77554,-11.57864,-40.09457,1008.335
8.783475876,5.878604,-40.10212,-16.7094,-1.069812,-0.1966402,0.4088292,17.0315,-7.991895,-40.56465,1008.335
8.815749168,-48.78216,-26.07215,-20.06114,-1.03205,-0.2593834,0.2831804,17.0315,-7.991895,-40.56465,1008.336
8.848026276,-41.03545,-30.41616,-16.1,-1.020717,-0.3420379,0.3020236,15.19232,-7.25419,-41.41776,1008.336
8.882786751,-55.47532,-22.49128,-13.66237,-0.9691171,-0.2701441,0.3390625,13.73724,-5.051142,-41.42339,1008.336
8.915063858,-82.55781,-13.56846,-15.85623,-0.9588938,-0.302571,0.3291873,13.73724,-5.051142,-41.42339,1008.336
8.949823856,-95.57228,-3.941206,-17.98916,-0.9732045,-0.3887845,0.3190591,11.95667,-3.556232,-40.1071,1008.336
8.982100964,-98.23714,0.9311249,-16.4047,-0.9262825,-0.3993264,0.3101962,11.23847,-0.9910107,-39.69265,1008.335
9.016856670,-92.34965,4.746805,-16.16094,-0.9024422,-0.4602238,0.3126991,11.23847,-0.9910107,-39.69265,1008.335
9.049133778,-87.94952,12.73038,-19.32985,-0.8766897,-0.5290256,0.2658423,10.89266,1.939569,-38.91486,1008.335
9.081410885,-62.29242,15.1372,-14.69836,-0.9288969,-0.5349739,0.2683382,10.97021,4.529816,-35.95933,1008.339
9.116171360,-45.18769,14.55017,-6.958889,-0.9309812,-0.4549707,0.3161746,10.97021,4.529816,-35.95933,1008.339
9.148448467,-42.52282,7.212322,3.401031,-0.8577899,-0.3499937,0.2440979,11.01391,5.948859,-34.29636,1008.337
9.183208465,-58.38808,4.21848,19.6722,-0.7895485,-0.2103205,0.1330707,10.69537,7.068129,-32.62403,1008.337
9.215481758,-104.9303,5.099022,34.90738,-0.7452275,-0.1683634,0.05296293,10.69537,7.068129,-32.62403,1008.337
9.247758865,-143.168,7.975459,43.6219,-0.7180277,-0.257699,-0.0568608,11.10609,7.086679,-30.88664,1008.339
9.282518864,-146.1428,0.5202054,66.5356,-0.8020201,-0.2632045,0.1033071,11.88589,9.293161,-28.80898,1008.337
9.314795971,-139.6975,-1.123472,70.55769,-0.8811949,-0.3445143,0.02421494,11.88589,9.293161,-28.80898,1008.337
9.349556446,-148.1259,-25.95475,85.5491,-0.9051805,-0.4381029,-0.01203997,13.74005,12.5756,-27.19744,1008.337
9.381833553,-105.4881,-26.42437,77.13928,-0.7548618,-0.3949349,0.03284132,15.99493,14.7774,-24.27039,1008.337
9.416589260,-45.80743,-17.79506,56.0538,-0.7567503,-0.4343335,-0.02490784,15.99493,14.7774,-24.27039,1008.337
9.448866367,-7.197838,-20.43669,40.69674,-0.9129915,-0.3309252,0.2056503,17.45366,16.22434,-23.93743,1008.337
9.481143951,34.57241,-7.815589,30.09306,-0.909885,-0.436108,0.1523507,18.90345,16.93741,-23.96873,1008.335
9.515904426,77.52016,14.43276,6.265244,-1.097328,-0.3045223,0.15592,18.90345,16.93741,-23.96873,1008.335
9.548181534,107.8253,16.83958,2.791624,-1.235986,-0.05432014,-0.1512758,19.60674,16.91897,-24.78896,1008.335
9.582941055,42.44307,12.02595,-15.49059,-1.001839,-0.09766234,-0.1442919,20.68507,15.80783,-25.22739,1008.337
9.615214348,99.64475,25.17537,-37.91677,-1.055006,-0.08696486,-0.08417008,20.68507,15.80783,-25.22739,1008.335
9.649974346,58.92806,29.04976,-29.87259,-0.728934,-0.08096521,0.1254571,20.64149,14.32803,-26.88959,1008.337
9.682251453,73.05805,22.24023,-17.68445,-0.5707321,0.07859917,0.09605023,21.00625,13.23049,-26.88125,1008.337
9.714528561,-40.53967,20.00953,-12.87014,-0.9049125,-0.0114558,0.3655338,21.00625,13.23049,-26.88125,1008.337
9.749289036,-32.9169,0.4027999,21.56136,-0.9767502,-0.2204285,0.02174236,21.72114,12.48785,-27.31878,1008.337
9.781566143,-122.2829,8.621189,21.19571,-1.415579,-0.8001484,0.3988913,22.46697,13.58388,-26.53445,1008.335
9.816321850,-3.479418,-60.8242,11.01862,-1.369546,-0.8543947,-0.2256358,24.60317,15.75898,-25.72287,1008.339
9.848599434,72.9341,-30.24005,26.37568,-0.9598172,-0.1549087,-0.365156,24.60317,15.75898,-25.72287,1008.339
9.883358955,18.8311,-15.97528,17.47833,-0.9761296,-0.3410491,-0.1583006,24.5543,17.19531,-27.42199,1008.341
9.915636063,53.59833,-8.343914,23.69428,-0.9165604,-0.3756777,-0.145573,24.15689,16.45337,-28.71442,1008.341
9.947913647,52.79267,-2.356231,19.55032,-0.9507535,-0.1558357,0.06798027,24.15689,16.45337,-28.71442,1008.339
9.982674122,26.39189,7.329728,13.63907,-1.005261,-0.1798739,0.1607813,24.52297,14.6268,-28.69686,1008.341
10.014946938,37.98096,8.856,9.677923,-1.067501,-0.238122,0.1610677,23.79045,12.80737,-29.03623,1008.339
10.049706936,62.89437,4.688103,10.16545,-1.09614,0.01344723,0.1644936,23.79045,12.80737,-29.03623,1008.339
10.081984043,28.74689,3.57275,7.057473,-1.157876,0.106723,0.03801261,24.88077,11.70185,-29.03893,1008.339
10.116744518,-14.01494,-1.7105,-1.047641,-1.035249,-0.2386322,-0.01691017,25.22354,9.4995,-29.8882,1008.345
10.149021626,-0.3187613,-0.4777418,-5.008787,-0.9511316,-0.1944941,0.08468163,25.22354,9.4995,-29.8882,1008.343
10.181298733,3.833474,-2.649745,-6.16666,-1.008462,-0.08974297,0.05639448,25.5983,9.501146,-29.45799,1008.345
10.216054916,-6.516128,-4.058611,-6.897949,-1.033175,-0.2874035,0.01229781,25.96042,9.861673,-29.46812,1008.345
10.248332023,4.143342,-8.872239,-6.044779,-1.016276,-0.2522764,0.08207629,25.96042,9.861673,-29.46812,1008.345
10.283092022,9.101234,-6.289317,-5.801016,-0.9946589,-0.1975843,0.06638721,25.23288,10.9632,-29.47094,1008.345
10.315369129,-2.67376,-5.643587,-4.704083,-0.9676026,-0.1673018,0.125964,25.58367,10.95358,-29.91218,1008.345
10.350129604,-7.693627,1.576855,-2.449277,-0.9770921,-0.2506291,0.1066566,25.58367,10.95358,-29.91218,1008.345
10.382406711,1.788343,6.801403,0.9024618,-0.9839401,-0.2201872,0.09910942,25.23288,10.9632,-29.47094,1008.345
10.414680004,2.594001,8.679892,3.705734,-0.9956059,-0.2038569,0.07263827,24.8701,10.96719,-29.46543,1008.345
10.449439525,0.7967646,10.44098,4.619844,-0.9893219,-0.2106892,0.05034771,24.8701,10.96719,-29.46543,1008.343
10.481716633,-6.640075,12.61298,4.619844,-0.9898756,-0.1787284,0.05729878,25.2209,10.95756,-29.90667,1008.343
10.516477108,-9.490864,13.25871,4.863607,-0.9816414,-0.1859769,0.0533723,25.22156,10.59305,-29.90205,1008.343
10.548754692,-9.304943,13.61093,5.412074,-0.9859885,-0.1962321,0.02963487,25.22156,10.59305,-29.90205,1008.345
10.581031799,-12.27968,12.67168,5.10737,-0.9956085,-0.2243915,0.01064138,25.98069,10.96569,-28.67276,1008.345
10.615787506,-3.727313,15.1372,4.741726,-0.9836326,-0.1696042,0.03123151,26.35546,10.96733,-28.24255,1008.345
10.648064613,-7.817575,17.07439,5.10737,-0.992284,-0.2041076,-0.004237054,26.35546,10.96733,-28.24255,1008.345
10.682824612,-13.02336,19.4812,6.630888,-1.003936,-0.182346,0.00122962,26.73022,10.96898,-27.81234,1008.343
10.715101719,-8.685206,17.2505,8.215346,-1.004407,-0.1945111,-0.01817608,27.45577,10.961,-27.82337,1008.343
10.749862194,-5.276654,16.72217,11.68897,-1.001497,-0.202285,-0.02982909,27.45577,10.961,-27.82337,1008.342
10.782139301,-3.603365,17.07439,14.37036,-1.000137,-0.1679596,-0.04075594,27.46643,11.69567,-27.39688,1008.342
10.814412594,-11.04021,17.19179,14.4313,-0.994422,-0.1277474,-0.03183771,28.56741,11.32482,-26.97308,1008.343
10.849172115,-11.10218,17.3679,14.12659,-0.9948882,-0.1374503,-0.03866002,28.95311,10.96678,-26.16477,1008.347
10.881449699,-1.868103,13.37611,12.90778,-0.9998329,-0.08562973,-0.02240124,28.95311,10.96678,-26.16477,1008.346
10.916209221,-6.454154,15.1959,12.90778,-1.012324,-0.1571652,-0.129621,29.67734,11.68783,-26.18504,1008.347
10.948487282,5.444789,10.67579,10.10451,-1.034656,-0.1307175,-0.1603626,30.42885,10.59758,-25.31077,1008.347
10.983246803,-5.276654,6.507889,9.068516,-0.9973124,-0.1497012,-0.0817505,30.42885,10.59758,-25.31077,1008.347
11.015520096,3.151764,1.752964,6.691829,-1.031371,-0.05244483,-0.05646873,30.41686,10.59195,-25.74649,1008.347
11.047797203,-14.51073,-1.006067,3.766675,-1.029414,-0.07287077,-0.0880126,31.52982,10.22673,-24.88697,1008.349
11.082557201,4.019395,-5.760992,1.755632,-1.017217,-0.1334731,-0.1314095,31.52982,10.22673,-24.88697,1008.347
11.114834309,-2.487839,-5.173964,0.2930546,-0.9960143,-0.07947175,-0.06491707,30.79228,10.22908,-25.31167,1008.347
11.149594784,-9.366917,-4.23472,2.913505,-1.015743,-0.119688,-0.06316946,31.1544,10.5896,-25.3218,1008.347
11.181871891,-7.507706,-3.471584,3.827616,-0.9867374,-0.1274527,-0.09421619,31.1544,10.5896,-25.3218,1008.347
11.216628074,-2.054024,-4.704342,3.279149,-1.007119,-0.08627363,-0.06348149,30.41752,10.22743,-25.74188,1008.346
11.248905182,-1.496261,-4.939153,0.7196397,-0.9887336,-0.1042591,-0.1027819,30.79228,10.22908,-25.31167,1008.346
11.281182289,-3.603365,-4.117314,-1.291404,-1.031322,-0.07814217,-0.07111811,30.79228,10.22908,-25.31167,1008.344
11.315941810,-3.16955,-5.115262,0.5368175,-1.041382,-0.1237162,-0.08779247,31.13109,10.21382,-26.18863,1008.344
11.348219871,1.540449,-5.584884,0.3539954,-0.975646,-0.1011577,-0.05541549,30.05474,10.23142,-25.73636,1008.344
11.382979870,-1.31034,-2.532339,0.04929184,-1.007567,-0.1042082,-0.07180096,30.05474,10.23142,-25.73636,1008.344
11.415252685,-2.363892,-2.12142,-0.194471,-0.9902369,-0.07369553,-0.07891639,30.41818,9.862915,-25.73726,1008.35
11.450012684,-9.92468,-0.2429307,0.2321139,-1.007088,-0.08810125,-0.03158499,30.41818,9.862915,-25.73726,1008.35
11.482289791,-5.524549,0.1679888,0.3539954,-0.9876702,-0.1297572,-0.05941969,30.41818,9.862915,-25.73726,1008.35
11.514566898,2.40808,-0.5951474,-0.1335303,-0.9916131,-0.09538145,-0.05099728,29.69197,10.23541,-25.73085,1008.35
11.549327373,4.019395,-1.06477,-2.022692,-0.9902095,-0.07651392,-0.05379366,30.40488,10.58631,-26.18222,1008.348
11.581604957,0.4249226,-0.2429307,-1.717989,-1.025476,-0.08234335,-0.03054574,30.40488,10.58631,-26.18222,1008.348
11.616360664,-4.470997,0.109286,-0.07258957,-1.020594,-0.1202561,-0.08395009,30.40422,10.95083,-26.18683,1008.346
11.648637772,-4.53297,-0.3016334,-1.717989,-1.003699,-0.1125059,-0.09602841,30.40488,10.58631,-26.18222,1008.346
11.683398247,-20.21231,2.868316,-5.740075,-1.051237,-0.04240781,-0.07667328,30.40488,10.58631,-26.18222,1008.346
11.715675354,-45.18769,5.803455,-4.947846,-1.031796,-0.08934435,-0.09196865,30.05409,10.59593,-25.74098,1008.349
11.747952461,-51.63295,5.862158,-4.765024,-1.030139,-0.202835,-0.1680339,30.05276,11.32497,-25.75021,1008.345
11.782712460,-26.16178,2.5161,-4.39938,-0.9818093,-0.1720127,-0.1099502,30.05276,11.32497,-25.75021,1008.345
11.814985752,-10.29652,0.8137193,-5.069727,-1.000836,-0.07698731,-0.04168748,30.08673,12.43542,-24.45688,1008.345
11.849745274,-17.85731,0.4027999,-4.582202,-0.963736,-0.00999389,-0.01044645,29.73357,12.80875,-24.0825,1008.345
11.914299965,2.160185,-3.882503,-7.385474,-0.988692,-0.1084851,-0.06461438,29.7329,13.17327,-24.08711,1008.349
11.949060440,16.78597,-5.702289,-7.873,-1.065533,-0.1344252,-0.08586757,29.38146,13.5474,-23.65049,1008.349
11.981337547,22.92136,-10.39851,-7.080771,-1.024983,-0.1096697,-0.09790016,30.09502,13.53379,-24.09724,1008.349
12.016093254,1.602422,-7.698183,-12.38261,-1.014337,-0.1076527,-0.08292504,30.09502,13.53379,-24.09724,1008.349
12.048370361,9.597024,-9.400564,-12.74826,-1.091054,-0.1839034,-0.09914673,28.99339,14.26916,-24.52566,1008.347
12.083130837,9.163208,-12.15959,-8.543347,-1.044258,-0.1294841,-0.07379935,28.25822,13.90779,-24.88349,1008.349
12.115407944,-10.91626,-10.80943,-5.740075,-0.9090912,-0.2497097,-0.1081315,28.25822,13.90779,-24.88349,1008.349
12.147685528,10.8365,-6.582831,-0.3163524,-0.8774925,-0.2792204,0.0105585,28.63364,13.54492,-24.44866,1008.347
12.182445049,23.2932,-4.763045,3.766675,-0.9393318,-0.08717152,0.04272383,27.8828,14.27066,-25.31832,1008.347
12.214718342,6.684262,-0.06682235,4.19326,-0.889643,-0.06112303,-0.02394969,27.8828,14.27066,-25.31832,1008.347
12.249478340,5.258868,-8.813536,-3.363388,-1.164673,-0.08150173,0.05000987,28.22292,13.52637,-26.18605,1008.349
12.281755447,25.52425,-6.817642,-7.01983,-1.173457,-0.1360977,-0.2026366,27.88478,13.17711,-25.30447,1008.349
12.316515922,5.692684,-9.576673,-16.83129,-1.027668,-0.2280153,-0.1749506,27.88478,13.17711,-25.30447,1008.349
12.348793030,28.74689,-30.94448,-18.96421,-1.068908,-0.08748304,0.06040512,27.88478,13.17711,-25.30447,1008.349
12.381070137,12.26189,-22.43258,-17.44069,-0.9281779,-0.1060637,0.02760577,27.13393,13.90285,-26.17412,1008.348
12.415825844,-9.490864,-17.79506,-18.23292,-1.146591,-0.2033131,-0.06771388,27.13393,13.90285,-26.17412,1008.348
12.448102951,-14.20086,-27.89194,-15.55153,-0.8837949,-0.2299505,0.1321953,26.02466,13.17532,-26.95755,1008.348
12.482863426,-4.842839,-13.74457,-9.944984,-0.7855929,-0.2632132,0.08683476,25.27514,13.17203,-27.81798,1008.344
12.515141010,8.667418,-12.2183,-10.98098,-1.011294,-0.1187821,0.05768578,25.27514,13.17203,-27.81798,1008.348
12.549900532,-13.82902,-12.10089,-12.26073,-1.245061,-0.2556546,-0.007369426,24.56157,13.18564,-27.37122,1008.348
12.582177639,7.737814,-17.61895,-13.35766,-0.9562439,-0.2962735,0.04302165,23.88317,13.91635,-27.80606,1008.349
12.614450931,13.74926,-6.113209,-16.28282,-0.9176966,-0.222939,0.08783191,23.88317,13.91635,-27.80606,1008.349
12.649211407,5.878604,-4.23472,-16.95317,-0.9003711,-0.1474855,0.2047323,23.1563,14.65336,-27.80427,1008.349
12.681488514,-10.73034,4.570697,-20.91431,-1.414923,-0.2181028,-0.06383558,23.15828,13.55981,-27.79042,1008.349
12.716248512,-3.107576,-5.643587,-23.71758,-1.000246,-0.3105676,0.003393239,23.15828,13.55981,-27.79042,1008.349
12.748525619,3.957421,5.862158,-23.77852,-0.8518052,-0.2637522,0.1266164,22.79352,14.65734,-27.79875,1008.348
12.783285618,-5.214681,3.455344,-17.44069,-0.7236906,-0.1921443,0.3003019,22.07995,14.67096,-27.35199,1008.348
12.815559387,-20.89402,5.509942,-12.62638,-0.7681015,-0.2496224,0.2270716,22.07995,14.67096,-27.35199,1008.348
12.847836494,-22.75323,10.55838,-8.238645,-0.9478054,-0.4023647,0.002758267,21.71717,14.67494,-27.34648,1008.348
12.882596493,-5.02876,7.740647,-3.729032,-1.040124,-0.4381422,-0.0523582,22.08995,15.77014,-26.93011,1008.348
12.914873600,9.473077,4.277183,-0.3772931,-1.01135,-0.3256748,-0.01842347,22.463,15.77098,-26.56215,1008.348
12.949633121,1.850317,0.2266915,-0.4991745,-0.8953668,-0.2850656,0.01443129,22.463,15.77098,-26.56215,1008.352
12.981910706,-12.40363,-3.765098,1.572809,-0.8996498,-0.3072716,0.03413525,22.08863,16.49917,-26.93934,1008.352
13.016666889,-16.12205,-8.872239,2.425979,-0.9266912,-0.3164798,0.05299528,22.09957,16.13948,-26.56125,1008.352
13.048943996,-9.862706,-14.15549,-0.194471,-0.9111991,-0.3383482,0.01271214,22.09957,16.13948,-26.56125,1008.352
13.081221581,-7.755601,-11.63127,-2.997743,-1.016716,-0.3185556,-0.05511276,22.11155,16.14512,-26.12552,1008.353
13.115981102,-4.285076,-9.694077,-4.46032,-0.9952646,-0.3685907,0.0132048,21.74679,17.24265,-26.13385,1008.355
13.148258209,26.20597,-8.696131,-5.25255,-0.8031698,-0.3826637,0.1248685,21.74679,17.24265,-26.13385,1008.355
13.183018684,6.932157,-1.945311,-3.485269,-0.697338,-0.324477,0.2124737,21.74811,16.51362,-26.12462,1008.357
13.215291977,-14.75863,10.79319,5.838659,-0.8894448,-0.3080106,0.09308857,21.72585,16.50316,-26.93383,1008.357
13.250051975,17.96347,17.89623,6.082421,-1.04906,-0.2915522,0.08675802,21.72585,16.50316,-26.93383,1008.357
13.282329082,26.02004,8.092864,10.34827,-1.088345,-0.2134749,0.1689878,21.35109,16.50151,-27.36404,1008.357
13.314606190,-3.541392,9.853948,15.16259,-1.128031,-0.2210617,0.1056997,21.72585,16.50316,-26.93383,1008.357
13.349366665,9.906892,-3.530286,17.7221,-1.142125,-0.1891478,0.1102625,21.72585,16.50316,-26.93383,1008.361
13.381643772,-18.1052,-10.80943,7.118413,-1.167811,-0.3140227,0.2681757,21.71453,16.13301,-27.36494,1008.361
13.416399956,-25.41809,-30.12264,-7.690178,-1.231281,-0.6943263,0.1965349,23.14233,15.74127,-28.25384,1008.361
13.448677063,11.82808,-51.60786,-20.91431,-1.149072,-0.6794048,0.2462368,23.14233,15.74127,-28.25384,1008.361
13.483436584,58.68017,-75.67599,-24.02229,-1.054478,-0.4282683,0.1604419,21.66764,16.47579,-29.05021,1008.361
13.515713692,56.51109,-79.31557,-22.62065,-0.9380366,-0.1791454,0.1761106,19.43171,16.10703,-31.19114,1008.361
13.547991753,44.4882,-65.69652,-18.65951,-0.8910989,-0.237023,0.05046973,19.43171,16.10703,-31.19114,1008.359
13.582751751,56.07727,-53.13414,-5.618194,-0.8076244,-0.1881692,-0.02678259,16.4377,15.73096,-34.50372,1008.359
13.615024567,55.02372,-35.17109,11.93273,-0.7981325,-0.1048321,-0.00457446,12.01749,13.92324,-36.96657,1008.358
13.649784565,81.73437,-30.65097,16.80799,-0.8415658,-0.06746212,0.2069943,12.01749,13.92324,-36.96657,1008.362
13.682061672,29.30465,-7.991697,26.74132,-0.7813105,-0.2063141,0.1659496,9.495588,12.10618,-38.58646,1008.36
13.714338779,21.1861,23.12078,23.2677,-0.8970199,-0.36356,0.1295304,8.037787,9.200373,-38.9632,1008.36
13.749099255,87.74581,-3.119367,37.52783,-0.9465966,-0.2176683,0.2397239,8.037787,9.200373,-38.9632,1008.358
13.781376362,75.04121,14.08055,30.21494,-0.867135,-0.2993631,0.1984793,8.027786,8.101192,-39.38508,1008.358
13.816132545,108.9408,1.752964,50.02067,-0.8137717,0.05569807,0.2554952,9.483415,5.59438,-39.3756,1008.357
13.848409653,95.30659,11.79114,60.44153,-0.729835,0.3003738,0.1285942,9.483415,5.59438,-39.3756,1008.355
13.883170128,100.0786,15.1959,2.304098,-1.065336,0.2905054,0.7852875,9.851483,2.674266,-39.34419,1008.353
13.915447235,-386.6626,90.74638,-22.49877,-1.044582,-1.4372,-0.1199093,10.9106,-1.335439,-38.43759,1008.353
13.947724342,294.8618,-90.17558,-0.194471,-1.141502,0.06407499,1.006063,12.37237,-0.6167269,-38.03315,1008.353
13.982484341,-80.88452,-19.38004,22.59735,-0.7899045,0.7067622,0.5767648,12.37237,-0.6167269,-38.03315,1008.353
14.014757633,-94.39478,-38.75195,2.669742,-0.878108,0.1360422,0.4567177,12.34906,-0.9925122,-38.89999,1008.353
14.049518108,-64.4615,-28.83118,0.2321139,-0.8685237,-0.07632466,0.3278617,10.15909,-0.2451839,-39.31186,1008.351
14.081795216,-81.38031,-20.43669,-3.789973,-0.88452,-0.3349919,0.1238646,10.15909,-0.2451839,-39.31186,1008.351
14.116554737,-40.84953,-20.14317,-3.424328,-0.9970804,-0.301158,0.3500655,9.12593,2.682242,-39.33316,1008.351
14.148832321,-22.93915,-15.62306,-4.765024,-0.9375382,-0.1351023,0.3204247,8.361501,5.225732,-40.59937,1008.354
14.181109428,-14.20086,-7.287264,-8.604288,-0.9354495,-0.1720841,0.4014276,8.361501,5.225732,-40.59937,1008.354
14.215865612,11.33229,-9.283158,-2.510218,-0.9498909,-0.1694127,0.4880095,7.994865,7.356062,-40.62078,1008.354
14.248143196,2.965843,-9.811483,1.207165,-0.8761206,-0.09482523,0.4442816,7.60878,6.984265,-41.48211,1008.352
14.282902717,-2.177971,-8.402617,-1.83987,-0.8668474,-0.1315825,0.4426023,7.60878,6.984265,-41.48211,1008.352
14.315179825,-0.6906033,-8.813536,-6.715127,-0.8392625,-0.1470467,0.4255346,7.232695,7.711652,-41.92155,1008.352
14.349939823,1.912291,-5.350072,-8.360526,-0.8763613,-0.2008397,0.4340106,6.497529,7.350283,-42.27938,1008.354
14.382216930,13.25347,-2.649745,-10.98098,-0.8932636,-0.2276745,0.3836168,6.497529,7.350283,-42.27938,1008.354
14.414490700,28.56096,-0.8886613,-14.27177,-0.9078172,-0.2010344,0.4031372,6.859644,7.710811,-42.28951,1008.354
14.449393272,20.75228,0.5202054,-15.00306,-0.9074088,-0.1744678,0.3883008,6.472897,7.703529,-43.15545,1008.354
14.481670380,18.27334,-2.532339,-14.21083,-0.9208868,-0.2069936,0.3692908,6.472897,7.703529,-43.15545,1008.354
14.516430378,19.94662,-7.815589,-9.762162,-0.914667,-0.1544738,0.4396746,5.748004,7.346991,-43.1398,1008.355
14.548707485,13.93518,-5.350072,-7.751119,-0.8743875,-0.1996927,0.4852574,5.761974,6.259078,-42.69023,1008.358
14.583467960,22.98334,3.631453,-10.06686,-0.8457935,-0.2452774,0.4327252,5.761974,6.259078,-42.69023,1008.358
14.615741253,42.3811,13.31741,-14.4546,-0.8723413,-0.2661705,0.4302464,6.476205,5.88095,-43.13237,1008.358
14.648018360,52.79267,22.06413,-17.19693,-0.8884275,-0.2154413,0.4194504,5.72668,5.877659,-43.99279,1008.358
14.682778358,41.69938,30.86954,-19.57362,-0.9093974,-0.1219223,0.4732056,5.72668,5.877659,-43.99279,1008.358
14.715055466,44.30228,31.92619,-18.23292,-0.9085736,-0.06485041,0.4633761,6.094367,4.112649,-43.91375,1008.356
14.749815941,36.80346,30.63473,-11.65132,-0.9468939,-0.001442129,0.5000771,7.546408,2.637827,-43.9796,1008.358
14.782093048,19.38886,29.9303,-7.507356,-0.9474486,0.02269558,0.4832952,7.546408,2.637827,-43.9796,1008.358
14.814366341,7.242025,35.33095,-6.837008,-0.9540322,-0.08112855,0.4106867,8.286592,1.177422,-43.53644,1008.358
14.849125862,13.06755,46.48448,-8.969933,-1.038469,-0.1866499,0.3314682,9.376246,0.4364243,-43.54375,1008.362
14.881402969,37.05136,52.17865,-13.35766,-1.128845,-0.2326484,0.2574353,9.376246,0.4364243,-43.54375,1008.36
14.916163444,81.36253,59.75131,-10.49345,-1.226357,-0.1140354,0.2123932,11.14231,0.05826473,-43.13007,1008.36
14.948441029,103.6111,75.01404,0.4758768,-1.343586,-0.02826346,0.2034648,12.26687,-1.031149,-41.88783,1008.359
14.983200550,99.33488,93.50541,10.34827,-1.315824,-0.1162924,0.1932357,14.14426,-3.93985,-39.7621,1008.359
15.015473843,157.4042,81.53004,29.23989,-1.471508,-0.1699297,0.06225434,14.14426,-3.93985,-39.7621,1008.359
15.047750950,253.5254,44.7234,72.44685,-1.189433,0.4021946,0.147084,16.79769,-8.231299,-35.88679,1008.357
15.082510948,233.3839,80.12118,73.05625,-1.086914,0.5471172,-0.01474829,16.25802,-14.33799,-29.44813,1008.357
15.114788532,257.6776,96.85147,82.98959,-1.131791,0.6416392,-0.2161915,16.25802,-14.33799,-29.44813,1008.355
15.149548531,281.9713,112.5838,77.32211,-1.167147,1.070259,-0.2262476,14.73634,-21.4164,-19.18279,1008.359
15.181825638,116.6255,146.8075,48.49715,-1.091648,1.199757,0.2244074,16.53506,-26.01168,-6.820002,1008.359
15.216581344,-0.2567877,271.9619,65.43867,-0.6808833,0.09965242,-0.3101646,16.53506,-26.01168,-6.820002,1008.357
15.248858929,-31.9873,157.9611,70.80145,-1.584805,0.7700798,-0.3450133,19.30226,-30.67528,1.168972,1008.354
15.281136513,-5.338628,187.3125,92.80104,-1.103389,0.6959257,-0.2144938,21.19616,-36.0692,3.761978,1008.351
15.315896511,69.33963,170.9931,99.44358,-1.16712,0.4176491,-0.3097258,21.19616,-36.0692,3.761978,1008.349
15.348173618,-133.2523,164.1248,64.8902,-0.789113,0.3830739,0.02090192,19.99132,-42.67889,-0.8068914,1008.349
15.382933616,9.473077,109.3552,108.7066,-0.9806362,0.1683748,-0.05483907,16.28308,-42.67683,-3.677331,1008.345
15.415206432,87.37397,69.9656,110.5957,-0.6685894,0.4313191,0.3042116,16.28308,-42.67683,-3.677331,1008.342
15.449966907,34.94426,56.40525,94.6902,-0.5968814,0.2850274,0.05715491,14.8696,-37.90044,-2.034615,1008.339
15.482244015,41.45149,44.8408,75.85953,-0.4690305,-0.02210346,-0.003846482,12.04323,-35.27909,0.9027929,1008.335
15.514521599,81.85831,29.69549,63.48857,-0.3664742,-0.09199405,-0.1514303,12.04323,-35.27909,0.9027929,1008.335
15.549281120,46.03754,35.80058,36.61372,-0.3457772,-0.08060206,-0.2345616,11.09302,-32.7383,3.874719,1008.33
15.581558227,9.968865,27.9931,16.80799,-0.3739146,-0.338544,-0.4999251,9.358017,-30.85714,6.867058,1008.327
15.616314888,47.64886,2.222586,7.240295,-0.3549248,-0.2163136,-0.5756543,9.358017,-30.85714,6.867058,1008.327
15.648591995,42.31912,-14.62511,-9.213696,-0.3206086,-0.3013085,-0.8387187,8.662077,-28.28145,8.090713,1008.326
15.683351993,95.18265,-32.52946,-15.79529,-0.3352666,-0.29025,-0.990424,8.329964,-25.34443,9.366481,1008.324
15.715629101,101.442,-39.04547,-30.66483,-0.4095087,-0.1781656,-0.9823751,8.329964,-25.34443,9.366481,1008.324
15.747906208,88.11765,11.67373,-54.79734,-0.2389149,-0.389235,-2.293579,8.324011,-22.06379,9.324938,1008.322
15.782666683,169.551,8.738595,-24.75358,-0.6492353,0.6154655,-1.494625,8.320152,-19.93745,9.298012,1008.32
15.814939976,41.82333,-0.06682235,-43.03579,-0.8208728,0.4089384,-0.8887142,8.320152,-19.93745,9.298012,1008.32
15.849699974,-31.49151,-12.277,-68.63088,-0.8510074,-0.06028115,-0.6655513,8.71188,-17.00921,10.5005,1008.317
15.881977081,-69.66729,-19.08652,-43.40143,-0.6628169,-0.1756686,-0.8880278,10.17233,-15.56147,10.8957,1008.317
15.916737556,1.540449,-43.80039,-13.17484,-0.492749,0.3216083,-0.8038658,10.53577,-15.92998,10.8948,1008.317
15.949014664,-23.93073,-26.07215,-23.10818,-0.3893895,0.1572638,-0.8354797,10.53577,-15.92998,10.8948,1008.315
15.981291771,35.3161,-25.30902,-18.11104,-0.4209745,-0.01591912,-0.9335675,10.8859,-15.57508,10.44895,1008.319
16.016047478,23.2932,-21.96296,-7.446415,-0.4757394,0.05133488,-0.8905244,12.27588,-15.22585,10.42319,1008.318
16.048324585,14.61689,-20.37799,-1.291404,-0.5284681,0.07845782,-0.8390121,12.27588,-15.22585,10.42319,1008.318
16.083085060,0.4249226,-11.63127,-5.801016,-0.5861152,0.1340549,-0.8061813,12.27389,-14.13231,10.40934,1008.316
16.115362644,-14.20086,-9.517969,-0.01164887,-0.5975804,0.08182454,-0.7866326,12.99945,-14.14029,10.39831,1008.314
16.150122166,7.737814,-8.285211,3.522912,-0.6262468,-0.05902591,-0.7709348,12.99945,-14.14029,10.39831,1008.313
16.182399273,15.48452,-3.999909,11.38426,-0.5926537,-0.179663,-0.8408248,13.37487,-14.50315,10.83314,1008.311
16.214673519,24.34676,0.7550166,21.68324,-0.5912724,0.02915726,-0.9111894,12.99945,-14.14029,10.39831,1008.311
16.249433040,11.70413,0.637611,24.36463,-0.661748,0.02750621,-0.7674656,12.99945,-14.14029,10.39831,1008.309
16.281710148,-8.313364,-4.469531,32.46975,-0.625376,-0.01202147,-0.7527822,13.37421,-14.13864,10.82852,1008.313
16.316470146,-29.8802,-4.939153,41.24521,-0.5373574,-0.03663696,-0.8082238,13.37355,-13.77412,10.8239,1008.311
16.348747253,-36.63532,3.514047,46.18141,-0.5685067,0.009348402,-0.9210199,13.37355,-13.77412,10.8239,1008.313
16.381024361,-28.76467,-2.356231,49.28938,-0.5845247,0.06866804,-0.8244438,12.26389,-15.23149,9.987461,1008.31
16.415781021,-10.79231,-9.341861,43.98754,-0.5707516,0.1947277,-0.7652606,11.5174,-15.96301,9.198518,1008.31
16.482818127,-38.30861,-8.872239,41.24521,-0.6542152,0.2988253,-0.8215346,10.48086,-17.77992,8.801497,1008.31
16.515095711,-51.63295,-11.39646,38.25911,-0.539941,0.2450727,-0.786312,10.48152,-18.14444,8.806112,1008.31
16.549855709,-38.37059,-5.878397,32.22599,-0.5095304,0.2605783,-0.8061104,10.48152,-18.14444,8.806112,1008.31
16.582132816,-35.2719,-8.872239,27.89919,-0.5279589,0.3033065,-0.7482985,10.08477,-19.2509,7.518295,1008.31
16.614406109,-34.90006,-11.74868,25.2178,-0.5116478,0.3467973,-0.7804768,8.974844,-19.61391,6.730251,1008.312
16.649165630,-23.80678,-11.10294,21.98795,-0.4832082,0.3846236,-0.7808065,8.974844,-19.61391,6.730251,1008.312
16.681443691,-10.91626,-9.400564,19.42843,-0.5176918,0.4576855,-0.7546945,8.576773,-19.99134,5.433202,1008.31
16.716203690,-13.89099,-4.821747,12.84684,-0.5441864,0.4306602,-0.7103147,7.468059,-21.02264,4.65362,1008.31
16.748480797,-16.30797,-5.056559,12.84684,-0.5755975,0.4267415,-0.6976999,7.468059,-21.02264,4.65362,1008.31
16.783240318,-25.66599,-1.769203,10.89674,-0.6008274,0.4522146,-0.7279572,7.105391,-21.0794,4.659904,1008.309
16.815514564,-12.40363,-3.471584,10.40921,-0.5562733,0.4091313,-0.769874,7.456073,-21.02827,4.217893,1008.309
16.847791672,-1.000472,-2.180123,10.28733,-0.5900911,0.4228433,-0.6933399,7.456073,-21.02827,4.217893,1008.309
16.882551193,-0.008893002,-2.943259,10.77486,-0.5673123,0.3952703,-0.7094992,7.79554,-21.40805,3.34554,1008.307
16.914828300,-6.330207,-2.825853,10.71391,-0.546073,0.4191239,-0.6857208,7.070647,-21.76459,3.361187,1008.307
16.949588776,-12.03178,0.109286,8.885694,-0.5679961,0.4745808,-0.7245168,7.049051,-22.13956,2.556595,1008.307
16.981866360,-19.77849,1.752964,5.655837,-0.5548782,0.4392029,-0.7508519,7.049051,-22.13956,2.556595,1008.305
17.016622067,-26.71954,0.05058321,3.827616,-0.5582254,0.4364174,-0.7131523,7.048389,-21.77505,2.55198,1008.304
17.048899174,-22.38139,0.8137193,1.938454,-0.5548163,0.4096505,-0.7606888,6.323498,-22.13159,2.567626,1008.304
17.081176281,-8.685206,-3.412881,5.351133,-0.5688977,0.450416,-0.7145,6.323498,-22.13159,2.567626,1008.302
17.115936756,-3.417444,-6.113209,6.691829,-0.5447022,0.4598452,-0.6656712,6.672965,-21.41218,2.117153,1008.302
17.148213863,0.9826856,-4.645639,7.179354,-0.5239964,0.4825133,-0.7057124,7.025081,-22.15083,1.685142,1008.3
17.182973862,6.622289,-2.004014,5.8996,-0.5230234,0.4717894,-0.729464,7.025081,-22.15083,1.685142,1008.302
17.215247154,21.31005,-1.945311,5.04643,-0.5579205,0.5182633,-0.6948004,5.93675,-22.13887,1.701688,1008.3
17.250007629,25.46228,0.2853943,5.412074,-0.5343123,0.5551161,-0.692708,6.311512,-22.13722,2.1319,1008.298
17.282284736,16.41413,6.801403,1.877513,-0.5168825,0.5401084,-0.7092678,6.311512,-22.13722,2.1319,1008.298
17.314561844,20.81426,12.73038,0.6586989,-0.5473027,0.5235858,-0.7039783,5.948735,-22.13323,2.137415,1008.302
17.349321842,4.639132,26.46683,2.547861,-0.5561672,0.5307142,-0.8779566,6.322836,-21.76707,2.563011,1008.302
17.381598949,1.478475,17.66142,12.35931,-0.4664251,0.6019875,-0.9135193,6.322836,-21.76707,2.563011,1008.302
17.416355610,-4.34705,18.30715,28.63048,-0.2166486,0.6765713,-0.9643946,6.709193,-22.48963,3.375934,1008.304
17.448632717,-83.92123,32.57192,34.41985,0.1743181,0.6059614,-0.8539643,6.370387,-22.47437,4.252903,1008.304
17.483392238,-0.3187613,88.75049,64.40267,0.08201364,0.7075118,-1.083305,6.370387,-22.47437,4.252903,1008.302
17.515669346,-11.35007,89.51363,87.74297,0.02610879,0.7012824,-0.8748577,6.02092,-23.19378,4.703377,1008.304
17.547946930,-54.54571,121.8589,88.29143,-0.2615454,0.4998935,-0.7970657,5.705694,-23.89709,6.398785,1008.304
17.582707405,-51.38506,121.4479,91.0947,-0.4567583,0.4544673,-0.7562944,5.705694,-23.89709,6.398785,1008.31
17.614980221,-57.58242,120.5087,83.78181,-0.4686126,0.4026271,-0.6212008,4.994111,-24.97702,6.85939,1008.312
17.649740219,-41.34532,109.5313,71.53274,-0.4682822,0.2959999,-0.5270538,2.832081,-26.40552,7.346674,1008.312
17.682017326,10.5886,77.47955,65.74337,-0.4644706,0.3485521,-0.4450621,2.832081,-26.40552,7.346674,1008.312
17.716777801,21.80584,36.56371,46.30329,-0.4130345,0.5087044,-0.3533759,-0.4206538,-27.45835,7.783641,1008.312
17.749054909,3.461632,16.07644,29.66647,-0.2045693,0.4592033,-0.4285561,-1.8711,-27.80691,7.810319,1008.312
17.781332493,-17.05165,5.157725,8.093465,-0.1624077,0.3932505,-0.5054054,-1.8711,-27.80691,7.810319,1008.31
17.816088200,0.1150543,-17.44284,-13.96707,-0.07159944,0.4546754,-0.4491729,-2.900291,-27.06657,7.816714,1008.31
17.848365307,28.68491,-46.55942,-30.29918,-0.2314552,0.5052765,-1.233645,-3.28731,-25.9795,6.999175,1008.31
17.883125782,125.9836,-69.74702,-25.2411,0.2183028,0.1507139,-0.4259037,-1.478982,-24.14883,9.065825,1008.31
17.915402889,-54.97953,21.77061,13.15154,-0.08587514,0.9767644,-1.599175,-1.478982,-24.14883,9.065825,1008.313
17.947852135,-56.4669,3.220533,11.93273,0.04710621,0.5018836,-0.6135295,0.4105828,-20.54573,11.9807,1008.311
17.982612610,80.37094,-23.19572,26.43662,0.0373267,0.5307262,-0.6621717,-0.3610382,-21.59309,10.2619,1008.311
18.014885902,147.6743,-6.34802,-5.861957,0.008781061,0.3307578,-0.6700153,-0.3610382,-21.59309,10.2619,1008.309
18.049645424,70.20727,-8.578725,-3.485269,0.02783773,0.3750781,-0.8883187,-0.3034852,-21.2012,12.37367,1008.309
18.081923008,92.26989,-3.119367,4.2542,0.02805486,0.412092,-1.104689,-0.2478065,-19.77653,14.47237,1008.307
18.116683483,64.19582,4.805508,11.07956,0.05930657,0.3108225,-1.026532,-0.2478065,-19.77653,14.47237,1008.307
18.148960590,21.43399,3.103127,2.060335,0.044914,0.278023,-0.9826944,-0.2264819,-18.30719,15.32536,1008.307
18.181237697,-21.82362,-3.17807,-3.424328,0.01676531,0.3302923,-0.9571977,-0.5785966,-17.56854,15.75737,1008.307
18.215993404,-20.4602,-7.522075,-4.947846,0.01629747,0.3474593,-0.8889343,-0.5785966,-17.56854,15.75737,1008.309
18.248270511,-10.1106,-3.647692,-2.449277,0.03948023,0.3410593,-0.9407486,-1.326798,-18.30086,14.90618,1008.313
18.283030987,-8.933101,0.1679888,-0.4991745,0.03812262,0.296483,-0.9559857,-0.6019057,-17.94432,14.89053,1008.313
18.315308094,-4.223102,2.809614,0.1711733,0.0009056207,0.2896015,-0.9559446,-0.6019057,-17.94432,14.89053,1008.311
18.350068092,-14.32481,2.457397,-0.7429373,0.02117012,0.310977,-0.9486152,-0.5892589,-18.30321,15.33087,1008.311
18.382346153,-28.64073,0.6963138,-2.388336,0.03840063,0.3889688,-0.9395069,-0.5999212,-19.03787,14.90438,1008.311
18.414618969,-32.85493,0.4615027,-1.83987,0.04655551,0.4146208,-0.94518,-0.5999212,-19.03787,14.90438,1008.31
18.449378967,-38.37059,-0.947364,-1.657048,0.04373466,0.398331,-0.8945054,-0.2504525,-18.31846,14.4539,1008.308
18.481656074,-28.02099,-2.356231,-1.778929,0.0158005,0.352289,-0.891323,0.466151,-19.0603,14.07862,1008.308
18.516416550,-25.60402,-3.060664,-2.75398,0.02194564,0.3957033,-0.9374995,0.466151,-19.0603,14.07862,1008.308
18.548693657,-35.14796,-2.473636,-3.424328,0.02184399,0.4412172,-0.9299889,-0.6328419,-19.783,13.66867,1008.306
18.583453655,-45.74545,-1.769203,-3.972795,0.01694739,0.479555,-0.8939859,-0.2927127,-20.52729,12.80094,1008.305
18.615726948,-49.58782,-0.6538501,-4.643143,0.01599535,0.4845012,-0.8615653,-0.2927127,-20.52729,12.80094,1008.305
18.648004055,-50.02163,1.694261,-5.801016,0.02025573,0.5281147,-0.8473068,-0.306021,-19.80389,12.35598,1008.305
18.682764530,-39.91993,1.342044,-5.069727,0.01977682,0.5222685,-0.8584581,0.3871632,-20.86077,11.11309,1008.305
18.715041637,-39.36216,3.396641,-4.825965,-0.001992437,0.5197228,-0.8772797,0.3871632,-20.86077,11.11309,1008.307
18.749801636,-34.21835,3.044425,-2.510218,0.02213611,0.5645476,-0.8079451,-0.3370676,-21.58182,11.13335,1008.304
18.782078743,-32.66901,3.396641,-2.814921,0.02499198,0.5883126,-0.7947633,0.7272925,-21.60505,10.24535,1008.304
18.816835403,-31.9873,2.692208,-2.814921,0.02397077,0.6164285,-0.7796146,0.7272925,-21.60505,10.24535,1008.304
18.849112511,-24.48849,0.9898276,-1.900811,0.01767692,0.6134463,-0.7975053,-0.3590536,-22.68663,10.27575,1008.302
18.881389618,-19.46862,2.927019,-2.875862,0.02248959,0.6290032,-0.7805068,-0.04382873,-21.98333,8.58034,1008.302
18.916149139,-4.904812,0.9311249,-0.4382338,0.01963482,0.6135501,-0.7685026,0.3429189,-21.97605,9.44628,1008.302
18.948426723,4.825052,1.224639,-0.6210559,0.01239115,0.6091708,-0.7694788,0.3429189,-21.97605,9.44628,1008.302
18.983187199,41.26557,2.692208,2.182217,0.01677107,0.6039239,-0.7506639,-0.03118181,-22.34221,9.020683,1008.302
19.015460014,72.9341,1.987775,3.401031,0.02498255,0.5843641,-0.8175074,0.3309336,-21.98168,9.010552,1008.306
19.050220013,45.4178,-1.299581,2.425979,0.02506724,0.5485534,-0.8177112,0.3309336,-21.98168,9.010552,1008.306
19.082498074,29.24267,-5.995803,0.5368175,0.02070245,0.5504423,-0.8278432,-0.3483913,-21.95197,10.70224,1008.306
19.114775181,36.55557,-9.752781,-0.07258957,0.0120613,0.5252663,-0.8241003,0.3765011,-21.59543,10.6866,1008.304
19.149534702,24.09886,-6.758939,1.207165,0.01055557,0.5235679,-0.8956556,0.3765011,-21.59543,10.6866,1008.304
19.181811809,4.763079,-2.062717,0.1711733,0.009564419,0.5195561,-0.9362851,0.03637171,-20.85114,11.55433,1008.304
19.216568470,-33.53664,3.983669,0.7805803,0.01103202,0.5191419,-0.9169531,0.4105828,-20.54573,11.9807,1008.304
19.248845577,-53.49216,5.099022,2.791624,-0.01318416,0.5633805,-0.8368819,0.4105828,-20.54573,11.9807,1008.304
19.281122684,-49.52584,5.568644,-1.961751,0.03291548,0.5075006,-0.8005577,0.03515911,-20.18286,11.54587,1008.302
19.315882683,-48.72019,3.57275,-5.618194,0.02742967,0.5859588,-0.7773781,0.3645158,-21.60107,10.25087,1008.301
19.348159790,-36.63532,1.224639,-5.679134,0.03164443,0.6323154,-0.8104809,0.3645158,-21.60107,10.25087,1008.299
19.382920265,-31.73941,0.637611,-4.033736,0.02295598,0.6225808,-0.8197029,-0.01024675,-21.60271,9.820659,1008.299
19.415193558,-14.8206,-0.4777418,0.04929184,0.01720652,0.6193635,-0.7645968,-0.03184342,-21.97769,9.016068,1008.299
19.449979305,2.160185,-0.06682235,1.450928,0.01044581,0.6174264,-0.7592754,-0.03184342,-21.97769,9.016068,1008.297
19.482256412,9.844918,0.6963138,2.304098,0.01141964,0.6130592,-0.7636532,0.6937103,-21.98567,9.005036,1008.296
19.514533520,16.97189,1.400747,2.48692,0.01138735,0.6236761,-0.7722948,-0.04382873,-21.98333,8.58034,1008.296
19.549293995,23.47912,1.929072,3.035387,0.01816362,0.6134608,-0.7936387,-0.04382873,-21.98333,8.58034,1008.296
19.581571579,19.20294,1.870369,2.669742,0.02059579,0.6066861,-0.7956163,0.3076246,-22.35747,8.143715,1008.296
19.616327286,9.782945,1.870369,1.755632,0.02592249,0.5950052,-0.8198661,-0.3826351,-21.96807,9.45731,1008.294
19.648604393,-3.293497,0.3440971,0.2321139,0.02208122,0.5882649,-0.8063598,-0.3826351,-21.96807,9.45731,1008.294
19.683364868,-6.825996,-0.5364445,-0.9257594,0.0322395,0.5868439,-0.8059064,-0.01024675,-21.60271,9.820659,1008.298
19.715641975,4.639132,-0.1842279,-0.07258957,0.02108287,0.6018155,-0.8053137,0.3415959,-21.24701,9.437047,1008.298
19.747919083,25.40031,0.109286,2.121276,0.02543499,0.6042721,-0.7980576,0.3415959,-21.24701,9.437047,1008.298
19.782679558,30.54412,-0.419039,2.060335,0.02694067,0.5776275,-0.8078811,0.3525302,-21.6067,9.815144,1008.298
19.814952850,21.68189,-0.5364445,1.572809,0.02793491,0.5577073,-0.8321685,0.003061771,-22.32611,10.26562,1008.298
19.849712849,8.791367,-0.419039,0.5977582,0.02748575,0.5392789,-0.8433914,0.003061771,-22.32611,10.26562,1008.296
19.881989956,-4.594944,-0.4777418,-0.4382338,0.02361676,0.5412199,-0.8385376,0.3645158,-21.60107,10.25087,1008.296
19.916750431,-17.91928,-0.947364,-1.291404,0.02599896,0.5601377,-0.827316,0.3758397,-21.23092,10.68198,1008.296
19.949027538,-32.11125,-0.947364,-1.961751,0.02111595,0.5819171,-0.8223473,0.001738548,-21.59708,10.25639,1008.294
19.981304646,-41.4073,-0.7712557,-2.144573,0.02303532,0.5935893,-0.8068151,0.001738548,-21.59708,10.25639,1008.299
20.016060829,-49.03006,-0.7125529,-2.814921,0.0259037,0.6110534,-0.7965698,-0.02051973,-21.60754,9.447179,1008.297
20.048337936,-52.87242,-0.6538501,-3.668091,0.02395043,0.6280722,-0.7708465,-0.04316711,-22.34784,8.584956,1008.295
20.083098412,-62.66426,3.983669,-7.01983,0.03259129,0.6683958,-0.7314773,-0.04316711,-22.34784,8.584956,1008.295
20.115375519,-69.79124,5.216427,-7.994882,0.01998398,0.6828744,-0.7323347,0.3076246,-22.35747,8.143715,1008.295
20.150135040,-69.60532,6.273077,-7.629237,0.0213651,0.7251049,-0.6953562,-0.8136271,-23.09063,6.924559,1008.293
20.182413101,-65.76295,6.273077,-6.776067,0.01312789,0.7396713,-0.6739843,-0.8136271,-23.09063,6.924559,1008.292
20.214686394,-54.35979,4.277183,-5.31349,0.02665403,0.7616457,-0.626995,0.5919127,-23.49283,5.226453,1008.292
20.249445915,-38.8044,3.983669,-3.485269,0.007788755,0.7630289,-0.6312974,0.2051654,-23.50011,4.360514,1008.296
20.281723499,-16.18402,0.4027999,-1.596107,0.01549744,0.7863908,-0.5983074,0.2051654,-23.50011,4.360514,1008.296
20.316483974,-2.859681,-0.06682235,-0.07258957,0.01693316,0.7921973,-0.5997277,0.9067485,-23.51936,3.478029,1008.294
20.348761082,8.605445,0.4027999,1.085284,0.01595598,0.7989941,-0.5924354,-0.1815822,-23.50739,3.494576,1008.294
20.383520603,23.35518,0.7550166,2.121276,0.01548548,0.789762,-0.6031225,-0.1815822,-23.50739,3.494576,1008.294
20.415793896,36.05978,0.9311249,3.34009,0.02133646,0.7645684,-0.6168147,0.5319862,-23.52101,3.047818,1008.294
20.448071003,45.35583,1.165936,4.132319,0.02132889,0.7591617,-0.6415008,0.5559568,-23.50974,3.919271,1008.294
20.482831478,53.22649,0.9311249,5.290192,0.01846664,0.7348817,-0.6638709,0.5559568,-23.50974,3.919271,1008.294
20.515108585,60.91122,0.4027999,6.021481,0.03054564,0.7285235,-0.6939062,0.5799274,-23.49847,4.790726,1008.294
20.549868584,66.79871,-0.06682235,6.326184,0.02721101,0.6959809,-0.7264745,0.6015246,-23.12349,5.595316,1008.294
20.582145691,68.59595,-1.593095,6.752769,0.02678793,0.6634892,-0.7464793,0.6015246,-23.12349,5.595316,1008.294
20.616902351,63.39017,-2.943259,7.179354,0.03605398,0.6223046,-0.7694551,0.2969623,-23.09213,7.717219,1008.294
20.649179459,54.89977,-3.060664,6.265244,0.03270242,0.6043519,-0.780669,-0.04250574,-22.71236,8.589572,1008.294
20.681456566,39.53031,-1.886609,3.583853,0.03562239,0.5873342,-0.8068778,-0.04250574,-22.71236,8.589572,1008.294
20.716217041,22.54952,-1.475689,2.852564,0.03467617,0.5771558,-0.8108011,-0.3826351,-21.96807,9.45731,1008.294
20.748494148,10.03084,-0.419039,0.5977582,0.03613365,0.5693697,-0.8248683,-0.3603766,-21.9576,10.26652,1008.294
20.783254147,-5.276654,-0.1842279,-0.3772931,0.0356494,0.5703426,-0.8229279,-0.3603766,-21.9576,10.26652,1008.294
20.815527439,-11.90784,-0.5951474,-0.9867001,0.0366211,0.5688986,-0.8214878,0.01372385,-21.59144,10.69211,1008.294
20.847804546,-17.67139,-1.006067,-1.352344,0.03031453,0.5790578,-0.8170656,-0.362361,-20.86406,10.25267,1008.294
20.882565021,-21.45178,-0.419039,-1.352344,0.030796,0.5824713,-0.8097956,-1.0999,-20.86172,9.827973,1008.298
20.914842129,-21.32783,-0.5364445,-1.291404,0.03173086,0.5984666,-0.8029386,-1.097916,-21.95526,9.841821,1008.296
20.949602127,-23.31099,-0.8299584,-1.291404,0.03124422,0.6038278,-0.7913045,-0.02051973,-21.60754,9.447179,1008.296
20.981879711,-23.80678,-0.5364445,-1.474226,0.03220016,0.6120917,-0.7811074,-0.03118181,-22.34221,9.020683,1008.296
21.016635895,-15.56428,-0.7712557,-1.047641,0.02927862,0.6247048,-0.7694269,-0.03118181,-22.34221,9.020683,1008.296
21.048913002,-10.04863,-0.7712557,-0.9257594,0.02732873,0.6304982,-0.7718068,-0.03118181,-22.34221,9.020683,1008.296
21.081190109,-5.834417,-0.4777418,-0.7429373,0.02539392,0.6324448,-0.7669572,0.3309336,-21.98168,9.010552,1008.295
21.115950584,-0.7525769,-0.4777418,-0.6210559,0.03215137,0.6377891,-0.766458,0.3309336,-21.98168,9.010552,1008.296
21.148227692,2.903869,-0.2429307,0.1711733,0.02635225,0.6363207,-0.7664539,-0.06647635,-22.72363,7.718119,1008.296
21.182987690,4.763079,-0.06682235,0.3539954,0.03024307,0.6261627,-0.7684538,-0.03118181,-22.34221,9.020683,1008.299
21.215260505,5.692684,-0.2429307,-0.01164887,0.03072701,0.6261657,-0.7679713,-0.03118181,-22.34221,9.020683,1008.297
21.250020981,5.196894,-0.3016334,-0.01164887,0.02828914,0.6309621,-0.7785744,0.3209329,-23.08086,8.588673,1008.297
21.282298565,3.027817,-0.3016334,-0.4382338,0.02684171,0.6314598,-0.7732506,0.6823866,-22.35582,8.573925,1008.297
21.314575672,2.40808,-0.1255251,-0.07258957,0.02635658,0.6314519,-0.7751834,0.6823866,-22.35582,8.573925,1008.297
21.349335193,0.3009753,0.109286,0.1102325,0.02492434,0.6246825,-0.7723182,-0.04316711,-22.34784,8.584956,1008.297
21.381613254,-0.3187613,-0.06682235,0.2930546,0.02250979,0.6202908,-0.7810398,0.6943719,-22.35019,9.009652,1008.297
21.416368961,-1.99205,0.5789082,0.4758768,0.03022786,0.628543,-0.7800427,0.6943719,-22.35019,9.009652,1008.295
21.448646068,-4.904812,0.6963138,0.414936,0.02878792,0.6241851,-0.7795809,0.3189483,-21.98731,8.574825,1008.297
21.483406544,-6.082312,0.5202054,0.1102325,0.02925813,0.6299953,-0.7790654,0.3202713,-22.71635,8.584057,1008.295
21.515684128,-6.887969,0.4615027,0.1102325,0.03021575,0.6348455,-0.7766228,0.3202713,-22.71635,8.584057,1008.295
21.547961235,-6.887969,0.4027999,-0.1335303,0.02924706,0.6392341,-0.76596,-0.4052827,-22.70837,8.595088,1008.295
21.582720756,-3.789286,-0.2429307,-0.3772931,0.03070592,0.638295,-0.758717,-0.05515242,-22.35348,8.14923,1008.295
21.614994049,-1.186393,-0.419039,-0.5601152,0.02877152,0.6358453,-0.7659783,-0.05515242,-22.35348,8.14923,1008.295
21.649754524,2.779922,-0.6538501,-0.5601152,0.02779796,0.6387477,-0.7654763,-0.3926358,-23.06725,9.035431,1008.294
21.682031631,6.374394,-0.2429307,0.04929184,0.03118384,0.6372958,-0.7683925,-0.05581403,-21.98896,8.144614,1008.294
21.716791630,8.419524,0.1679888,0.7196397,0.02684104,0.6329231,-0.7698582,-0.05581403,-21.98896,8.144614,1008.294
21.749069214,8.109656,0.5202054,0.9024618,0.02587691,0.6304892,-0.7732541,-0.4179294,-22.34949,8.154746,1008.292
21.781346798,6.31242,0.5789082,0.7196397,0.02733882,0.6236987,-0.7790971,-0.04184413,-23.07687,8.594188,1008.292
21.816102505,3.027817,-0.3016334,0.1102325,0.03750516,0.6193789,-0.7772098,-0.04184413,-23.07687,8.594188,1008.292
21.848379612,0.6728173,-0.8299584,-0.5601152,0.03363917,0.6193777,-0.7743009,0.3076246,-22.35747,8.143715,1008.292
21.883140087,-4.904812,-0.6538501,-0.5601152,0.0302414,0.6251784,-0.7732937,-0.04250574,-22.71236,8.589572,1008.292
21.915417194,-10.97823,-0.3016334,-0.4382338,0.02441123,0.6348207,-0.7790276,-0.01919651,-22.33657,9.45641,1008.29
21.950177193,-14.8206,0.1679888,-0.6819966,0.02633642,0.6406531,-0.7731973,-0.01919651,-22.33657,9.45641,1008.29
21.982454300,-14.38678,-0.008119571,-0.5601152,0.02972859,0.6387385,-0.7698314,-0.04250574,-22.71236,8.589572,1008.294
22.014728069,-12.03178,-0.2429307,-0.5601152,0.03168092,0.6383306,-0.7490501,-0.04250574,-22.71236,8.589572,1008.294
22.049488068,-6.702049,-0.1255251,-0.2554117,0.03117602,0.6475255,-0.7485133,-0.04250574,-22.71236,8.589572,1008.291
22.081765175,0.177028,-0.3603362,-0.2554117,0.03307914,0.6586417,-0.7542554,0.308286,-22.72198,8.148331,1008.289
22.116525650,6.064526,-0.419039,-0.07258957,0.02874162,0.6513588,-0.7576716,0.2963006,-22.72762,7.712604,1008.289
22.148802757,10.21676,-0.5364445,0.04929184,0.02681995,0.6450524,-0.7606039,0.2963006,-22.72762,7.712604,1008.289
22.183562755,12.32386,-0.4777418,0.2930546,0.02442346,0.6392695,-0.7514463,-0.05515242,-22.35348,8.14923,1008.289
22.215835571,13.56334,-0.06682235,0.5368175,0.02056071,0.6309744,-0.7684056,0.658416,-22.36709,7.702472,1008.289
22.248113155,12.63373,0.109286,0.4758768,0.02589572,0.6193277,-0.7825029,0.658416,-22.36709,7.702472,1008.291
22.282873630,4.887026,0.2853943,0.414936,0.03455126,0.6372334,-0.7896714,0.308286,-22.72198,8.148331,1008.289
22.315150738,-4.656918,0.5202054,0.3539954,0.03602475,0.6363549,-0.7645407,0.683048,-22.72033,8.578541,1008.289
22.349910259,-10.04863,0.1679888,-0.194471,0.0249172,0.629051,-0.7684259,0.683048,-22.72033,8.578541,1008.289
22.382187843,-11.65994,-1.06477,-1.352344,0.0181532,0.6256343,-0.7713313,0.3189483,-21.98731,8.574825,1008.289
22.414461613,-12.40363,-1.534392,-1.535167,0.0200605,0.6348132,-0.777568,0.306963,-21.99295,8.139099,1008.289
22.449221134,-9.614811,-0.5364445,-0.7429373,0.01717371,0.637797,-0.751439,0.306963,-21.99295,8.139099,1008.291
22.481498718,-10.48244,1.224639,0.04929184,0.02480141,0.6754836,-0.7754132,-0.05449104,-22.71799,8.153846,1008.293
22.516259193,-6.702049,0.5789082,0.3539954,0.02392136,0.6533626,-0.7334779,0.2963006,-22.72762,7.712604,1008.293
22.548536301,-1.248366,0.4615027,0.7805803,0.02242896,0.6595382,-0.7663134,0.2963006,-22.72762,7.712604,1008.293
22.583295822,5.072947,-0.1255251,0.04929184,0.04184908,0.6276656,-0.7631524,0.2956393,-22.3631,7.707988,1008.293
22.615569115,6.808209,0.637611,1.024343,0.05483751,0.658699,-0.7557523,-0.4305763,-21.99061,7.714402,1008.293
22.647846222,9.53505,0.5202054,0.5368175,0.02874381,0.6538113,-0.7479889,-0.4305763,-21.99061,7.714402,1008.293
22.682606697,6.932157,0.1679888,0.414936,0.02875706,0.6470248,-0.7514116,-0.04250574,-22.71236,8.589572,1008.291
22.714883804,4.329263,-0.4777418,0.04929184,0.02872079,0.6527385,-0.778935,-0.04382873,-21.98333,8.58034,1008.291
22.749643803,-3.16955,-0.7712557,-0.4382338,0.02924618,0.6382532,-0.7698331,-0.04382873,-21.98333,8.58034,1008.291
22.781921864,-8.74718,-0.8886613,-0.803878,0.02250303,0.6290588,-0.7640697,-0.05382943,-23.08251,8.158462,1008.291
22.816677570,-10.35849,-1.240878,-1.596107,0.02007218,0.637305,-0.7562825,0.3076246,-22.35747,8.143715,1008.291
22.848954678,-10.17257,-0.4777418,-1.047641,0.01907102,0.6503552,-0.7600737,0.3076246,-22.35747,8.143715,1008.296
22.881231785,-10.54442,0.05058321,-0.4382338,0.03065802,0.6605753,-0.7527889,0.2956393,-22.3631,7.707988,1008.294
22.915992260,-7.631653,0.2853943,0.1711733,0.02921173,0.6605892,-0.7474679,0.3076246,-22.35747,8.143715,1008.294
22.948269367,-2.115998,0.05058321,0.2321139,0.03018506,0.6596406,-0.742641,-0.07674956,-22.72845,7.344639,1008.294
22.983029366,2.098212,-0.008119571,0.04929184,0.02631133,0.6615619,-0.7435886,-0.07674956,-22.72845,7.344639,1008.292
23.015302658,3.027817,-0.2429307,0.04929184,0.02824279,0.6620448,-0.7455238,-0.05382943,-23.08251,8.158462,1008.292
23.050063133,2.470053,0.05058321,0.04929184,0.02582071,0.6620199,-0.7508365,0.2969623,-23.09213,7.717219,1008.292
23.082340240,1.912291,-0.1842279,0.04929184,0.02389625,0.6600999,-0.7445586,0.2969623,-23.09213,7.717219,1008.292
23.114617348,0.4868963,-0.1842279,-0.1335303,0.01810312,0.6547471,-0.7484441,0.2853661,-22.36793,7.334508,1008.292
23.149377823,-0.194814,-0.3016334,-0.07258957,0.02583742,0.6586685,-0.74022,0.2956393,-22.3631,7.707988,1008.292
23.181654930,-0.7525769,-0.1842279,-0.194471,0.0214816,0.6591285,-0.743592,0.2956393,-22.3631,7.707988,1008.292
23.216410637,-0.008893002,-0.008119571,0.1711733,0.02340123,0.660051,-0.7585775,-0.07741094,-22.36394,7.340023,1008.291
23.248688221,-0.5666559,0.1679888,-0.01164887,0.02437975,0.6596125,-0.7460127,0.2963006,-22.72762,7.712604,1008.291
23.283448696,-0.2567877,0.05058321,-0.1335303,0.02680952,0.657226,-0.7382965,0.2963006,-22.72762,7.712604,1008.291
23.315725803,-0.1328403,-0.06682235,0.04929184,0.02631855,0.6581712,-0.7445748,0.286689,-23.09696,7.34374,1008.292
23.348002910,-0.9384979,-0.5364445,-0.01164887,0.02921292,0.6605942,-0.7460175,-0.05382943,-23.08251,8.158462,1008.291
23.382762909,-0.5046823,-0.1255251,-0.07258957,0.02147275,0.6620239,-0.7459927,-0.05382943,-23.08251,8.158462,1008.289
23.415036678,-0.3187613,0.4027999,0.2321139,0.01952713,0.6668577,-0.7459611,0.2860274,-22.73244,7.339124,1008.289
23.449796200,0.9826856,0.4027999,0.5368175,0.02147461,0.6605655,-0.7479348,-0.05515242,-22.35348,8.14923,1008.289
23.482073784,2.40808,0.7550166,1.024343,0.01954856,0.658639,-0.7435906,-0.05515242,-22.35348,8.14923,1008.287
23.516834259,3.399658,1.04853,0.841521,0.02774988,0.6634706,-0.7527662,-0.4388649,-23.08898,7.354771,1008.287
23.549111366,-0.6286296,0.9311249,0.7196397,0.02729775,0.6518714,-0.7479968,0.286689,-23.09696,7.34374,1008.287
23.581388473,-1.744156,0.7550166,0.4758768,0.03065908,0.6591138,-0.7556978,0.286689,-23.09696,7.34374,1008.287
23.616144180,-4.037181,0.2266915,0.1102325,0.02535608,0.6567215,-0.7431306,0.2976236,-23.45665,7.721835,1008.287
23.648421287,-5.958364,0.5202054,0.414936,0.02776998,0.6581786,-0.7436109,-0.06647635,-22.72363,7.718119,1008.291
23.683181763,-9.304943,0.9311249,-0.07258957,0.02919816,0.6683518,-0.7416224,-0.06647635,-22.72363,7.718119,1008.287
23.715458870,-9.057048,0.8137193,-0.01164887,0.02871857,0.6683668,-0.736787,0.2873504,-23.46148,7.348355,1008.291
23.747736454,-10.17257,1.04853,-0.1335303,0.02967166,0.6756416,-0.7328801,-0.07674956,-22.72845,7.344639,1008.287
23.782496929,-10.23455,0.7550166,-0.3772931,0.03112184,0.6795532,-0.7222254,-0.07674956,-22.72845,7.344639,1008.287
23.814769745,-7.135864,1.45945,-0.6210559,0.0291764,0.6819444,-0.7289757,1.011581,-22.74042,7.328093,1008.287
23.849529743,-2.67376,1.107233,0.414936,0.02964894,0.6872755,-0.7270126,0.2860274,-22.73244,7.339124,1008.289
23.881806850,-1.372313,1.929072,0.2321139,0.03207622,0.6834126,-0.7265565,0.2860274,-22.73244,7.339124,1008.289
23.916567326,-0.5666559,2.046478,-0.01164887,0.03497502,0.6868314,-0.7197751,-0.06581473,-23.08814,7.722734,1008.293
23.948844433,3.523606,1.752964,0.6586989,0.03062381,0.6858445,-0.7217051,-0.4508502,-23.09462,6.919044,1008.293
23.981121540,3.585579,0.9898276,-0.1335303,0.03886219,0.675681,-0.7290322,-0.4508502,-23.09462,6.919044,1008.293
24.015877724,5.816631,-0.1842279,-0.07258957,0.03497579,0.6819478,-0.7328557,-0.8136271,-23.09063,6.924559,1008.291
24.048155308,7.180051,0.05058321,0.1102325,0.03449642,0.6800091,-0.7333491,-0.8016418,-23.085,7.360286,1008.291
24.082915306,9.906892,0.2266915,0.4758768,0.02869608,0.678047,-0.7362484,0.6374805,-23.10658,6.902496,1008.29
24.115192413,10.8365,0.5789082,1.024343,0.05287109,0.674686,-0.748889,0.6374805,-23.10658,6.902496,1008.29
24.149952889,16.35215,0.1679888,1.63375,0.04368333,0.6746581,-0.7493529,-0.07741094,-22.36394,7.340023,1008.29
24.182229996,16.66202,-0.7712557,1.511869,0.03837354,0.6668624,-0.7605048,0.2963006,-22.72762,7.712604,1008.291
24.214503288,15.67044,-7.40467,1.146224,0.03406814,0.6514052,-0.7484975,0.2963006,-22.72762,7.712604,1008.293
24.249263286,5.444789,-9.341861,-4.643143,0.02293456,0.6493688,-0.7687895,0.2853661,-22.36793,7.334508,1008.291
24.281540394,2.284132,-14.03808,-7.080771,0.0428063,0.6369122,-0.7485987,-0.04250574,-22.71236,8.589572,1008.291
24.316300869,26.76373,-21.25853,-5.861957,0.01904137,0.6502323,-0.7963322,-0.04250574,-22.71236,8.589572,1008.291
24.348577976,26.76373,-23.48923,-6.044779,0.01621866,0.6168312,-0.7969994,0.308286,-22.72198,8.148331,1008.293
24.383337974,38.10491,-14.09679,-6.227601,-0.01615243,0.6119617,-0.7785867,-0.04250574,-22.71236,8.589572,1008.293
24.415611744,51.67714,-8.989644,-5.557253,-0.03837801,0.604152,-0.7795501,-0.04250574,-22.71236,8.589572,1008.291
24.447888851,45.16991,-8.226508,-5.618194,0.01341242,0.5771458,-0.7957687,0.7063572,-22.34455,9.445379,1008.291
24.482648849,13.00558,-4.763045,-9.030873,-0.05866193,0.5636379,-0.8653054,0.3665004,-22.69461,10.26472,1008.291
24.514925957,2.779922,-4.352125,-8.78711,-0.02380042,0.5634402,-0.8102697,0.3665004,-22.69461,10.26472,1008.291
24.549686432,-11.47402,-2.414934,-8.665229,-0.06434219,0.528455,-0.8181162,1.114702,-21.96229,11.11591,1008.291
24.581963539,0.9826856,-4.586936,-6.471364,-0.05854971,0.5308732,-0.8234327,1.453508,-21.97755,10.23894,1008.291
24.616719246,-16.30797,-3.882503,-7.324533,-0.06296217,0.5530887,-0.8329657,1.453508,-21.97755,10.23894,1008.29
24.648996353,-11.53599,-8.285211,-6.715127,-0.03591079,0.5682024,-0.8227859,1.091393,-22.33807,10.24907,1008.29
24.681274414,-5.958364,-8.285211,-8.116763,-0.09205647,0.5839428,-0.8428798,1.454831,-22.70658,10.24817,1008.29
24.716033935,-0.07086667,-12.39441,-8.177704,-0.08049244,0.6028639,-0.8384462,1.454831,-22.70658,10.24817,1008.288
24.748311520,0.734791,-14.15549,-8.969933,-0.06796911,0.6139368,-0.8659662,1.804961,-22.35169,9.802313,1008.288
24.783071995,-2.67376,-8.872239,-7.933941,-0.06978053,0.5890291,-0.7887537,1.817608,-22.71057,10.24266,1008.286
24.815344810,0.362949,-6.524128,-8.421466,-0.05907208,0.5575878,-0.7937899,1.817608,-22.71057,10.24266,1008.286
24.850104809,-5.772444,-3.412881,-9.335577,-0.09764677,0.5144371,-0.7852502,1.454831,-22.70658,10.24817,1008.286
24.882381916,-3.355471,-9.165752,-9.396518,-0.1199167,0.5235468,-0.7914352,2.531176,-22.72418,9.795897,1008.286
24.914659023,6.250447,-8.754833,-8.238645,-0.1128087,0.5923575,-0.7697879,2.531176,-22.72418,9.795897,1008.286
24.949419498,0.2390016,-4.645639,-8.665229,-0.1326795,0.5789186,-0.8631252,2.168399,-22.72019,9.801414,1008.286
24.981697083,4.701105,-7.932994,-8.543347,-0.09486517,0.5662372,-0.7815777,2.893292,-22.36365,9.785767,1008.286
25.016452789,-4.037181,-1.7105,-7.933941,-0.09786559,0.5902517,-0.8326792,3.257391,-23.09667,9.789483,1008.286
25.048730373,-13.33323,-5.173964,-7.994882,-0.126294,0.5627336,-0.7892649,3.257391,-23.09667,9.789483,1008.286
25.081007481,-5.524549,-5.878397,-7.994882,-0.1321904,0.5882276,-0.8297161,3.256069,-22.36764,9.780251,1008.288
25.115767479,-3.85126,-9.165752,-9.030873,-0.1219928,0.5610698,-0.8555147,3.255407,-22.00312,9.775635,1008.286
25.148044586,0.9826856,-12.45311,-8.543347,-0.1002674,0.5873789,-0.8215712,3.255407,-22.00312,9.775635,1008.288
25.182805061,-1.248366,-12.57051,-8.116763,-0.1393547,0.5734262,-0.7645205,3.60791,-22.01194,9.39664,1008.288
25.215078354,-4.470997,-8.285211,-9.944984,-0.1640833,0.5764959,-0.8374491,3.609233,-22.74097,9.405871,1008.288
25.249838352,-6.578101,-11.51386,-6.958889,-0.1654339,0.5676215,-0.7417758,3.609233,-22.74097,9.405871,1008.286
25.282115459,-15.00652,-5.584884,-9.152755,-0.1630372,0.5523923,-0.8109993,4.333464,-22.01992,9.385609,1008.286
25.314392567,-10.73034,-8.813536,-4.704083,-0.1727598,0.580982,-0.7914782,4.333464,-22.01992,9.385609,1008.288
25.349153042,-3.16955,-5.467478,-2.814921,-0.1756071,0.5787539,-0.7325051,4.333464,-22.01992,9.385609,1008.286
25.381430149,-21.82362,-0.5364445,-0.6210559,-0.1809418,0.5615703,-0.8007562,4.673594,-22.76421,8.517871,1008.286
25.416186809,-19.03481,0.5789082,3.827616,-0.145693,0.5917615,-0.7750383,5.048356,-22.76256,8.948082,1008.286
25.448463917,-21.82362,5.216427,5.351133,-0.1549286,0.6237875,-0.741479,5.048356,-22.76256,8.948082,1008.284
25.483223915,-15.87415,6.977511,6.143362,-0.1486738,0.6363811,-0.7433546,5.386501,-22.4133,8.066498,1008.284
25.515501022,-49.83571,11.26281,1.085284,-0.1535028,0.629553,-0.7549856,4.661608,-22.76984,8.082145,1008.286
25.547778129,-110.26,6.801403,-0.2554117,-0.237426,0.7146907,-0.8365052,4.661608,-22.76984,8.082145,1008.286
25.582538605,-113.0489,-5.819695,-3.54621,-0.25583,0.7736457,-0.7027013,4.265249,-23.14647,6.847342,1008.284
25.614811897,-191.2596,19.89212,-5.861957,-0.2679442,0.816508,-0.6105781,4.569812,-23.17783,4.725439,1008.284
25.649571419,-15.9981,-25.25031,-20.12208,-0.4824817,0.671409,-0.8347728,4.569812,-23.17783,4.725439,1008.284
25.681848526,27.56939,-29.1834,-29.68977,-0.3444985,0.8268909,-0.7665048,4.839741,-23.95511,1.305587,1008.284
25.716609478,-36.94519,22.18153,-48.82515,-0.4370071,0.6383976,-0.9041903,4.091268,-23.59309,0.5027957,1008.284
25.748886585,-7.321785,26.76035,-60.89141,-0.5711582,0.4852204,-1.009678,4.091268,-23.59309,0.5027957,1008.284
25.781163692,55.51951,23.5904,-67.22925,-0.5058932,0.5151592,-0.9410004,5.168275,-23.9752,0.05513811,1008.284
25.815919876,65.68319,33.74598,-79.84398,-0.488744,0.4296456,-0.9139676,5.848261,-24.36943,-1.631938,1008.286
25.848197460,70.827,39.38144,-95.07915,-0.5536349,0.2668721,-0.9108858,5.848261,-24.36943,-1.631938,1008.284
25.882956982,65.68319,30.69343,-103.7937,-0.5825238,0.2956449,-0.6781259,7.640821,-25.8587,-2.512505,1008.283
25.915234089,43.99241,31.57397,-121.2227,-0.6470962,0.2240594,-0.6131296,9.081927,-26.97384,-2.956446,1008.283
25.949994564,24.53268,21.5945,-154.3745,-0.7792966,-0.03943612,-0.4296693,11.55024,-27.73576,-3.420631,1008.281
25.982272148,28.87083,-12.68792,-149.3164,-0.8430398,0.2011108,-0.2217358,11.55024,-27.73576,-3.420631,1008.279
26.014544964,-22.93915,-35.22979,-164.1859,-0.837361,0.280757,-0.1429781,15.52288,-29.24736,-4.209798,1008.278
26.049304962,-30.56191,-42.97855,-173.0223,-0.9220392,0.2436258,-0.318495,19.11668,-30.39769,-5.558286,1008.276
26.081582546,-28.88862,-64.69858,-175.5818,-0.9337386,0.309172,-0.2446144,19.11668,-30.39769,-5.558286,1008.276
26.116342545,-28.57875,-77.37837,-165.2219,-0.9538412,0.3959276,-0.3310968,22.36074,-31.17309,-6.4079,1008.278
26.148619652,-35.14796,-86.12509,-150.6571,-0.9564949,0.500984,-0.3155071,25.9756,-31.9196,-4.772244,1008.272
26.183380127,-44.6919,-92.99332,-136.9454,-0.8719108,0.5206223,-0.3039753,25.9756,-31.9196,-4.772244,1008.272
26.215653419,-38.18467,-85.36195,-120.8571,-0.8569887,0.5501931,-0.3014221,28.61843,-32.26374,-1.071435,1008.271
26.247930527,-47.23282,-88.82542,-102.5139,-0.8146926,0.6362377,-0.3648379,32.73209,-29.33112,3.499469,1008.271
26.282690525,-44.38203,-90.52779,-86.73028,-0.7623898,0.5893165,-0.4034091,32.73209,-29.33112,3.499469,1008.271
26.314967632,9.906892,-100.9182,-89.89919,-1.1502,0.8294884,-0.8894807,36.43213,-23.86463,6.362917,1008.275
26.349728107,-69.72926,-97.33732,-96.35891,-0.982686,0.8162128,-0.09272681,36.02292,-18.10605,4.988167,1008.277
26.382005215,-108.029,-148.7023,-93.73846,-1.041537,0.6617231,-0.3637206,36.02292,-18.10605,4.988167,1008.277
26.414278507,-234.2693,12.08465,-26.27709,-0.7241976,0.07154461,-0.1424778,36.23312,-10.5204,-0.1562636,1008.277
26.449038982,31.10188,-41.56969,18.75809,-0.9432552,0.1680696,-0.4624602,33.60565,-7.311233,-3.14627,1008.278
26.481316090,22.98334,-54.24949,24.54745,-1.033848,0.3787002,-0.06319726,33.60565,-7.311233,-3.14627,1008.28
26.516076088,100.0166,-54.66041,47.76587,-0.9042573,0.3927567,-0.02327123,30.60899,-6.229244,-6.477314,1008.282
26.548353195,78.20187,-20.7302,44.2313,-0.9179234,0.5783757,0.3558627,28.69199,-6.987434,-10.23755,1008.282
26.583113670,54.96175,-42.33282,6.265244,-1.255691,0.4478908,0.2644788,28.69199,-6.987434,-10.23755,1008.283
26.615386963,56.13925,-39.92601,5.351133,-1.038585,0.5813582,0.05254022,26.46163,-9.48173,-12.2893,1008.283
26.647664070,-39.30019,-35.05368,-26.5818,-1.213385,0.3844897,0.3694168,25.29377,-10.96646,-15.24214,1008.285
26.682423592,-173.4732,6.918808,-47.42352,-1.243316,-0.2192482,0.4530675,25.29377,-10.96646,-15.24214,1008.285
26.714701652,-29.07454,-35.4646,-34.19938,-1.435319,-0.08902539,0.2008998,23.46053,-11.34953,-18.13646,1008.287
26.749461651,-100.7161,-34.29054,-28.89754,-1.217615,-0.3679148,0.11521,22.26208,-9.200379,-22.0069,1008.289
26.781738758,36.4936,-27.95064,-21.70654,-1.258453,-0.3137687,-0.5805458,22.26208,-9.200379,-22.0069,1008.289
26.816494942,146.6828,-55.95187,8.337228,-1.175939,-0.648891,-0.5806954,19.61621,-8.128014,-25.77919,1008.289
26.848772526,307.7523,-51.37305,34.23703,-1.009085,-0.08303978,-0.6788763,17.37946,-7.098656,-27.87556,1008.29
26.881049633,227.0006,-3.647692,0.6586989,-0.9051225,0.644305,0.2363172,17.37946,-7.098656,-27.87556,1008.288
26.915809154,6.870183,35.15484,6.630888,-1.119959,-0.125877,0.1980769,14.16024,-12.45284,-26.45027,1008.288
26.948086739,54.40398,-27.0701,20.40349,-1.05842,-0.112948,0.3913932,14.23997,-18.61741,-23.88193,1008.288
26.982847214,-9.366917,-16.73841,29.23989,-0.8910313,0.04712654,0.3619694,13.88918,-18.60779,-23.44069,1008.29
27.015120029,-53.80203,3.748858,9.616982,-0.8946018,-0.2125997,-0.0223831,13.88918,-18.60779,-23.44069,1008.291
27.049880028,-32.42112,2.281289,6.204303,-0.9491463,-0.2441211,0.004144357,12.42807,-19.69102,-23.84051,1008.291
27.082157135,-45.31164,7.094916,-11.10286,-0.9216301,-0.1660454,0.1722822,11.31748,-19.68951,-24.63317,1008.293
27.114435196,-32.66901,6.273077,-29.14131,-0.9578538,-0.1708606,0.2100411,11.31748,-19.68951,-24.63317,1008.295
27.149194717,-29.44638,-1.593095,-40.04969,-0.9987401,-0.05627419,0.2141648,12.74263,-18.62319,-25.54053,1008.295
27.181471824,-47.54269,-7.463373,-46.63129,-1.011439,-0.02653589,0.1466799,14.5336,-18.28908,-26.38193,1008.296
27.216228485,-57.83031,-8.167806,-53.51759,-0.9688413,-0.06580901,0.08835212,14.5336,-18.28908,-26.38193,1008.298
27.248505592,-47.79058,0.4027999,-57.96626,-1.033502,-0.1294511,0.06975895,15.21989,-16.49138,-27.72322,1008.3
27.283265591,-39.61006,2.985722,-55.22393,-1.029164,-0.1309642,0.04798626,16.26935,-13.96784,-29.01702,1008.302
27.315542698,-32.66901,11.96725,-50.8362,-1.049568,-0.0820603,0.0734471,16.26935,-13.96784,-29.01702,1008.302
27.347819805,-44.38203,13.96314,-39.62311,-1.099872,-0.07053737,0.08909108,17.00291,-11.78308,-28.62001,1008.303
27.382580280,-61.48676,14.84368,-25.72863,-1.110516,-0.0544671,0.1278805,18.8231,-9.611102,-28.30181,1008.303
27.414853573,-71.89834,9.26692,-11.1638,-1.119673,-0.07684909,0.09973352,18.8231,-9.611102,-28.30181,1008.305
27.449733257,-63.53189,5.216427,0.5977582,-1.067833,-0.1222199,0.09066192,20.27156,-8.168993,-28.34233,1008.305
27.482010364,-50.39347,2.692208,7.240295,-0.9819872,-0.2323208,0.08695025,19.90559,-6.403179,-28.35913,1008.305
27.516770840,-28.39283,3.220533,15.46729,-0.907492,-0.2461582,0.08187662,19.90559,-6.403179,-28.35913,1008.303
27.549048424,-12.2177,2.692208,17.84398,-0.8965053,-0.2002613,0.05020696,20.2644,-4.220073,-28.39234,1008.307
27.581325531,-6.020339,-0.5951474,17.90492,-0.8936521,-0.1662453,0.08955276,20.62651,-3.859546,-28.40247,1008.307
27.616081238,-14.5727,-1.475689,16.92987,-0.9327776,-0.192573,0.06483201,20.62651,-3.859546,-28.40247,1008.308
27.648359299,-24.30257,-5.526181,13.82189,-0.9918349,-0.1778611,0.02926848,19.88069,-4.95558,-29.1868,1008.308
27.683118820,-41.53124,-10.33981,7.484058,-1.020717,-0.2252937,0.05129921,20.25413,-4.224902,-28.76582,1008.31
27.715395927,-67.00242,-2.708447,-4.094676,-1.084904,-0.3095018,-0.03896085,20.25413,-4.224902,-28.76582,1008.312
27.750156403,-48.72019,-13.74457,-10.61533,-1.114327,-0.3131889,0.04036555,19.49262,-4.233829,-30.06197,1008.312
27.782433987,-62.91216,-7.991697,-23.53476,-1.037897,-0.3387465,0.002347284,19.86407,-2.409604,-29.65483,1008.314
27.814706802,-69.35742,-6.935048,-31.51799,-0.9832855,-0.3357801,-0.02530955,19.86407,-2.409604,-29.65483,1008.312
27.849466801,-63.40794,6.096969,-39.25746,-0.9707994,-0.3028714,-0.03530156,20.21156,-0.5966487,-30.11916,1008.312
27.881743908,-64.33755,12.20206,-39.62311,-0.9520076,-0.3030927,-0.116561,19.48269,1.233908,-30.1312,1008.314
27.916504383,-83.23952,21.88802,-42.36544,-0.9900397,-0.3631009,-0.0849133,19.52429,3.807251,-28.48285,1008.31
27.948781490,-79.769,19.65731,-36.94172,-1.057972,-0.4961658,-0.1662578,19.52429,3.807251,-28.48285,1008.31
27.981058598,-47.91453,14.55017,-26.33803,-1.058087,-0.4121038,-0.06474085,20.3042,5.952984,-26.40443,1008.31
28.015815258,-68.92361,6.860106,-25.11922,-1.008496,-0.3014292,-0.006205794,20.71161,7.794113,-24.69011,1008.31
28.048092365,-82.49583,0.2853943,-16.52658,-0.940046,-0.4276592,-0.04236208,20.71161,7.794113,-24.69011,1008.31
28.082852364,-35.08598,-8.930942,-3.54621,-0.8227385,-0.3577587,-0.07799193,21.11863,8.905403,-23.02882,1008.311
28.115129471,-52.00479,-7.639481,1.389987,-0.8163004,-0.1958976,-0.01520531,21.54963,10.02797,-20.49606,1008.311
28.149889946,-80.38873,-10.98554,2.852564,-0.6882701,-0.1568907,-0.03701419,21.54963,10.02797,-20.49606,1008.311
28.182167053,-73.38571,-1.475689,-0.1335303,-0.6053123,-0.3417125,-0.2393544,21.57189,10.03843,-19.68686,1008.311
28.214440346,-7.631653,-8.285211,8.398169,-0.6006323,-0.3554897,0.1183018,21.9793,11.87956,-17.97255,1008.31
28.249200344,7.861762,3.631453,15.0407,-0.6544226,-0.2427558,0.3008317,21.9793,11.87956,-17.97255,1008.31
28.281477451,-9.800733,9.736542,36.43089,-0.8130451,-0.1211696,0.04225834,23.05432,12.59099,-18.43405,1008.31
28.316237926,70.51714,-11.92478,40.20922,-0.9090973,-0.06897453,-0.1825203,23.04299,12.22084,-18.86516,1008.31
28.348515034,82.29213,1.04853,33.56668,-0.8835887,-0.1548657,0.01176215,23.04299,12.22084,-18.86516,1008.31
28.383275032,127.223,11.028,44.47507,-1.177987,0.01365892,0.01045423,24.10868,11.46857,-19.74393,1008.31
28.415548801,4.45321,-16.15138,15.16259,-1.360949,0.05445842,0.4954861,24.33515,8.875807,-22.64181,1008.315
28.447825909,-102.0795,-8.520022,-13.66237,-1.18764,-0.7914315,0.06487686,24.33515,8.875807,-22.64181,1008.315
28.482585430,74.48344,-47.55737,-2.75398,-1.073485,-0.2413363,-0.06857108,25.77625,7.760672,-23.08575,1008.315
28.514863014,-7.321785,-38.86936,1.024343,-0.7572843,0.1326606,-0.2155417,24.98719,10.65741,-25.22803,1008.317
28.549623489,-1.186393,-22.96091,17.41739,-0.6265072,-0.03513604,-0.4323913,24.98719,10.65741,-25.22803,1008.317
28.581900597,52.97859,-5.878397,54.95687,-0.4598239,-0.02106744,-0.563199,24.58912,10.27998,-26.52508,1008.319
28.616656303,21.1861,74.77923,30.27588,-1.127211,0.286498,0.797484,24.90501,10.61877,-28.21588,1008.319
28.648933411,-347.7431,57.22709,-64.06033,-4.142492,-2.246008,1.307829,24.90501,10.61877,-28.21588,1008.32
28.681210518,765.9236,-333.7921,-12.62638,0.2940317,0.4829368,0.2990463,26.05618,8.082561,-26.08372,1008.32
28.715970993,-350.9657,146.3379,-19.02515,-1.302205,0.501078,-0.2809208,28.53683,14.95871,-27.89069,1008.32
28.748248100,-27.2773,-11.33776,-11.83415,-0.6585425,-1.179911,-0.3503621,28.53683,14.95871,-27.89069,1008.324
28.783008099,97.10384,-6.230614,0.9024618,-1.089454,0.04195121,0.1448202,26.00062,6.59713,-28.18165,1008.324
28.815281868,-57.08663,10.49968,7.66688,-1.127612,-0.2408745,-0.02929326,26.37877,11.34312,-27.37572,1008.325
28.850041866,-17.67139,-0.1255251,10.34827,-0.9698679,-0.2844466,-0.02553003,27.08233,10.23032,-28.24435,1008.325
28.882318974,16.90992,-3.119367,12.60308,-0.9013488,-0.1929785,0.0613779,27.08233,10.23032,-28.24435,1008.325
28.914596081,-23.24902,10.14746,12.35931,-1.014172,-0.1299355,0.05327762,26.73022,10.96898,-27.81234,1008.325
28.949356556,-40.97348,13.25871,16.99081,-1.0333,-0.2361218,0.008238719,27.10697,9.877077,-27.36828,1008.329
28.981633663,4.887026,7.564539,14.61412,-0.9946657,-0.2215573,-0.01061584,27.10697,9.877077,-27.36828,1008.329
29.016389847,7.799788,6.7427,13.0906,-0.9944288,-0.1101835,0.01032134,27.86544,10.61423,-26.14361,1008.329
29.048666954,-15.56428,12.55428,12.35931,-0.9958167,-0.1353388,0.01404881,27.11829,10.24723,-26.93717,1008.331
29.083427429,-16.61783,12.61298,12.60308,-1.000169,-0.1612534,-0.06102217,27.11829,10.24723,-26.93717,1008.331
29.115704536,-2.363892,8.386378,10.10451,-1.025776,-0.1534216,-0.01306201,27.8445,9.874733,-26.94359,1008.332
29.147981644,3.585579,6.273077,9.495101,-1.027805,-0.1318289,-0.06562968,28.2302,9.516693,-26.13528,1008.334
29.182742119,-1.99205,4.042372,7.605939,-0.9765971,-0.1142888,-0.07385878,28.2302,9.516693,-26.13528,1008.336
29.215015411,-1.496261,3.279236,3.705734,-1.001681,-0.1111786,0.008397554,28.59165,10.24174,-26.15003,1008.337
29.249775410,0.4868963,0.05058321,4.010437,-1.030212,-0.1464503,-0.09423051,28.60496,9.518341,-25.70507,1008.337
29.282052517,6.188473,-3.412881,3.401031,-0.9828362,-0.1321925,-0.06814586,28.60496,9.518341,-25.70507,1008.337
29.314329624,1.23058,-3.236773,4.132319,-1.003033,-0.1615933,-0.01605812,28.23086,9.152176,-26.13066,1008.336
29.349090099,2.284132,-5.878397,7.240295,-1.023883,-0.1408798,-0.02653106,28.95708,8.779684,-26.13708,1008.337
29.381367206,8.047682,-6.406723,10.10451,-1.011277,-0.1592725,-0.03826534,28.95708,8.779684,-26.13708,1008.337
29.416122913,10.09281,-7.111156,12.72496,-1.010799,-0.1583163,-0.04212844,28.94509,8.77405,-26.57281,1008.337
29.448400020,15.85636,-10.86813,12.60308,-1.028346,-0.1081227,-0.06694404,28.93548,8.404705,-26.94167,1008.337
29.483160496,17.71557,-13.92068,10.77486,-1.010498,-0.05987271,0.01886049,28.93548,8.404705,-26.94167,1008.337
29.515438080,2.594001,-14.21419,9.312279,-1.035147,-0.07944286,-0.02325683,28.22219,7.323965,-26.54331,1008.339
29.547715187,3.151764,-17.20803,5.655837,-1.0072,-0.03236756,-0.007095915,28.57601,6.586115,-26.91307,1008.339
29.582475662,14.55492,-17.91247,-3.60715,-1.017368,-0.03391881,-0.02787068,28.57601,6.586115,-26.91307,1008.339
29.614748955,12.38584,-21.96296,-9.57934,-0.9988551,-0.07434264,0.02310407,27.47702,5.863414,-27.32302,1008.339
29.649508476,28.56096,-26.71788,-14.57648,-1.027376,-0.08758365,-0.004465754,27.81516,6.212672,-28.20461,1008.339
29.681785583,40.08807,-36.57995,-30.60388,-1.06591,0.04432955,-0.03022178,27.81516,6.212672,-28.20461,1008.337
29.716546059,59.17596,-56.42149,-56.44274,-1.086405,0.131951,-0.003573713,26.70523,5.849658,-28.99265,1008.337
29.748823643,20.07057,-75.8521,-75.3953,-1.124707,-0.01562184,0.03579516,25.95571,5.846365,-29.85308,1008.336
29.781100750,2.965843,-110.3106,-87.2178,-1.164979,-0.1618827,0.03553376,25.95571,5.846365,-29.85308,1008.336
29.815856457,1.664396,-115.7113,-85.93805,-1.153623,-0.1735862,0.2853805,23.79383,5.544136,-31.49771,1008.334
29.848133564,-22.93915,-133.2047,-98.0043,-1.763273,-0.03964462,-0.3729212,20.11493,7.323308,-33.20778,1008.334
29.882894039,-85.28465,-149.1132,-77.16258,-0.09328786,-0.2993154,0.9867505,16.07484,9.168028,-34.85085,1008.334
29.915171146,-78.03373,-112.4826,-88.55849,-1.507143,-0.6961135,-0.09777828,16.07484,9.168028,-34.85085,1008.334
29.949931145,6.560315,-165.1977,-115.1286,-1.314456,-0.6203557,-0.1823646,10.61591,12.13835,-35.24077,1008.334
29.982208729,-2.859681,-150.933,-100.3201,-0.2294555,-0.2583965,0.752809,6.668283,16.1864,-35.60527,1008.332
30.014482021,17.28176,-140.4252,-120.7961,-0.4563794,-0.886986,-0.04794994,6.668283,16.1864,-35.60527,1008.334
30.049242020,140.0516,-146.4128,-116.9569,-0.6004904,-0.3187404,0.3955209,0.5120094,15.89452,-35.13342,1008.332
30.081519127,71.81858,-155.7466,-127.073,-0.4297401,-0.02680949,0.7168492,-5.267525,16.6706,-36.30025,1008.334
30.116279602,-12.58955,-147.176,-123.3556,-0.1975646,-0.2686626,0.6951526,-5.267525,16.6706,-36.30025,1008.332
30.148556709,7.48992,-137.3726,-124.026,0.3825566,-0.81326,0.7212625,-11.41613,13.09888,-35.7246,1008.332
30.183316707,76.77647,-134.8484,-111.8378,0.6262489,-0.5287544,0.931684,-17.13784,13.1725,-34.82806,1008.332
30.215590000,-49.03006,-136.0224,-72.95768,0.6621503,-0.39089,0.8854969,-17.13784,13.1725,-34.82806,1008.332
30.247867107,-6.330207,-99.21581,-29.01943,0.2876009,-0.5211254,0.756002,-22.86744,10.71771,-32.15539,1008.332
30.282627582,-49.71177,-83.24865,3.34009,0.3427643,-0.7024965,1.453421,-27.87612,10.80655,-29.52606,1008.332
30.314904690,-140.1933,-42.45023,-16.28282,0.7418513,-0.9484407,0.9396841,-27.87612,10.80655,-29.52606,1008.332
30.349664688,-100.7161,15.84163,-24.08323,0.6471694,-0.8384696,0.1979516,-30.36734,9.762653,-27.79294,1008.332
30.381942272,-374.7017,68.32192,-8.238645,0.08005997,-0.6515821,0.8485278,-31.69242,12.36255,-25.252,1008.331
30.416697979,-60.86702,68.32192,-95.14009,-0.06630959,-1.556276,0.1862226,-31.69242,12.36255,-25.252,1008.331
30.448975086,-154.0134,8.151567,-91.118,-0.1533157,-0.9583545,0.7704197,-30.28508,16.36821,-24.45246,1008.331
30.481252670,-133.7481,-4.704342,-112.0207,0.08610075,-1.443059,0.6225995,-29.89203,18.56741,-23.24074,1008.331
30.516013145,-23.80678,-36.63865,-110.1315,-0.1624768,-0.7814204,0.724552,-29.89203,18.56741,-23.24074,1008.332
30.548290253,-82.55781,-28.00935,-120.8571,-0.01527498,-1.126575,0.5651546,-30.863,19.33512,-21.11795,1008.331
30.583049774,-53.864,-14.80122,-123.6603,0.07584823,-1.264688,0.4302603,-33.00106,17.91789,-19.75922,1008.331
30.615323067,-53.80203,-29.41821,-129.0841,0.08040739,-1.144629,0.4401185,-33.00106,17.91789,-19.75922,1008.329
30.650083542,-45.68348,-22.96091,-140.5409,0.2422954,-1.31068,0.4267395,-35.47964,16.51511,-17.58576,1008.329
30.682360649,-50.5794,-27.24621,-129.3888,0.1154407,-1.00929,0.5065602,-37.98153,14.73655,-16.27914,1008.327
30.714638233,-77.97176,-45.50277,-134.1422,0.1600007,-0.8598596,0.4386655,-37.98153,14.73655,-16.27914,1008.324
30.749397755,-83.36346,-30.70967,-146.0865,0.4210179,-1.082792,0.2637643,-40.10601,11.50157,-14.52384,1008.32
30.781675816,-97.74136,-12.86403,-165.4657,0.4104139,-1.472057,0.3592285,-42.21783,7.907714,-12.3282,1008.315
30.816431522,49.75596,-37.87141,-164.7953,-0.002574754,-1.09136,0.2356222,-42.21783,7.907714,-12.3282,1008.312
30.848708630,104.1688,-112.8936,-180.579,0.4231333,-0.5070128,0.3787079,-43.92879,4.359489,-10.94897,1008.312
30.880985737,158.5817,-170.3049,-176.2522,1.146574,0.01753428,0.1877227,-44.93635,-1.427795,-8.306459,1008.31
30.915746212,-12.52757,-119.0574,-167.7205,0.5153605,0.3139308,-0.3516498,-44.37487,-8.938929,-1.493168,1008.308
30.948023319,55.20964,-142.2449,-165.2828,0.2671055,0.637769,-0.8283612,-44.37487,-8.938929,-1.493168,1008.305
30.982783318,5.320842,-137.1965,-139.8096,0.2720877,0.9735238,-0.8583698,-42.80901,-15.80355,4.486826,1008.303
31.015056610,-49.77374,-101.3291,-101.7826,0.4276214,0.6561735,-1.388425,-39.39512,-20.45139,9.600652,1008.303
31.049817085,170.5426,-82.36811,-24.50981,0.7695751,1.384462,-1.539238,-39.39512,-20.45139,9.600652,1008.303
31.082094193,-31.67743,32.0436,20.46443,0.886876,1.359581,-1.26939,-36.39317,-24.44951,12.96862,1008.3
31.114371300,-0.5046823,116.9865,50.69102,0.3923998,0.9065444,-1.161643,-35.63166,-24.44058,14.26477,1008.3
31.149131298,13.68729,151.3864,64.82926,0.140197,0.7415611,-0.7951071,-35.63166,-24.44058,14.26477,1008.298
31.181408882,20.9382,186.7254,75.0673,-0.07986504,0.6533054,-0.5195746,-36.47563,-23.39379,10.02918,1008.298
31.216165066,19.20294,163.1856,95.48243,-0.1286218,0.7399974,-0.1718676,-39.89697,-21.24244,4.51117,1008.296
31.248442173,-7.817575,201.1663,90.54623,0.1687626,0.7579668,-0.1187447,-39.89697,-21.24244,4.51117,1008.295
31.283202648,-110.8178,143.5789,105.6595,0.8303333,0.7445524,-0.06706854,-41.15248,-18.81609,-1.41726,1008.291
31.315479755,-119.4941,248.833,171.1708,2.737362,-0.246909,0.490741,-42.42102,-14.87575,-7.738404,1008.29
31.347756862,163.1058,239.0296,240.887,0.787415,0.1053883,-0.001961987,-42.42102,-14.87575,-7.738404,1008.29
31.382516861,-107.967,358.0788,309.0796,0.2858012,1.04968,1.327176,-42.31235,-9.89162,-16.70982,1008.286
31.414789677,-513.5226,291.686,325.4117,-2.770289,0.2901052,0.2523428,-39.31598,-3.547726,-26.17878,1008.284
31.449550152,-249.0191,-19.14523,282.4485,-2.145678,-1.479746,-0.89128,-39.31598,-3.547726,-26.17878,1008.282
31.481827736,113.3409,74.1922,207.5524,-0.6769287,-3.373177,-0.8017555,-30.68495,11.58292,-28.24715,1008.282
31.516587257,692.2989,36.21149,120.8947,-0.495868,1.294033,0.5514309,-24.54794,27.88641,-26.36831,1008.282
31.548864365,-2026.238,-13.33365,-137.6158,1.271216,-8.817555,1.048017,-24.54794,27.88641,-26.36831,1008.282
31.581141949,613.2825,-174.7076,-77.34541,-0.8561031,-1.276364,-0.3712726,-19.64643,22.63961,-33.16579,1008.284
31.615898132,82.3541,-41.56969,-47.30164,1.271763,-0.2930568,-0.1783424,-20.3689,39.17997,-18.97721,1008.284
31.648175239,113.8987,67.20657,19.00185,-0.3684129,0.2582633,-0.322989,-20.3689,39.17997,-18.97721,1008.284
31.682935238,72.99608,-27.0114,-17.56257,-0.1308878,-0.4162678,0.2073469,-23.03826,33.37039,-23.96974,1008.286
31.715213299,96.4841,3.866264,5.10737,0.1066199,-0.2852906,0.1002563,-21.6414,31.13998,-26.0805,1008.286
31.749972820,104.1688,-11.10294,15.22353,0.2321822,0.4233258,0.1823319,-21.6414,31.13998,-26.0805,1008.287
31.782249927,-160.6446,17.89623,63.79327,0.2686759,0.4736815,0.01672014,-21.68498,29.66018,-27.74269,1008.289
31.814523220,-435.3739,38.20739,-20.85337,-0.359645,-0.961719,1.523559,-21.33983,27.09412,-28.5251,1008.292
31.849283695,26.88767,12.49557,28.44766,0.07864975,-5.056509,-2.372529,-21.33983,27.09412,-28.5251,1008.294
31.881560802,143.708,-35.34719,3.705734,-0.3403395,-1.180343,-0.31866,-19.92214,31.61491,-16.33444,1008.294
31.916320801,124.992,-46.73553,-8.543347,0.5425416,-0.0548602,0.4704576,-20.21784,39.98065,-13.44648,1008.296
31.948597908,-154.1374,37.91388,7.240295,0.04750351,-0.5620232,-0.257484,-20.30804,37.74928,-16.84235,1008.297
31.983358383,19.26492,-11.04424,2.304098,-0.02188113,-0.6305946,-0.1557188,-20.30804,37.74928,-16.84235,1008.299
32.015631676,-21.51375,8.327675,3.949497,-0.02275071,-0.4118052,0.004578397,-20.58995,38.52094,-13.85823,1008.301
32.047908783,-169.6308,-5.467478,3.949497,-0.09798151,-0.7390327,-0.1029931,-19.87572,38.14281,-14.30037,1008.301
32.082668781,-205.8854,-13.68587,7.057473,-0.01751861,-1.56322,-0.4767165,-19.87572,38.14281,-14.30037,1008.303
32.114946365,-44.25808,-10.63332,1.207165,0.01201228,-1.905502,-0.8316367,-19.70306,39.31846,-7.965058,1008.304
32.149706364,90.84449,-19.38004,-0.1335303,0.1405579,-0.9322144,-0.47637,-20.71252,41.19165,-4.98375,1008.308
32.181983471,28.74689,16.25255,2.669742,0.04485716,-0.6870521,-0.3075,-20.71252,41.19165,-4.98375,1008.31
32.214256763,27.69333,3.807561,-0.6819966,-0.02011587,-0.7925026,-0.2393113,-20.02226,40.80225,-6.297345,1008.311
32.249017238,16.10426,2.10518,-0.9257594,0.02326014,-0.9111819,-0.1680472,-20.05584,40.42163,-7.537663,1008.311
32.281294346,-2.983629,-0.2429307,-3.241506,0.02271416,-1.103442,-0.209748,-20.05584,40.42163,-7.537663,1008.313
32.316054344,6.622289,-1.182175,-0.3772931,0.02560475,-1.112763,-0.2494492,-19.71704,40.40637,-8.414633,1008.315
32.348331451,9.101234,-0.7125529,0.414936,0.03745139,-1.007689,-0.2411423,-20.07915,40.04585,-8.404501,1008.316
32.383091926,8.17163,3.983669,0.5368175,0.01593504,-0.8831577,-0.1746402,-20.07915,40.04585,-8.404501,1008.318
32.415364742,-9.92468,2.5161,-1.230463,-0.005256848,-0.9209863,-0.1810943,-20.07915,40.04585,-8.404501,1008.318
32.447642326,-20.77007,-1.534392,-0.9257594,0.005932841,-0.9607431,-0.212768,-19.71704,40.40637,-8.414633,1008.317
32.482401848,-18.84889,-2.943259,-0.4991745,0.02291035,-1.006408,-0.2792954,-19.71704,40.40637,-8.414633,1008.319
32.514678955,-7.073891,-1.06477,-1.047641,0.03159377,-1.013798,-0.3252828,-19.70306,39.31846,-7.965058,1008.317
32.549439430,6.498341,0.4615027,-0.6210559,0.03638722,-0.9919682,-0.3135664,-19.69373,40.78216,-7.547794,1008.317
32.581717014,12.44781,2.985722,-0.3772931,0.02425867,-0.9594271,-0.2683955,-19.69373,40.78216,-7.547794,1008.317
32.616472721,8.295577,2.10518,-1.047641,0.01077183,-0.9656013,-0.2224748,-20.40663,40.43126,-7.096421,1008.317
32.648750305,3.337685,0.4027999,-0.9867001,0.0074423,-0.9893268,-0.2235694,-20.07981,40.41036,-8.409117,1008.317
32.681027889,0.05308066,-0.947364,-0.01164887,0.0228744,-0.9738164,-0.2293158,-20.07981,40.41036,-8.409117,1008.319
32.715787411,-1.186393,-0.6538501,-0.4382338,0.02618423,-0.9447973,-0.2368929,-20.06716,40.05148,-7.968774,1008.32
32.748064518,-5.524549,0.3440971,-0.1335303,0.01801511,-0.9705083,-0.248624,-19.72665,40.03703,-8.783497,1008.32
32.782824993,-5.834417,-1.299581,0.04929184,0.009347929,-0.9904168,-0.261288,-19.72665,40.03703,-8.783497,1008.32
32.815098286,-0.9384979,-1.06477,-0.3772931,0.04081171,-1.002894,-0.2570758,-19.6924,40.05313,-7.538563,1008.322
32.849858284,6.064526,-0.2429307,-0.6210559,0.01901867,-1.001629,-0.2937629,-20.43126,40.7845,-7.97249,1008.322
32.882135391,6.374394,0.5789082,-0.8648187,0.02236729,-0.9719608,-0.2525092,-20.43126,40.7845,-7.97249,1008.322
32.914412498,7.737814,1.342044,-0.6819966,0.03159141,-0.9859537,-0.2482577,-20.05518,40.05711,-7.533048,1008.322
32.949172974,2.841895,1.04853,-0.1335303,0.02725161,-0.9829839,-0.2250264,-20.44325,40.77887,-8.408217,1008.322
32.981450081,0.8587383,0.5202054,-0.803878,0.02724393,-0.9756857,-0.2133823,-20.4306,40.41998,-7.967875,1008.324
33.016205788,1.168607,0.6963138,-0.6210559,0.01762094,-1.002392,-0.2318841,-20.4306,40.41998,-7.967875,1008.326
33.048483849,2.346106,0.637611,-0.7429373,0.03213201,-1.012104,-0.2542088,-20.44193,40.04984,-8.398985,1008.326
33.083243847,0.3009753,0.7550166,-1.778929,0.01230125,-1.00583,-0.2425278,-20.08942,40.04102,-8.777981,1008.326
33.115520954,5.568736,0.2266915,-2.388336,0.036459,-0.9985121,-0.2454389,-20.08942,40.04102,-8.777981,1008.326
33.147798061,7.923736,0.1679888,-3.058684,0.0586885,-0.9955727,-0.2536886,-19.71637,40.04186,-8.410017,1008.327
33.182558536,16.04228,2.692208,-3.668091,0.04367383,-0.9800808,-0.239065,-20.08942,40.04102,-8.777981,1008.326
33.214831829,15.17465,3.514047,-2.571158,0.04021115,-0.9383875,-0.2136816,-20.08942,40.04102,-8.777981,1008.326
33.249591350,8.915314,0.2853943,-0.2554117,0.03779233,-0.9281369,-0.1855787,-20.85027,39.66758,-10.06952,1008.326
33.281868934,5.940578,0.7550166,-0.3163524,0.01374078,-0.9877915,-0.2042367,-20.48816,40.0281,-10.07965,1008.326
33.316629410,9.597024,-0.3016334,-0.3163524,0.01663762,-0.9887789,-0.212467,-20.48816,40.0281,-10.07965,1008.326
33.348906517,4.205316,1.635558,-0.1335303,0.001196781,-1.004814,-0.2188096,-19.76194,39.65561,-10.08606,1008.326
33.381183624,8.977287,1.635558,-1.535167,0.008506504,-1.023128,-0.202976,-20.4875,39.66359,-10.07503,1008.326
33.415939331,15.17465,0.8137193,-2.266455,0.01382278,-1.022636,-0.2049185,-20.4875,39.66359,-10.07503,1008.324
33.448216438,9.782945,0.109286,-2.388336,0.05674227,-0.9516481,-0.1422437,-20.86159,39.29742,-10.50063,1008.324
33.482976913,-3.417444,1.45945,-2.266455,0.05038129,-0.9353615,-0.1861303,-20.50975,39.65312,-10.88424,1008.324
33.515254021,-1.186393,-2.825853,0.2930546,0.05443501,-1.004951,-0.161396,-20.50975,39.65312,-10.88424,1008.324
33.550014019,6.622289,1.400747,0.5368175,0.08620239,-0.9399855,-0.1528766,-20.50909,39.2886,-10.87962,1008.326
33.582292080,-7.879548,2.163883,-1.230463,0.06463843,-1.028664,-0.1702547,-21.23597,40.02562,-10.87782,1008.326
33.614564896,2.40808,1.165936,0.04929184,0.04723166,-1.027733,-0.1663443,-21.23597,40.02562,-10.87782,1008.324
33.649324894,0.9826856,2.163883,-0.9867001,0.06368114,-1.029603,-0.1610726,-20.14697,39.64913,-10.88975,1008.324
33.681602001,1.354528,2.046478,-1.047641,0.05061494,-1.027241,-0.1668323,-20.87253,39.65711,-10.87872,1008.324
33.716362476,12.07597,0.2853943,-2.510218,0.03460164,-1.015303,-0.2005706,-20.87253,39.65711,-10.87872,1008.322
33.748639584,13.99715,2.163883,-5.130668,0.04048621,-1.035959,-0.1605753,-20.14631,39.28461,-10.88514,1008.32
33.780916691,13.06755,1.342044,-5.25255,0.005648702,-1.027843,-0.1638382,-20.88385,39.28696,-11.30983,1008.32
33.815672874,13.1915,-3.001961,-7.080771,0.04389792,-1.054408,-0.180992,-20.88385,39.28696,-11.30983,1008.32
33.847949982,17.52965,0.9898276,-13.60143,0.03482936,-1.088637,-0.1352404,-20.53306,39.27734,-11.75107,1008.325
33.882710457,27.19754,-2.76715,-19.81738,0.04876312,-1.044008,-0.1151957,-20.9065,38.54666,-12.17205,1008.323
33.914987564,25.83412,-5.702289,-22.9863,0.05930312,-0.9974718,-0.1004506,-20.9065,38.54666,-12.17205,1008.319
33.949783325,21.49597,-6.406723,-21.82842,0.1424149,-0.9784166,-0.1169583,-21.2806,38.1805,-12.59765,1008.323
33.982060432,14.30702,-1.299581,-19.81738,0.1451688,-0.9130484,-0.1078907,-22.39053,37.81749,-13.38569,1008.321
34.014333725,6.498341,1.400747,-16.34376,0.1180526,-0.8864049,-0.07674068,-23.50084,36.72463,-14.22675,1008.321
34.049093723,1.540449,0.4615027,-10.73721,0.1351465,-0.9711702,-0.1144843,-23.50084,36.72463,-14.22675,1008.315
34.081371307,11.82808,2.339991,-9.091814,0.1182144,-0.9732066,-0.1299294,-23.50019,36.36011,-14.22214,1008.314
34.116131306,21.31005,2.398694,-9.152755,0.1201621,-0.967281,-0.09654263,-23.48886,36.73027,-13.79103,1008.312
34.148408413,14.30702,3.396641,-8.908992,0.1280743,-1.032014,-0.06985518,-23.48886,36.73027,-13.79103,1008.31
34.183168888,17.03386,3.044425,-9.944984,0.1425852,-1.020225,-0.03066089,-23.88627,35.98832,-15.08346,1008.31
34.215442180,9.163208,3.514047,-11.04192,0.1242879,-1.043902,-0.004650386,-23.5331,35.61498,-15.45784,1008.31
34.247719288,18.52123,-3.17807,-12.13885,0.1069127,-1.0575,-0.004206819,-23.5331,35.61498,-15.45784,1008.31
34.282479286,29.1807,-8.285211,-18.59856,0.1378524,-1.040338,0.03594949,-24.6321,34.89228,-15.86779,1008.31
34.314756393,25.21439,-10.92684,-23.10818,0.1474123,-1.003632,0.006647838,-25.00752,35.25516,-16.30262,1008.309
34.349516868,22.92136,-15.68176,-23.96135,0.1808275,-1.012611,0.04181579,-25.00752,35.25516,-16.30262,1008.309
34.381793976,12.13794,-15.15344,-25.2411,0.2197663,-0.9191323,0.03307804,-25.02951,34.15034,-17.16022,1008.309
34.416549682,-2.363892,-22.49128,-26.03333,0.1833493,-0.8367879,0.08680299,-25.7412,33.13116,-16.70039,1008.309
34.448826790,-21.6377,-29.59432,-27.31309,0.1756224,-0.8333488,0.1085939,-25.7412,33.13116,-16.70039,1008.309
34.481104851,-20.4602,-32.23595,-31.27423,0.2768251,-0.9839606,-0.153054,-26.45345,32.41574,-16.2444,1008.31
34.515864849,-15.31639,-30.00524,-34.80879,0.2390277,-0.8842259,0.0356522,-27.52979,32.43334,-15.79212,1008.31
34.548141956,-41.09743,-37.10828,-34.74785,0.2163248,-0.8837038,0.06616073,-27.52979,32.43334,-15.79212,1008.31
34.582901478,-35.45782,-47.96829,-38.28241,0.2389405,-1.070723,-0.01955315,-29.64626,31.39109,-13.62879,1008.31
34.615175724,-0.2567877,-52.4297,-40.6591,0.3123003,-1.019779,-0.04262665,-30.61392,30.33621,-11.48293,1008.31
34.649935245,-0.6286296,-53.66246,-41.87791,0.3360491,-1.014108,0.04002242,-30.61392,30.33621,-11.48293,1008.31
34.682212353,-1.558234,-51.19694,-40.35439,0.3998994,-1.039244,-0.005701347,-32.03145,30.73278,-10.22055,1008.31
34.714489460,12.75768,-43.15466,-36.81984,0.3895817,-0.988639,-0.05808619,-33.79408,28.95267,-8.426989,1008.31
34.749249935,9.349129,-46.32461,-32.67587,0.2795688,-0.8805185,-0.04708211,-33.79408,28.95267,-8.426989,1008.31
34.781527519,6.250447,-57.30203,-33.46809,0.2618313,-0.959586,-0.08761887,-35.2336,28.24443,-8.022215,1008.31
34.816283226,8.357551,-65.93134,-29.50695,0.3030318,-1.002061,-0.08988293,-36.63346,26.46035,-6.234166,1008.31
34.848560333,34.51044,-62.64398,-23.83947,0.3840242,-0.9490828,-0.2333376,-36.63346,26.46035,-6.234166,1008.312
34.883320808,42.07122,-60.00236,-28.95848,0.3599977,-0.9695399,-0.1091583,-37.67556,26.49405,-4.536959,1008.312
34.915597916,33.64281,-68.27944,-26.39898,0.3710419,-0.9361104,-0.1070583,-38.00249,24.69075,-3.325677,1008.312
34.947875023,18.76912,-69.04258,-23.5957,0.4379199,-0.9856365,-0.06977583,-38.00249,24.69075,-3.325677,1008.314
34.982635021,56.88293,-77.78929,-10.18875,0.4716927,-0.8055801,-0.2302934,-39.41632,23.99458,-1.987203,1008.312
35.014908791,136.0233,-80.66573,10.95768,0.4027785,-0.5136608,-0.2811798,-39.36877,23.28728,-0.2973104,1008.312
35.049668789,32.58926,-76.49783,-17.68445,0.5119499,-0.6637778,-0.2605139,-40.06969,22.94201,0.5897899,1008.312
35.081945896,2.655974,-75.55859,-22.68159,0.3984073,-0.7096623,-0.281318,-40.06969,22.94201,0.5897899,1008.312
35.114223003,-33.41269,-53.31024,-16.22188,0.4968678,-0.9089791,-0.4900587,-39.67268,22.95412,1.829208,1008.314
35.148983479,41.07965,-49.72937,-2.69304,0.4326371,-0.9151804,-0.4092212,-40.33869,22.26043,3.965858,1008.314
35.181260586,49.50806,-37.6366,6.448066,0.4976026,-0.8327285,-0.5524737,-40.33869,22.26043,3.965858,1008.314
35.216016769,64.07187,-15.21214,9.373219,0.5305212,-0.8051136,-0.4281439,-40.28047,22.2878,6.082246,1008.312
35.248293876,52.91662,3.044425,16.13764,0.5678903,-0.8049325,-0.2633708,-39.93034,22.64269,5.636388,1008.312
35.283054352,60.97319,23.29688,21.98795,0.4586403,-0.8271052,-0.2879168,-39.93034,22.64269,5.636388,1008.31
35.315331459,90.96844,15.84163,23.63334,0.4247897,-0.7392513,-0.0383734,-39.96591,23.35562,4.382221,1008.315
35.347608566,76.59055,17.48531,31.37281,0.4558001,-0.7237515,0.08250757,-39.67466,24.04766,1.815361,1008.315
35.382368564,53.9082,30.34122,38.86852,0.4642626,-0.8033551,0.1473009,-39.67466,24.04766,1.815361,1008.315
35.414641380,49.50806,38.5009,43.6219,0.3328653,-0.8696634,0.1123995,-39.7342,24.74933,-0.3102584,1008.315
35.449401855,27.87925,32.27841,38.19817,0.2634166,-0.9384999,0.1358463,-38.7054,25.43902,-2.452424,1008.317
35.481679439,16.04228,34.2156,26.74132,0.2896523,-1.207609,0.09945201,-38.7054,25.43902,-2.452424,1008.317
35.516438961,82.10621,28.40402,13.70001,0.2042729,-1.10002,0.07559241,-37.66556,27.59323,-4.11508,1008.317
35.548717022,92.39384,31.57397,11.20144,0.3112199,-0.9215403,0.101999,-37.37363,27.92075,-6.677325,1008.315
35.580994129,80.55687,47.13021,14.18754,0.2236221,-0.8346333,0.2602829,-37.37363,27.92075,-6.677325,1008.315
35.615749836,99.58278,47.01281,8.946634,0.231498,-1.036297,0.4355745,-36.73027,27.87414,-9.676197,1008.315
35.648026943,287.5489,45.48653,-8.72617,0.01993264,-1.151727,0.9676402,-36.82141,27.10164,-13.02829,1008.315
35.682787418,61.77885,-39.10417,-17.01411,0.2093609,-0.4755119,1.002017,-36.82141,27.10164,-13.02829,1008.315
35.715064526,-25.78994,1.518153,-16.1,0.3167348,-0.5386685,0.2665995,-35.88216,25.19545,-18.56171,1008.315
35.749824524,97.04186,7.271025,-9.57934,0.4106673,-1.105088,0.5479218,-35.86554,22.64948,-18.09367,1008.315
35.782101631,68.22411,10.73449,2.730683,0.2645959,-0.5946195,0.7938254,-35.86554,22.64948,-18.09367,1008.315
35.814374924,7.303999,3.631453,3.035387,0.2848891,-0.6200369,0.7017838,-36.27388,22.26722,-19.7642,1008.315
35.849135399,-12.27968,6.33178,2.913505,0.2482664,-0.6816779,0.6787906,-36.65798,20.80188,-20.61168,1008.315
35.881412506,-25.23217,-5.760992,6.082421,0.3224515,-0.762235,0.6921924,-36.65798,20.80188,-20.61168,1008.318
35.916172504,-21.38981,0.109286,2.852564,0.2257559,-0.8352671,0.5000604,-37.0201,20.44135,-20.60154,1008.32
35.948449612,-32.48309,1.576855,9.43416,0.3653033,-0.7149834,0.6048663,-36.2952,20.79789,-20.61719,1008.32
35.983210087,-9.42889,13.43482,13.0906,0.2392472,-0.795845,0.554884,-36.28455,21.53255,-20.1907,1008.315
36.015483379,-7.879548,7.975459,12.54214,0.253216,-0.7711066,0.5603124,-36.28455,21.53255,-20.1907,1008.315
36.047760487,-22.87717,7.329728,13.33437,0.2319389,-0.7653079,0.5758613,-36.27388,22.26722,-19.7642,1008.315
36.082520962,-15.37836,9.090812,10.77486,0.2412159,-0.8176867,0.5339677,-34.8241,22.9803,-19.79549,1008.315
36.114798069,-5.772444,11.67373,3.888556,0.2213623,-0.8559763,0.3902115,-34.8241,22.9803,-19.79549,1008.315
36.149558067,14.55492,8.621189,7.544999,0.1976479,-0.7696353,0.6131353,-34.82476,23.34481,-19.80011,1008.315
36.181835174,-12.15573,2.574802,8.276287,0.1660091,-0.7007084,0.5589669,-35.21217,23.70205,-20.67066,1008.315
36.216591835,-30.62388,-2.062717,11.81085,0.2411995,-0.8055378,0.5490234,-35.21217,23.70205,-20.67066,1008.317
36.248868942,28.80886,-16.15138,8.946634,0.1613635,-0.8284557,0.4224042,-34.47463,23.69971,-20.24597,1008.317
36.281146049,42.07122,-21.96296,7.423117,0.2565637,-0.7942183,0.4489828,-34.10251,25.15941,-19.83422,1008.317
36.315905571,66.73674,-19.14523,5.229252,0.2370165,-0.8727753,0.5607361,-34.10251,25.15941,-19.83422,1008.319
36.348183155,68.96779,-12.86403,0.7196397,0.2775499,-0.8246307,0.5962135,-34.46529,25.1634,-19.8287,1008.319
36.382943630,77.76805,4.335886,2.913505,0.2494151,-0.7727929,0.6371778,-34.49728,22.9594,-21.10819,1008.32
36.415216446,66.73674,5.451239,3.644794,0.2304569,-0.6975169,0.7324007,-34.49728,22.9594,-21.10819,1008.322
36.449976444,29.92439,13.55222,6.082421,0.2454787,-0.7076038,0.7419796,-34.1561,22.58043,-21.9183,1008.327
36.482253551,10.89847,23.82521,5.351133,0.2379976,-0.6093689,0.7478721,-34.20007,20.3708,-23.63351,1008.327
36.514531612,-8.003496,33.10025,5.168311,0.2705034,-0.6611156,0.7301041,-34.20007,20.3708,-23.63351,1008.327
36.549291134,-2.239945,33.51117,12.54214,0.2593867,-0.6640592,0.7276941,-34.22178,20.05658,-24.43887,1008.328
36.581568718,-18.72494,36.15279,9.43416,0.2537276,-0.7196785,0.7418932,-33.53218,20.03169,-25.75708,1008.328
36.616324425,-32.73098,38.14869,1.024343,0.2591341,-0.7510645,0.7576566,-33.53218,20.03169,-25.75708,1008.328
36.648602009,-26.47165,39.61626,-1.535167,0.1995631,-0.7183979,0.7371829,-32.08228,20.68402,-25.78761,1008.328
36.680879116,-29.19849,22.70985,-34.86973,0.1510198,-0.3128393,0.5017416,-31.35871,21.76959,-25.81248,1008.328
36.715639114,-6.887969,34.03949,-17.19693,0.2289363,-0.9171761,0.6030437,-31.35871,21.76959,-25.81248,1008.328
36.747916222,23.41715,33.39376,-16.52658,0.2003595,-0.8822707,0.6458464,-30.28132,22.11731,-26.20713,1008.327
36.782676697,55.39557,38.91182,-7.080771,0.1929578,-0.6058784,0.6735395,-30.66674,21.381,-27.06383,1008.327
36.814949989,74.97923,36.79852,7.72782,0.1015794,-0.3779294,0.7572172,-30.66674,21.381,-27.06383,1008.327
36.849709988,-0.6286296,30.75214,16.32046,0.1201902,-0.4330963,0.8844912,-30.04534,19.95464,-28.73691,1008.325
36.881987095,-78.52953,45.42783,23.75522,0.2017308,-0.5689168,0.8632388,-28.99032,18.46771,-30.04218,1008.327
36.914264202,-172.1717,79.24064,34.23703,0.1725826,-0.5446388,0.769169,-28.99032,18.46771,-30.04218,1008.322
36.949024677,-161.8221,74.2509,12.72496,-0.03333242,-1.272449,-0.0544375,-27.16512,18.81792,-29.63864,1008.32
36.981301785,48.70241,66.67825,10.28733,-0.09121823,-1.220238,0.2650537,-24.94873,22.40013,-28.03646,1008.32
37.016057491,60.35345,71.43317,14.24848,-0.2190533,-0.7967379,0.6791435,-22.77869,26.02135,-28.11571,1008.319
37.048335075,55.39557,63.09737,32.28693,-0.3074367,-0.5410271,0.9558645,-22.77869,26.02135,-28.11571,1008.323
37.083095551,21.61992,46.54318,50.93478,-0.1923836,-0.5813851,0.8016536,-20.69117,24.13138,-31.48705,1008.323
37.115372658,-0.2567877,56.64006,53.49429,-0.1444919,-0.9383326,0.3876311,-18.52319,22.27923,-31.93279,1008.319
37.147649765,34.69636,68.55673,49.28938,-0.1773264,-1.007625,0.2456603,-18.52319,22.27923,-31.93279,1008.321
37.182410240,29.86241,86.22626,34.7855,-0.1480656,-0.891724,0.2926663,-16.07846,22.23588,-33.21541,1008.321
37.214683533,40.9557,90.04195,29.11801,-0.1224813,-0.8424758,0.3808771,-12.474,21.82021,-34.13741,1008.32
37.249443054,58.30833,92.50747,33.38386,-0.1925466,-0.6475419,0.4145268,-12.474,21.82021,-34.13741,1008.32
37.281720161,64.81556,88.9853,39.72169,-0.3443995,-0.5899053,0.5577963,-8.877828,20.30616,-35.41903,1008.32
37.316480636,75.90884,83.11502,51.54419,-0.4030277,-0.3252656,0.5879503,-5.271494,18.8577,-36.32795,1008.321
37.348758221,16.16623,95.85352,54.22558,-0.6125534,-0.4569152,0.6156927,-5.271494,18.8577,-36.32795,1008.321
37.381035328,40.08807,73.60517,59.10084,-0.5219852,-0.3881776,0.4022084,-1.722205,15.52656,-37.21209,1008.323
37.415791035,22.48755,108.4746,56.60227,-0.5573094,-0.4890023,0.668086,1.906887,14.75765,-37.25801,1008.325
37.448068142,76.52858,89.57233,61.96505,-0.9022478,-0.4897163,0.4633639,1.906887,14.75765,-37.25801,1008.323
37.482828617,22.98334,78.4188,57.63826,-1.071811,-0.1255696,0.5339648,5.213126,11.82253,-35.96355,1008.323
37.515105724,-11.35007,73.83998,65.68243,-0.954855,-0.1074099,0.5101274,8.504346,9.610004,-35.17628,1008.323
37.549865723,-54.66966,70.55263,71.16709,-0.9265233,-0.2571438,0.426547,8.504346,9.610004,-35.17628,1008.323
37.582142830,-39.0523,57.5206,69.58263,-0.8829027,-0.3426052,0.3036571,10.64716,8.139942,-34.31854,1008.323
37.614416599,-52.74847,55.17249,62.26975,-0.8275773,-0.4329947,0.2875538,13.93612,8.115314,-33.49673,1008.321
37.649176598,-18.60099,58.10763,51.72701,-0.8415326,-0.4855317,0.2186369,13.93612,8.115314,-33.49673,1008.319
37.681453705,12.9436,56.64006,46.48611,-1.064518,-0.4962341,0.1049651,14.33447,7.398394,-32.24808,1008.319
37.716214180,11.64215,54.64417,38.44194,-1.123516,-0.2540931,0.2079912,16.52312,7.380097,-31.84544,1008.323
37.748491287,-6.516128,35.38966,33.26198,-1.109602,-0.2246939,0.1607513,16.52312,7.380097,-31.84544,1008.319
37.783251286,-32.04927,34.333,32.22599,-0.9372429,-0.3239713,0.1361269,18.736,6.278718,-30.61975,1008.319
37.815524578,0.9826856,34.45041,34.7855,-1.05804,-0.1260841,0.227432,19.83819,5.239592,-30.18749,1008.319
37.882562160,-59.56558,24.82315,33.87138,-0.7527006,-0.2337526,0.184586,20.9505,5.238896,-29.33259,1008.323
37.914839268,-22.44336,61.21888,29.66647,-1.121857,-0.1965862,0.04007789,22.06174,4.872879,-28.53531,1008.32
37.949599266,-67.49821,34.92003,27.04602,-1.603989,-0.0320191,-0.1136146,23.53616,5.23271,-27.69054,1008.325
37.981876373,-48.34835,21.35969,28.26484,-1.155747,-0.2320434,-0.1128173,23.53616,5.23271,-27.69054,1008.325
38.014150143,-12.15573,10.73449,29.23989,-0.702097,-0.144391,0.2362296,23.92225,5.604506,-26.82921,1008.325
38.048910141,-15.87415,16.13514,16.6861,-0.584316,-0.0207771,0.3425516,24.62158,5.613293,-25.59439,1008.325
38.081187248,-53.61611,29.34327,6.265244,-0.76592,-0.3033703,-0.213168,24.62158,5.613293,-25.59439,1008.325
38.115946770,26.14399,29.69549,6.509007,-1.108685,-0.2786555,-0.05565456,24.98568,4.880273,-25.59068,1008.325
38.148224831,48.33057,-10.39851,5.96054,-1.341668,0.0796249,-0.09179037,24.99579,5.918701,-25.16803,1008.325
38.182984829,-7.507706,-3.765098,1.146224,-1.199469,-0.1445571,-0.1064244,24.99579,5.918701,-25.16803,1008.327
38.215257644,25.6482,-13.09884,-0.01164887,-1.016941,-0.2706198,-0.1897191,25.69925,4.866661,-26.03743,1008.327
38.247534752,25.09044,-6.171911,0.2321139,-0.7935957,-0.3263513,0.169161,25.7119,4.507779,-25.59709,1008.331
38.282295227,78.94555,-15.79917,7.179354,-0.8734581,-0.003447818,0.4172395,25.7119,4.507779,-25.59709,1008.332
38.314572811,29.73846,-6.230614,5.96054,-1.487544,0.2488835,-0.002044299,25.34978,4.147253,-25.58696,1008.328
38.349332332,-40.29177,-10.63332,0.1711733,-1.079689,-0.2849914,-0.0934613,24.98899,3.057693,-25.5676,1008.328
38.381609440,23.23123,25.23407,-10.43251,-1.068282,-0.4093685,-0.1057956,24.98899,3.057693,-25.5676,1008.328
38.416366100,52.29688,21.71191,-20.97525,-0.998895,-0.171218,0.2821599,25.00098,3.063328,-25.13187,1008.328
38.448643207,-1.930076,22.24023,-33.65092,-1.035962,-0.1711269,0.4833508,25.02456,2.344761,-24.31343,1008.328
38.480920315,-9.738758,11.61503,-21.27996,-1.082397,-0.2196977,0.327024,25.02456,2.344761,-24.31343,1008.328
38.515680313,-1.124419,-7.287264,-5.801016,-1.096371,-0.04512496,0.3024245,26.14951,1.985184,-23.01818,1008.328
38.547958374,21.06215,-26.36567,6.691829,-1.139824,0.1191681,0.2681613,26.16149,1.990818,-22.58245,1008.33
38.582717895,-6.454154,-40.68914,11.32332,-1.080102,0.2097376,0.2400247,26.16149,1.990818,-22.58245,1008.33
38.614991188,-31.0577,-42.97855,10.95768,-0.9904671,0.07781599,0.07712941,25.39932,2.346407,-23.88322,1008.332
38.649751186,-34.90006,-43.9765,6.509007,-0.913532,0.03133623,0.005150392,24.01132,0.9036331,-23.84361,1008.333
38.682028770,-36.51138,-24.25237,-4.338439,-0.9055727,-0.1016148,-0.1068136,24.01132,0.9036331,-23.84361,1008.333
38.714305878,11.27031,-15.27084,2.547861,-0.9933056,-0.2404977,-0.1746122,22.17584,0.5485959,-24.62063,1008.333
38.749065876,39.34438,-18.32339,8.398169,-0.9886443,-0.08629716,0.0568548,21.07354,1.648474,-25.05366,1008.333
38.781342983,66.48885,4.746805,18.39244,-0.9732096,-0.09618702,-0.01865113,21.07354,1.648474,-25.05366,1008.333
38.816099644,102.3716,11.73244,40.20922,-1.02962,0.04990878,0.01469153,20.326,0.5516348,-25.90023,1008.332
38.848376751,97.53765,16.72217,13.63907,-0.9865882,0.09497421,0.1390988,20.36394,-0.5250092,-24.5792,1008.33
38.883136272,39.40636,35.03744,19.9769,-0.947618,-0.2555232,0.06547295,20.36989,-3.805651,-24.53766,1008.33
38.915413856,93.01357,55.05508,5.838659,-0.8167621,-0.1176219,0.235662,20.36989,-3.805651,-24.53766,1008.33
38.947762012,87.93173,54.64417,11.38426,-1.07381,0.1413651,0.05059781,21.11903,-4.532195,-23.73025,1008.332
38.982522011,10.27873,40.73161,-18.11104,-0.7997543,0.07526238,0.3048869,23.33363,-5.63277,-22.44232,1008.33
39.014795780,4.26729,53.99844,-32.7368,-0.8044959,-0.2316889,0.1233126,23.33363,-5.63277,-22.44232,1008.33
39.049555779,26.39189,53.1766,-34.26032,-0.8994476,-0.2537042,-0.1526514,24.09475,-6.35368,-21.19918,1008.33
39.081832886,-6.578101,5.744752,-30.482,-0.8545336,-0.153141,0.06778822,24.40839,-5.986853,-20.77267,1008.33
39.116593361,-22.44336,-16.32749,-21.3409,-0.7947617,-0.05112671,0.1325368,24.40839,-5.986853,-20.77267,1008.33
39.148870468,-108.7727,-6.817642,-17.98916,-0.7011849,-0.2374633,-0.09739089,25.50738,-5.264153,-20.36272,1008.328
39.181147575,-76.48439,-14.09679,-7.263593,-0.8827909,-0.3666222,-0.2152095,25.46878,-3.822993,-21.68836,1008.327
39.215903759,-63.0361,-23.60664,-6.715127,-0.7578593,-0.4056036,-0.1141783,25.46878,-3.822993,-21.68836,1008.325
39.248180866,-28.57875,-30.00524,-4.338439,-0.8529086,-0.2638313,-0.03871774,25.79334,-1.655986,-22.96651,1008.325
39.282941341,-172.1098,11.84984,-5.861957,-0.4532963,-0.387923,-0.1524424,25.38169,-0.2156677,-24.66011,1008.325
39.315218448,-178.617,75.71847,-61.318,-1.085474,-1.207751,0.7927654,25.38169,-0.2156677,-24.66011,1008.323
39.349977970,317.5442,-81.48757,12.35931,-2.665483,-0.5539458,-1.149337,26.10262,2.327966,-24.70346,1008.323
39.382255554,39.7782,-118.5877,62.87916,-0.3761355,1.072329,0.8588296,27.20273,8.097963,-23.98388,1008.321
39.414528370,-29.8802,-21.61074,18.69715,-1.338435,0.6813959,-0.3049563,27.20273,8.097963,-23.98388,1008.323
39.449288845,-121.8491,-45.56148,32.04316,-1.223136,-0.1797003,-0.1752215,24.57999,3.039948,-27.24274,1008.323
39.481566429,-34.03243,-24.13496,36.12619,-1.112954,-0.2397185,0.1568056,24.17993,3.756064,-28.55364,1008.323
39.516325951,-40.16782,-16.85582,26.01003,-0.9658259,-0.1034439,0.1185883,24.17993,3.756064,-28.55364,1008.323
39.548604011,-75.86465,-5.526181,2.121276,-0.8236938,-0.05234203,0.2268628,23.15074,4.496397,-28.54724,1008.325
39.580881119,-72.08426,15.60682,-17.80634,-0.8129736,-0.3495231,0.05933045,22.79862,5.235051,-28.11523,1008.327
39.615636825,-10.73034,16.54606,-23.77852,-0.9280493,-0.343466,0.08765236,22.79862,5.235051,-28.11523,1008.327
39.647913933,63.14227,-6.817642,-10.79815,-1.034456,-0.07076167,0.253318,22.82006,6.643631,-27.26147,1008.327
39.682674408,38.41478,-7.932994,-9.944984,-1.000621,0.1584214,0.3096602,23.54429,7.364686,-27.28173,1008.327
39.714951515,8.357551,-16.91452,-1.961751,-1.036319,0.09318604,0.2247644,23.54429,7.364686,-27.28173,1008.328
39.749711513,-16.30797,-13.21624,-8.72617,-1.060182,-0.09469907,0.06566311,22.79675,6.267846,-28.12831,1008.328
39.781988621,-6.020339,-15.15344,-9.884044,-1.02709,-0.2090563,-0.007090809,22.77146,6.985609,-29.009,1008.328
39.814261913,-1.062445,-6.935048,-12.93108,-1.006111,-0.2820127,0.009369506,22.77146,6.985609,-29.009,1008.328
39.849022388,11.14637,1.400747,-17.86728,-0.959999,-0.3495691,0.02725667,22.02364,6.983122,-29.80717,1008.33
39.881299496,21.99176,9.619136,-19.81738,-0.9488718,-0.3436499,0.05095484,22.00967,8.071034,-30.25675,1008.332
39.916059494,38.78662,13.55222,-18.3548,-0.9291045,-0.3106042,0.07527207,21.27213,8.073377,-30.68144,1008.332
39.948336601,54.40398,18.60066,-15.85623,-1.007853,-0.3300868,0.1048208,21.27213,8.073377,-30.68144,1008.332
39.983097076,70.08332,15.37201,-16.1,-1.01941,-0.1305909,0.1499729,22.00967,8.071034,-30.25675,1008.332
40.015370369,32.77518,26.46683,-16.77034,-0.9962226,-0.1369729,0.1034765,22.00033,6.607337,-30.67401,1008.332
40.047647476,20.25649,26.23202,-12.62638,-1.052933,-0.07319054,0.123299,22.00033,6.607337,-30.67401,1008.332
40.082407951,0.3009753,25.58629,-5.740075,-1.116127,-0.1416531,0.1090262,22.38962,5.217307,-29.79038,1008.333
40.114685059,14.05913,28.11051,1.572809,-1.279651,-0.1439407,0.0005919012,23.49059,4.846461,-29.36658,1008.333
40.149445057,22.85939,42.84491,4.010437,-1.438726,-0.3529635,0.00168001,23.49059,4.846461,-29.36658,1008.339
40.181722164,87.18805,36.91593,11.1405,-1.733778,-0.613122,-0.2636043,23.87497,5.217452,-28.5675,1008.339
40.216478824,198.2448,28.40402,22.41453,-1.380859,-0.2571869,0.08380101,25.29091,4.484401,-27.70796,1008.333
40.248755932,183.4331,51.23941,19.12373,-1.502198,-0.03706162,0.168949,25.29091,4.484401,-27.70796,1008.339
40.281033039,176.3062,10.44098,35.02926,-1.193232,0.1542764,0.1060406,24.99362,0.5060835,-25.53529,1008.335
40.315792560,157.9,33.21765,34.41985,-1.072452,0.170305,0.02126967,26.17274,-4.20595,-22.50398,1008.337
40.348070145,146.6828,61.10147,31.18999,-0.936745,0.2002908,-0.09874512,26.17274,-4.20595,-22.50398,1008.337
40.382830620,174.8808,83.05632,47.5221,-0.9213897,0.4612361,-0.07892382,24.83324,-8.089815,-18.63487,1008.337
40.415103435,101.442,112.5838,39.84357,-0.9895433,0.6292056,-0.1498542,24.64841,-9.826302,-12.25711,1008.337
40.449863434,34.07662,175.8654,29.54459,-0.8873747,0.07553378,-0.398326,24.64841,-9.826302,-12.25711,1008.335
40.482140541,-0.5666559,150.858,34.7855,-1.067317,0.1436597,-0.277658,27.02501,-10.48589,-5.060358,1008.336
40.514418602,19.20294,198.7008,50.93478,-1.060145,0.2171353,-0.1646145,29.80824,-10.76403,3.744679,1008.336
40.549178123,7.799788,179.8572,49.71597,-1.240487,0.1658799,-0.2858604,29.80824,-10.76403,3.744679,1008.334
40.581455707,-21.38981,181.2661,32.40881,-0.9973759,-0.01464961,-0.3565426,33.5717,-14.75321,8.4088,1008.334
40.616211891,46.28543,166.0033,67.63253,-1.059096,-0.1260131,-0.465333,33.66209,-20.18312,11.40363,1008.331
40.648488998,145.1334,144.4007,73.23907,-0.8814,0.2565354,-0.2561456,33.66209,-20.18312,11.40363,1008.329
40.683248997,79.44134,136.0649,58.97895,-0.8158173,0.3629986,-0.1686627,33.7172,-24.1095,13.19654,1008.329
40.715526104,30.97794,104.6589,53.85994,-0.6738918,0.2603384,-0.1661682,30.91141,-26.22122,16.62969,1008.327
40.747803211,1.044659,99.90401,58.30861,-0.580275,0.05706431,-0.3961922,30.91141,-26.22122,16.62969,1008.324
40.782563686,51.92504,66.79565,71.7765,-0.547196,0.1571314,-0.4551575,28.7574,-25.45699,17.525,1008.322
40.814840794,2.594001,47.48243,74.09225,-0.4756376,0.1602412,-0.4548106,25.47042,-26.52591,16.71704,1008.32
40.849596977,8.17163,28.16921,78.84562,-0.4438505,-0.03219312,-0.5753826,21.88152,-26.86167,15.96668,1008.317
40.881874084,19.38886,11.61503,82.74583,-0.3920956,-0.07254051,-0.6728948,21.88152,-26.86167,15.96668,1008.317
40.914151669,34.94426,3.337939,83.84276,-0.3708084,-0.1032194,-0.7475647,18.94203,-26.11763,14.69439,1008.315
40.948911667,37.6711,-2.708447,79.63785,-0.3798481,-0.1700705,-0.7604947,16.7398,-24.28159,13.8952,1008.314
40.981188774,52.85464,-4.528234,75.18918,-0.3490772,-0.1159802,-0.8187495,16.7398,-24.28159,13.8952,1008.312
41.015948772,33.51886,-3.765098,59.16178,-0.3446657,-0.1548147,-0.8581384,15.30632,-21.70356,14.69415,1008.312
41.048222542,27.19754,1.576855,43.01249,-0.3502367,-0.2569811,-0.8707933,13.87599,-19.91451,15.56536,1008.312
41.082982540,35.00623,12.96519,30.154,-0.3795108,-0.358277,-0.892094,13.87599,-19.91451,15.56536,1008.304
41.115259647,53.6603,7.681945,21.25666,-0.4650662,-0.3280906,-0.7655604,13.52122,-17.71779,15.97891,1008.304
41.147536755,61.03517,2.633505,14.06565,-0.4858404,-0.3183011,-0.7151824,12.82661,-15.87114,17.21179,1008.303
41.182297230,57.87451,-9.517969,11.32332,-0.5047553,-0.2687453,-0.6413772,12.82661,-15.87114,17.21179,1008.301
41.214574337,46.71925,-24.54588,12.17649,-0.5256445,-0.188086,-0.526782,13.56216,-14.77993,17.62264,1008.301
41.249330044,5.754657,-19.67355,5.594896,-0.4592284,-0.3973193,-0.921634,13.18343,-12.59448,17.16473,1008.301
41.281607151,20.07057,39.02923,-12.68732,-0.4771708,-0.7455149,-1.982306,13.18343,-12.59448,17.16473,1008.299
41.316368103,122.8849,3.279236,21.927,-0.8053149,0.04776391,-1.237427,14.26713,-10.05484,17.11588,1008.299
41.348645210,6.126499,-6.230614,17.23457,-0.7009746,0.02714853,-0.8398989,14.27647,-8.591142,17.53314,1008.297
41.380922317,-66.75452,-3.999909,14.55318,-0.6303187,-0.3940362,-0.8076384,14.27647,-8.591142,17.53314,1008.297
41.415681839,-95.69623,-9.987592,39.23417,-0.491889,-0.2934377,-0.9417608,13.91303,-8.222637,17.53404,1008.302
41.447955131,-110.9417,-15.27084,63.61045,-0.472196,-0.03009467,-0.9320874,13.52695,-8.594434,16.67272,1008.302
41.482715607,-89.74676,-30.94448,68.05911,-0.4823294,-0.01586537,-0.8657535,13.52695,-8.594434,16.67272,1008.297
41.514992714,-74.25334,-23.07831,65.07302,-0.4190191,-0.003608987,-0.8725885,13.48601,-11.53229,15.02899,1008.297
41.549752712,-89.31294,-28.77248,72.44685,-0.4269359,0.1138809,-0.7534608,13.08163,-14.10165,13.38615,1008.297
41.582030773,-102.0175,-27.77453,70.61862,-0.3863042,0.3251125,-0.7165729,13.08163,-14.10165,13.38615,1008.297
41.614307880,-111.4375,-28.42027,66.47466,-0.4258183,0.4794491,-0.6933721,12.32409,-16.29767,12.1177,1008.297
41.649063587,-82.06202,-28.65508,56.60227,-0.3997209,0.669022,-0.7522968,10.48152,-18.14444,8.806112,1008.299
41.681340694,-105.2402,-7.40467,49.89879,-0.5027567,0.6666051,-0.8072004,10.48152,-18.14444,8.806112,1008.302
41.716101170,-53.864,-30.35746,54.7131,-0.4988968,0.7247327,-0.6507276,9.326297,-19.98805,6.293624,1008.299
41.748378277,-82.49583,-11.10294,36.12619,-0.4302155,0.4856016,-0.7305524,8.181626,-21.03625,4.206861,1008.299
41.783138275,-53.92598,-23.37183,39.2951,-0.4571191,0.4290749,-0.6805381,8.181626,-21.03625,4.206861,1008.299
41.815415382,-15.06849,-31.12059,36.67466,-0.306662,0.6091075,-0.6609847,7.774606,-22.14754,2.545565,1008.303
41.847688675,-32.60704,-10.86813,29.17895,-0.3032158,0.568812,-0.7023134,7.375211,-21.79594,1.239284,1008.303
41.882449150,-5.524549,-7.580778,26.92414,-0.3448868,0.6567853,-0.5537912,5.541052,-22.88001,0.4715018,1008.301
41.914726257,-7.631653,-5.702289,24.42557,-0.4243763,0.7701288,-0.4553208,5.541052,-22.88001,0.4715018,1008.301
41.949486256,-19.65454,7.564539,17.11269,-0.5192348,0.7538742,-0.6021742,5.529729,-23.25016,0.04039073,1008.301
41.981763840,-14.13889,1.342044,15.10165,-0.5236136,0.7635239,-0.6069442,5.517081,-22.89128,-0.3999517,1008.303
42.016523838,-14.38678,-1.534392,12.72496,-0.4520341,0.7647668,-0.5863035,5.517081,-22.89128,-0.3999517,1008.303
42.048797131,-15.81218,-1.299581,9.068516,-0.3953026,0.6927659,-0.6037556,4.041342,-22.52208,-1.253959,1008.303
42.081074238,-11.65994,0.4027999,8.032524,-0.3870016,0.6510978,-0.6257651,4.031069,-22.52691,-1.627439,1008.303
42.115834713,-0.1328403,-3.471584,7.849702,-0.3838565,0.7649519,-0.5893502,4.031069,-22.52691,-1.627439,1008.301
42.148111820,-2.239945,0.7550166,0.1102325,-0.3363583,0.7518634,-0.4933226,4.030407,-22.16239,-1.632055,1008.301
42.182871818,5.940578,4.981616,-7.933941,-0.3821959,0.7101173,-0.4924943,4.38186,-22.53653,-2.068682,1008.301
42.215148926,-1.558234,8.914703,-14.82024,-0.3585044,0.6930724,-0.5443702,4.38186,-22.53653,-2.068682,1008.299
42.249905109,-5.276654,15.95904,-14.14989,-0.4059003,0.7007207,-0.5321386,4.38186,-22.53653,-2.068682,1008.301
42.282182693,-29.75625,9.149514,-9.762162,-0.3879097,0.7807899,-0.7676402,4.379876,-21.44299,-2.082529,1008.301
42.314459801,-13.70507,4.453291,-13.1139,-0.4365788,0.7329724,-0.6996423,4.379876,-21.44299,-2.082529,1008.301
42.349219322,16.41413,-2.649745,-10.85909,-0.5123432,0.7055318,-0.5932785,4.742652,-21.44697,-2.088045,1008.303
42.381496429,31.90754,1.283342,-8.238645,-0.4041117,0.7372625,-0.6034836,5.467546,-21.09044,-2.103692,1008.303
42.416256904,60.10556,-4.058611,-10.00592,-0.4089153,0.7344483,-0.5730326,5.467546,-21.09044,-2.103692,1008.301
42.448530197,62.58451,-3.001961,-11.83415,-0.378821,0.6636625,-0.6377973,5.489252,-20.77621,-1.298331,1008.301
42.480807304,45.16991,5.803455,-5.130668,-0.3977144,0.6962037,-0.5868105,5.888536,-21.06705,0.007179976,1008.304
42.515567779,23.72702,6.625294,-4.643143,-0.422137,0.5891244,-0.6052539,5.888536,-21.06705,0.007179976,1008.298
42.547845364,29.55254,13.66963,-8.665229,-0.3969519,0.5199739,-0.7546006,5.560664,-21.41148,1.262245,1008.3
42.582604885,25.52425,21.77061,-3.485269,-0.4393744,0.6415318,-0.8340687,5.958736,-21.03405,2.559294,1008.298
42.614881992,24.7186,13.1413,3.888556,-0.4786694,0.7366695,-0.715484,5.958736,-21.03405,2.559294,1008.298
42.649638653,33.95267,22.88596,2.547861,-0.4306617,0.6758003,-0.7251189,5.958185,-20.73029,2.555448,1008.298
42.681915760,20.13255,11.14541,13.57813,-0.357709,0.6869886,-0.769689,6.695886,-21.76623,2.930975,1008.297
42.714192867,0.1150543,33.45247,22.10983,0.04219468,0.7648533,-1.122052,6.695886,-21.76623,2.930975,1008.297
42.748952866,-23.00112,65.03457,44.90165,0.1348139,0.6953457,-1.005171,6.381712,-22.10422,4.684013,1008.295
42.781229973,-2.054024,79.71026,68.05911,0.1267282,0.6328414,-1.021462,6.067809,-23.53656,6.388653,1008.295
42.815990448,-26.09981,97.26239,80.55196,-0.08713478,0.5755178,-0.7626874,6.067809,-23.53656,6.388653,1008.295
42.848263741,-23.74481,113.1708,75.55482,-0.2592534,0.371884,-0.7310839,5.377162,-23.877,7.649234,1008.299
42.883023739,-13.27126,84.58259,69.15605,-0.4102903,0.3375635,-0.4491088,2.853016,-25.66603,8.146649,1008.295
42.915300846,-16.86573,70.78744,53.799,-0.3114754,0.3009286,-0.3475246,0.6896629,-26.36549,8.6247,1008.299
42.947578430,-31.9873,44.19507,31.37281,-0.4166397,0.1990366,-0.337725,0.6896629,-26.36549,8.6247,1008.299
42.982338428,-23.9927,4.277183,2.060335,-0.2922824,0.1616324,-0.3420733,-1.486337,-26.70608,8.662409,1008.299
43.014615536,-22.00954,-14.62511,-28.47096,-0.2214344,0.03923816,-0.3907823,-2.223876,-26.70373,8.237714,1008.299
43.049372196,28.56096,-36.57995,-55.71145,-0.2536536,0.1864381,-0.3376645,-2.223876,-26.70373,8.237714,1008.295
43.081649303,-18.60099,136.6519,85.5491,-0.2005779,4.154401,-3.729262,-1.159127,-25.99713,7.402728,1008.297
43.116408825,79.9991,-13.62716,-15.24683,-0.2314335,1.94212,-2.354305,1.351049,-23.12019,6.455739,1008.297
43.148686409,-259.9264,24.64705,38.32006,0.5201182,0.476838,0.021514,1.351049,-23.12019,6.455739,1008.297
43.180963516,8.419524,1.694261,19.55032,-0.1368156,0.606677,-0.5221342,1.347741,-21.29762,6.432659,1008.298
43.215723991,-42.5848,4.688103,0.414936,0.02048822,0.7538187,-0.5037494,0.5566185,-23.87425,3.923887,1008.3
43.247996807,13.00558,-4.88045,-20.12208,-0.002734987,0.7356176,-0.5714842,0.5566185,-23.87425,3.923887,1008.302
43.282756805,23.60307,-1.769203,0.2930546,0.03429506,0.7842389,-0.6781275,-0.1815822,-23.50739,3.494576,1008.302
43.315033912,50.74754,1.283342,3.644794,0.03183993,0.7860317,-0.7182374,0.9187338,-23.51373,3.913756,1008.302
43.349794388,17.6536,0.2853943,2.304098,-0.002153123,0.6558845,-0.681196,0.9187338,-23.51373,3.913756,1008.302
43.382071495,-0.008893002,1.04853,4.132319,-0.003754446,0.7241585,-0.6677515,0.2171507,-23.49448,4.796241,1008.302
43.414349079,-11.04021,-1.299581,0.7196397,0.03976869,0.729675,-0.6475095,0.1931801,-23.50575,3.924787,1008.303
43.449104786,-6.454154,-2.12142,-0.9257594,0.02846762,0.7982906,-0.6678829,0.1931801,-23.50575,3.924787,1008.303
43.481381893,3.275711,-2.884556,-2.75398,0.01295533,0.7971081,-0.7181337,0.9420431,-23.13794,4.780594,1008.305
43.516142368,-3.913234,-4.821747,-3.363388,-0.01485571,0.7163921,-0.6653545,0.2171507,-23.49448,4.796241,1008.305
43.548419475,-19.5306,-2.76715,0.9634025,0.008394251,0.7053838,-0.6490302,0.2171507,-23.49448,4.796241,1008.303
43.583179474,-44.07216,-0.5364445,-0.2554117,0.01121634,0.7500216,-0.6168756,0.205827,-23.86463,4.365129,1008.303
43.615457058,-47.97651,2.574802,0.9024618,0.03142525,0.791691,-0.618616,0.5552955,-23.14522,3.914656,1008.303
43.647730350,-49.71177,4.159778,0.04929184,0.03716777,0.8154036,-0.6233279,0.5552955,-23.14522,3.914656,1008.303
43.682490349,-63.46992,6.7427,-4.46032,0.001427324,0.8110771,-0.5846004,-0.1815822,-23.50739,3.494576,1008.303
43.714767456,-54.54571,4.394588,-4.643143,0.01299203,0.8563891,-0.5036334,0.123642,-23.90326,1.377289,1008.307
43.749527931,-45.8694,4.688103,-6.227601,0.02895796,0.8545172,-0.4983607,0.123642,-23.90326,1.377289,1008.309
43.781805038,-39.17624,3.631453,-3.911854,0.02803018,0.8473471,-0.4713269,-0.2733786,-23.91538,0.1378706,1008.307
43.816565037,-17.11362,1.752964,-2.266455,0.004840436,0.8322167,-0.4897336,0.08939838,-23.91936,0.132355,1008.307
43.848837852,1.23058,-0.5951474,-0.7429373,-0.01554886,0.8674985,-0.4856215,0.08939838,-23.91936,0.132355,1008.307
43.881115437,9.844918,0.2266915,0.7196397,-0.001543598,0.874796,-0.4860936,0.4408512,-24.2935,-0.3042712,1008.307
43.915875912,10.27873,0.8137193,2.121276,0.00813689,0.8758406,-0.4716054,0.06476593,-23.56612,-0.7437143,1008.305
43.948153019,6.374394,0.4615027,2.425979,0.009133006,0.8593488,-0.4837873,0.8156135,-24.29186,0.1259398,1008.307
43.982912540,7.613867,-0.1255251,0.414936,0.009114128,0.8558499,-0.516681,0.8156135,-24.29186,0.1259398,1008.307
44.015190125,-2.549813,-0.2429307,-0.4382338,0.008645544,0.8505352,-0.5138096,0.4401898,-23.92899,-0.308887,1008.307
44.047463894,-3.045602,-0.1255251,-0.4991745,0.004295153,0.8544384,-0.5007252,0.4528365,-24.28787,0.1314554,1008.309
44.082223415,-1.930076,0.05058321,-0.07258957,0.0115437,0.8603039,-0.4895884,0.4528365,-24.28787,0.1314554,1008.309
44.114500999,-2.921655,-0.1842279,-0.194471,0.01249182,0.8695128,-0.4861539,0.439528,-23.56447,-0.313503,1008.309
44.149261475,-1.062445,-0.5364445,-0.6210559,0.00815963,0.8598087,-0.4900673,0.4515135,-23.55884,0.1222236,1008.309
44.181538582,-0.7525769,-0.947364,-1.352344,-0.00303648,0.8799921,-0.5223187,0.4515135,-23.55884,0.1222236,1008.307
44.216298103,12.75768,-3.765098,-0.3772931,-0.004843024,0.8380011,-0.4882295,0.4401898,-23.92899,-0.308887,1008.307
44.248571396,18.45926,-3.295475,2.304098,0.00473883,0.8689346,-0.5074118,0.8023052,-23.56846,-0.3190184,1008.307
44.280848503,27.44544,-3.412881,0.5977582,0.00764104,0.8660148,-0.5146862,0.8023052,-23.56846,-0.3190184,1008.309
44.315608978,33.70478,-6.113209,2.669742,0.01973003,0.8562775,-0.5423236,0.08939838,-23.91936,0.132355,1008.309
44.347886085,32.7132,-4.528234,0.4758768,-0.01104548,0.7899514,-0.5247473,0.1007221,-23.54922,0.5634661,1008.309
44.382646084,38.04294,-3.647692,1.816572,-0.000970801,0.8091967,-0.5662352,0.1007221,-23.54922,0.5634661,1008.309
44.414923191,47.83478,-1.06477,1.572809,0.005316517,0.8004236,-0.5899872,-0.2258267,-24.62267,1.827763,1008.309
44.449679851,34.20057,0.8137193,2.791624,-0.0004590261,0.7834156,-0.6060249,0.4977424,-23.5371,1.802884,1008.309
44.481956959,8.667418,3.16183,4.985489,0.008225547,0.7848267,-0.6253732,0.4977424,-23.5371,1.802884,1008.309
44.514234066,-9.057048,3.044425,3.827616,0.007262284,0.7833738,-0.6248959,0.1705325,-24.24605,3.062565,1008.31
44.548994064,-33.53664,2.046478,2.243157,0.007221127,0.801284,-0.6233436,0.1692095,-23.51702,3.053334,1008.31
44.581271648,-27.95901,0.9311249,0.3539954,0.009179263,0.7994341,-0.5996699,0.1692095,-23.51702,3.053334,1008.31
44.616031647,-27.09138,0.637611,-0.7429373,0.01642151,0.8101603,-0.5822207,-0.2045021,-23.15334,2.680753,1008.31
44.648304939,-32.9169,0.2853943,-1.778929,0.01444478,0.8349006,-0.5627382,0.5097277,-23.53147,2.238611,1008.312
44.683064461,-38.99032,0.1679888,-3.058684,0.01494607,0.8344868,-0.5424373,0.5097277,-23.53147,2.238611,1008.314
44.715342522,-44.81585,1.694261,-3.911854,0.005751299,0.8402939,-0.5346494,0.4864187,-23.90725,1.371773,1008.312
44.747619629,-45.18769,3.514047,-4.521261,0.006707514,0.8563777,-0.5016861,-0.250459,-24.26943,0.9516935,1008.312
44.782379627,-41.65519,3.983669,-4.155617,0.01878977,0.8695799,-0.471664,-0.250459,-24.26943,0.9516935,1008.314
44.814656734,-36.26348,2.750911,-4.033736,0.009598413,0.8783332,-0.45129,-0.2966881,-24.29116,-0.7289672,1008.314
44.849413395,-31.67743,0.1679888,-3.668091,0.0008658352,0.8933379,-0.4429674,0.05344224,-23.93627,-1.174825,1008.31
44.881690502,-28.95059,6.449186,-4.704083,-0.02284179,0.892724,-0.4612904,0.05344224,-23.93627,-1.174825,1008.31
44.916450024,-19.03481,1.342044,-2.266455,0.0289133,0.9100404,-0.3931386,0.03250694,-24.67576,-1.9748,1008.31
44.948727131,-13.14731,1.576855,-2.022692,-0.01024281,0.8962916,-0.4187547,0.3693285,-23.59748,-2.865617,1008.314
44.981004715,-5.400602,-0.419039,-0.8648187,-0.0005672131,0.900248,-0.4018327,0.3580048,-23.96762,-3.296728,1008.312
45.015765190,-1.000472,0.109286,-0.1335303,-0.0005723723,0.9046247,-0.3955231,0.3580048,-23.96762,-3.296728,1008.312
45.048038006,2.532027,0.2853943,0.2930546,0.001349492,0.9084886,-0.3993728,0.3706515,-24.32651,-2.856385,1008.31
45.082798004,3.337685,0.05058321,0.2321139,0.003284112,0.9089845,-0.3974404,0.7327671,-23.96598,-2.866517,1008.31
45.115075111,4.515184,-0.1842279,0.1102325,0.005227158,0.9016967,-0.4076382,0.7327671,-23.96598,-2.866517,1008.309
45.149835587,3.461632,-0.3016334,-0.194471,0.005223204,0.9016803,-0.4124727,1.094882,-23.60545,-2.876648,1008.31
45.182112694,1.478475,-0.419039,-0.3163524,0.002320431,0.9026431,-0.4114941,0.3699901,-23.96199,-2.861001,1008.31
45.214389801,-0.8765242,-0.06682235,-0.4991745,-0.001568702,0.9093875,-0.4172486,0.3699901,-23.96199,-2.861001,1008.31
45.249146461,-3.479418,-0.1842279,-0.6210559,-0.0001080766,0.9060122,-0.4148538,0.3699901,-23.96199,-2.861001,1008.31
45.281423569,-4.161129,-0.3603362,-0.6819966,0.0003891413,0.9041156,-0.4037465,0.3819754,-23.95636,-2.425275,1008.31
45.316183567,-4.223102,-0.1842279,-0.4991745,0.003769342,0.9055722,-0.4051958,0.3819754,-23.95636,-2.425275,1008.309
45.348460674,-2.549813,0.05058321,-0.4991745,0.005712722,0.9021951,-0.4037689,0.3819754,-23.95636,-2.425275,1008.309
45.380737781,-1.806129,-0.008119571,-0.1335303,-0.0005839838,0.9075086,-0.4013079,0.7314441,-23.23695,-2.875749,1008.309
45.415498257,-0.4427086,-0.1255251,0.1102325,0.001348743,0.9089741,-0.3988866,0.7314441,-23.23695,-2.875749,1008.309
45.447771549,-0.8145506,-0.06682235,-0.2554117,0.005208619,0.9113933,-0.4022652,0.007213354,-23.958,-2.855486,1008.309
45.482531547,-0.1328403,-0.1842279,-0.4382338,-0.001063473,0.9041033,-0.4061607,0.3826368,-24.32087,-2.420659,1008.307
45.514809132,-0.008893002,-0.06682235,0.1102325,-0.001556048,0.9094399,-0.4017783,0.3826368,-24.32087,-2.420659,1008.307
45.549569130,0.177028,-0.1842279,-0.07258957,-0.0001157109,0.9137993,-0.4017566,1.095544,-23.96997,-2.872032,1008.309
45.581846237,-0.3187613,-0.3016334,-0.3772931,0.000867528,0.9084938,-0.397438,0.3693285,-23.59748,-2.865617,1008.309
45.614123344,-0.5046823,-0.2429307,-0.3163524,0.004249933,0.9080046,-0.401799,0.3693285,-23.59748,-2.865617,1008.309
45.648879051,-0.5046823,-0.1255251,-0.194471,-0.001551782,0.9084803,-0.3993666,0.3580048,-23.96762,-3.296728,1008.307
45.681157112,-1.062445,-0.1842279,-0.5601152,-0.0001058904,0.9084647,-0.405171,0.7327671,-23.96598,-2.866517,1008.307
45.715917110,-1.000472,-0.3016334,-0.5601152,-0.003496265,0.9128301,-0.3993376,0.7327671,-23.96598,-2.866517,1008.307
45.748194218,-1.186393,-0.06682235,-0.3772931,-0.002523805,0.9109004,-0.3983839,0.3699901,-23.96199,-2.861001,1008.307
45.782953739,-0.8145506,-0.3603362,-0.3163524,0.0003859591,0.9085005,-0.3950197,0.7207818,-23.97161,-3.302244,1008.307
45.815231800,-1.124419,-0.1255251,-0.3163524,-0.002519497,0.9104295,-0.394519,0.7207818,-23.97161,-3.302244,1008.307
45.847505093,-0.380735,-0.2429307,-0.2554117,0.00423487,0.9167383,-0.3949811,0.3586662,-24.33214,-3.292112,1008.305
45.882264614,-0.8765242,0.05058321,-0.3772931,0.003766825,0.9084938,-0.3998614,0.7334285,-24.33049,-2.861901,1008.305
45.914541721,-0.9384979,-0.06682235,-0.194471,-0.004445357,0.9060604,-0.3969569,0.7334285,-24.33049,-2.861901,1008.303
45.949302196,-1.31034,0.05058321,-0.1335303,-0.002991515,0.9065665,-0.3916394,0.7201202,-23.6071,-3.306859,1008.302
45.981579781,-1.434287,-0.06682235,-0.3163524,-0.001552052,0.9099451,-0.3954908,0.3693285,-23.59748,-2.865617,1008.302
46.016339302,-1.31034,0.2266915,0.04929184,-0.003968511,0.9109208,-0.391129,0.7334285,-24.33049,-2.861901,1008.302
46.048612595,-0.7525769,0.3440971,0.9024618,-0.003958211,0.9065654,-0.3911538,0.7334285,-24.33049,-2.861901,1008.302
46.080889702,-0.5046823,0.1679888,0.7196397,-0.00106913,0.9118986,-0.3906463,0.3580048,-23.96762,-3.296728,1008.302
46.115650177,-0.194814,-0.2429307,-0.3772931,0.001844649,0.905606,-0.393589,0.7194588,-23.24258,-3.311475,1008.302
46.147927284,0.7967646,-0.3016334,-0.3163524,0.0003837959,0.9109348,-0.3906549,0.7194588,-23.24258,-3.311475,1008.302
46.182687282,-0.2567877,-0.3016334,-0.7429373,-0.008803573,0.9109086,-0.3906353,0.7207818,-23.97161,-3.302244,1008.3
46.214964390,-1.31034,-0.3603362,-0.5601152,-0.006877796,0.9143,-0.3911035,0.7214432,-24.33613,-3.297628,1008.3
46.249721050,-2.425866,-0.1255251,-0.1335303,-0.01025883,0.9123513,-0.3920742,0.7214432,-24.33613,-3.297628,1008.3
46.281998157,-1.930076,0.4027999,0.841521,-0.002533979,0.9167222,-0.3939998,0.01919866,-23.95237,-2.419759,1008.3
46.314275265,-1.248366,0.9311249,1.999394,-0.004938119,0.9138396,-0.3857925,0.006551743,-23.59349,-2.860102,1008.3
46.349035263,-0.4427086,1.224639,2.365039,0.0003868338,0.9094814,-0.3911466,0.006551743,-23.59349,-2.860102,1008.3
46.381312847,-0.008893002,0.637611,1.755632,0.001846003,0.9075662,-0.3863263,0.7207818,-23.97161,-3.302244,1008.302
46.416072845,-0.07086667,0.4615027,0.7196397,0.007148942,0.9138676,-0.3877522,0.007213354,-23.958,-2.855486,1008.302
46.448346138,-0.6906033,-0.1255251,-0.01164887,0.008115555,0.9128911,-0.3911439,0.007213354,-23.958,-2.855486,1008.302
46.483106613,-1.434287,-0.06682235,-0.5601152,0.003281637,0.9123949,-0.3906529,0.7207818,-23.97161,-3.302244,1008.3
46.515383720,-1.124419,-0.008119571,-0.6819966,0.0008712541,0.9104638,-0.3872746,-0.004771948,-23.96364,-3.291213,1008.3
46.547660828,-0.6286296,-0.419039,-0.6819966,-0.003000024,0.9133727,-0.3824153,-0.004771948,-23.96364,-3.291213,1008.302
46.582420826,0.6728173,-0.06682235,-0.3163524,-0.003979122,0.9162521,-0.3886815,0.3477316,-23.97245,-3.670208,1008.302
46.614697933,1.478475,-0.1255251,0.2930546,-0.00445449,0.9148186,-0.3828874,0.3686671,-23.23296,-2.870233,1008.3
46.649454117,3.337685,0.2266915,0.9024618,-0.00252266,0.9104164,-0.3983866,0.3686671,-23.23296,-2.870233,1008.3
46.681731701,3.957421,0.637611,1.511869,-0.001545665,0.9060622,-0.3988969,0.7214432,-24.33613,-3.297628,1008.3
46.714008808,3.08979,0.5789082,1.389987,0.003764183,0.9099488,-0.3988863,0.3699901,-23.96199,-2.861001,1008.3
46.748768330,1.478475,-0.1255251,-0.01164887,0.009080897,0.9109319,-0.3988921,0.3699901,-23.96199,-2.861001,1008.298
46.781045437,-0.380735,-0.6538501,-1.169522,0.002796259,0.9094539,-0.4013042,0.3693285,-23.59748,-2.865617,1008.298
46.815806389,-4.285076,-0.6538501,-1.717989,0.001332535,0.9181917,-0.392066,0.7327671,-23.96598,-2.866517,1008.298
46.848079205,-6.39218,-0.419039,-0.9257594,-0.003022498,0.918655,-0.3944712,0.7327671,-23.96598,-2.866517,1008.298
46.882839203,-6.949943,0.05058321,-0.2554117,-0.003976229,0.9177302,-0.3809381,1.445674,-23.61507,-3.317891,1008.298
46.915116310,-3.541392,0.109286,0.04929184,-0.0005746798,0.9099904,-0.3829232,0.3580048,-23.96762,-3.296728,1008.298
46.947604656,0.54887,0.4027999,0.9024618,0.004741992,0.9104847,-0.3843821,0.3580048,-23.96762,-3.296728,1008.298
46.982364655,3.585579,0.05058321,0.414936,0.007166318,0.9090529,-0.380528,0.3693285,-23.59748,-2.865617,1008.297
47.014641762,4.577157,-0.4777418,-0.803878,0.002799152,0.9109319,-0.3935607,0.3586662,-24.33214,-3.292112,1008.297
47.049398422,4.019395,-0.947364,-1.352344,-0.001574461,0.920603,-0.392046,-0.004110575,-24.32815,-3.286597,1008.293
47.081675529,4.329263,-1.06477,-1.596107,-0.001095056,0.9230306,-0.3900995,-0.004110575,-24.32815,-3.286597,1008.293
47.116435528,2.841895,-0.8299584,-1.108582,-0.007368562,0.9176894,-0.3901164,0.7207818,-23.97161,-3.302244,1008.294
47.148712635,5.010973,-0.06682235,-0.194471,-0.007326678,0.8944067,-0.4062023,0.3580048,-23.96762,-3.296728,1008.294
47.180990219,3.833474,0.637611,1.572809,0.004685557,0.9253996,-0.4099195,0.3580048,-23.96762,-3.296728,1008.294
47.215750217,-3.541392,0.8137193,1.938454,0.009602669,0.9003409,-0.383,0.7321055,-23.60146,-2.871133,1008.293
47.248023510,-6.640075,0.2853943,0.9634025,-0.001546307,0.9124122,-0.381457,0.3699901,-23.96199,-2.861001,1008.293
47.282783985,-3.231523,-1.182175,-2.510218,-0.01171402,0.9098849,-0.4046545,0.3699901,-23.96199,-2.861001,1008.291
47.315061092,-1.558234,-1.182175,-2.327396,0.004710651,0.9137755,-0.4128863,1.083559,-23.9756,-3.307759,1008.287
47.349821091,-1.930076,-0.3016334,-0.194471,0.02893286,0.8983933,-0.4028737,0.7207818,-23.97161,-3.302244,1008.287
47.382098198,0.54887,0.2853943,-0.5601152,-0.03293252,0.8890496,-0.3945751,0.7207818,-23.97161,-3.302244,1008.287
47.414375305,-1.620208,-0.06682235,-0.194471,0.0007977001,0.9424112,-0.3846756,0.7321055,-23.60146,-2.871133,1008.286
47.449131489,5.134921,-0.4777418,-1.047641,-0.02622158,0.9098386,-0.4060738,0.7221048,-24.70065,-3.293012,1008.286
47.481409073,2.40808,0.5202054,1.938454,-0.001064948,0.9099612,-0.3911407,0.7221048,-24.70065,-3.293012,1008.287
47.516168594,5.072947,0.9898276,3.218209,0.008652433,0.8940553,-0.3806165,0.7201202,-23.6071,-3.306859,1008.287
47.548445701,4.45321,1.342044,2.730683,0.008132805,0.9066098,-0.388279,0.3573432,-23.60311,-3.301344,1008.287
47.583206177,1.168607,0.5202054,0.7196397,0.00565471,0.9263883,-0.4045981,0.3573432,-23.60311,-3.301344,1008.287
47.615483761,-3.417444,-0.3603362,-1.169522,0.006138609,0.9259025,-0.4055688,0.3699901,-23.96199,-2.861001,1008.289
47.647756576,-5.090734,-0.6538501,-2.205514,0.00328326,0.9128904,-0.387266,0.7327671,-23.96598,-2.866517,1008.291
47.682516575,-2.487839,-0.8299584,-1.717989,-0.003454959,0.9012731,-0.3824831,0.7327671,-23.96598,-2.866517,1008.291
47.714793682,-0.07086667,-0.3016334,-0.7429373,-0.004925698,0.906561,-0.3916352,0.3706515,-24.32651,-2.856385,1008.291
47.749554157,1.106633,-0.008119571,0.5977582,-0.004956453,0.9166956,-0.3997959,0.7214432,-24.33613,-3.297628,1008.293
47.781831264,1.106633,-0.008119571,0.9024618,-0.003036189,0.9249509,-0.392985,0.7214432,-24.33613,-3.297628,1008.293
47.816591263,0.6728173,0.2853943,0.7196397,-9.927081E-05,0.9119128,-0.3872642,1.083559,-23.9756,-3.307759,1008.293
47.848864555,0.3009753,0.05058321,0.1711733,0.0008608708,0.9138415,-0.390156,0.3477316,-23.97245,-3.670208,1008.293
47.881142139,-0.07086667,0.05058321,-0.01164887,0.001365537,0.9066003,-0.3853638,0.3477316,-23.97245,-3.670208,1008.293
47.915902138,-1.31034,-0.2429307,-0.4991745,-0.0005788016,0.9080187,-0.39357,0.3586662,-24.33214,-3.292112,1008.293
47.948179245,-1.682182,-0.2429307,-0.9257594,-0.003489189,0.9123706,-0.3920887,0.3706515,-24.32651,-2.856385,1008.294
47.982939720,-2.177971,0.2853943,-0.01164887,-0.007362444,0.9152713,-0.3896467,0.3686671,-23.23296,-2.870233,1008.294
48.015216827,-1.31034,0.8724221,1.572809,-0.002539408,0.9225638,-0.3838143,0.3686671,-23.23296,-2.870233,1008.293
48.049972534,0.362949,0.9898276,2.365039,-0.004928047,0.911438,-0.3804884,0.3693285,-23.59748,-2.865617,1008.293
48.082250118,1.23058,1.752964,3.461972,-0.0005712048,0.9090275,-0.3814784,0.7334285,-24.33049,-2.861901,1008.293
48.114527226,0.2390016,1.694261,2.48692,0.006188675,0.9104725,-0.3892197,0.7334285,-24.33049,-2.861901,1008.293
48.149287701,-0.7525769,2.222586,1.999394,0.008130643,0.9090442,-0.3839142,0.3573432,-23.60311,-3.301344,1008.287
48.181564808,-2.425866,2.457397,1.389987,0.01053266,0.9148501,-0.3863035,0.7201202,-23.6071,-3.306859,1008.289
48.216324806,-5.834417,1.400747,0.4758768,0.01342927,0.9158164,-0.3892049,0.7201202,-23.6071,-3.306859,1008.287
48.248597622,-7.197838,1.400747,0.1102325,-0.002042525,0.9167563,-0.3843319,0.3693285,-23.59748,-2.865617,1008.287
48.280874729,-8.499286,1.694261,0.04929184,0.006188135,0.9134023,-0.3814681,0.3573432,-23.60311,-3.301344,1008.285
48.315635681,-8.313364,2.457397,0.4758768,0.008592779,0.922151,-0.3722381,0.3573432,-23.60311,-3.301344,1008.285
48.347912788,-9.180996,4.6294,0.5368175,0.007624188,0.9231194,-0.3712637,0.3477316,-23.97245,-3.670208,1008.285
48.382672310,-8.003496,5.216427,1.207165,0.01248815,0.9144552,-0.3616546,0.34707,-23.60794,-3.674824,1008.285
48.414949417,-6.578101,6.390483,1.63375,0.009076305,0.9265503,-0.3596448,0.34707,-23.60794,-3.674824,1008.285
48.449706077,-3.045602,4.922914,2.060335,0.01539667,0.9159595,-0.3485995,-0.3784838,-23.59996,-3.663793,1008.285
48.481983185,10.27873,4.746805,3.461972,0.01292262,0.9367321,-0.3571779,0.3464086,-23.24342,-3.67944,1008.287
48.514260292,7.985709,1.929072,1.207165,0.043446,0.9082363,-0.3665911,0.3464086,-23.24342,-3.67944,1008.285
48.549020290,13.62531,-0.8299584,0.4758768,0.02262659,0.9212592,-0.3616378,0.3381197,-24.3418,-4.039073,1008.287
48.581297398,18.5832,-1.006067,-1.108582,0.02456052,0.9183317,-0.3703605,0.3580048,-23.96762,-3.296728,1008.287
48.616057873,20.0086,-4.293423,-3.789973,0.01194528,0.9278908,-0.3949344,0.3580048,-23.96762,-3.296728,1008.287
48.648331165,28.99478,-10.80943,-5.557253,0.007169873,0.8997829,-0.4028189,0.7105086,-23.97644,-3.675724,1008.287
48.683091164,34.94426,-13.97938,-4.947846,-0.007898227,0.9145649,-0.4549137,0.3706515,-24.32651,-2.856385,1008.289
48.715368271,34.51044,-19.43874,-4.338439,0.008599632,0.8913932,-0.4521804,0.3706515,-24.32651,-2.856385,1008.289
48.747645855,34.26255,-19.02782,-7.507356,-0.006396784,0.880084,-0.4923378,0.3939607,-23.95072,-1.989548,1008.289
48.782405853,46.16149,-25.0155,-10.92004,-0.0005489008,0.8509682,-0.5210388,0.01853704,-23.58785,-2.424375,1008.289
48.814682960,66.55082,-23.31312,-10.92004,0.01393571,0.8230655,-0.6275852,0.01853704,-23.58785,-2.424375,1008.287
48.849439621,60.84925,-20.20188,-8.299585,-7.165311E-05,0.8235781,-0.6072477,0.780319,-24.67328,-1.176625,1008.287
48.881716728,73.92568,-9.10705,-3.241506,-0.0590148,0.8236142,-0.5466906,1.529182,-24.30547,-0.3208177,1008.289
48.916476727,36.18373,-9.928888,-4.643143,-0.1242362,0.7909241,-0.5704244,0.8498571,-24.27576,1.370874,1008.289
48.948753834,24.65662,-9.576673,-6.897949,-0.08117413,0.78627,-0.552173,0.8498571,-24.27576,1.370874,1008.289
48.981030941,8.915314,-4.586936,-7.080771,-0.07345661,0.7881673,-0.5700662,1.574749,-23.91922,1.355227,1008.289
49.015791416,13.81123,-9.165752,-7.629237,-0.08124562,0.796236,-0.6101289,1.600043,-24.63698,2.235912,1008.289
49.048064709,13.68729,-6.34802,-7.994882,-0.06237315,0.7680058,-0.674144,1.600043,-24.63698,2.235912,1008.287
49.082824230,29.05675,-9.517969,-8.238645,-0.09675159,0.7950798,-0.6526446,0.8738277,-24.26449,2.242328,1008.285
49.115101337,12.44781,-7.169858,-9.640281,-0.09339166,0.799873,-0.6690615,1.587396,-24.2781,1.795569,1008.285
49.149861813,4.887026,-7.463373,-12.62638,-0.1135129,0.7253374,-0.6554223,1.587396,-24.2781,1.795569,1008.285
49.182139396,7.427946,-10.57462,-11.7732,-0.1429385,0.7099083,-0.6138708,1.249251,-24.62736,2.677155,1008.283
49.214416504,8.543471,-15.38825,-13.1139,-0.09670702,0.7708309,-0.6682526,1.599381,-24.27246,2.231297,1008.283
49.249172211,3.957421,-8.285211,-10.79815,-0.1005116,0.7451847,-0.6645227,1.599381,-24.27246,2.231297,1008.278
49.281449318,9.411103,-10.98554,-9.640281,-0.1716134,0.7678638,-0.6236317,1.249913,-24.99187,2.68177,1008.279
49.316209793,-7.817575,-8.343914,-7.690178,-0.1440863,0.7741501,-0.6483106,2.313611,-24.65059,1.789154,1008.279
49.348486900,-16.74178,-6.99375,-9.701221,-0.1681085,0.7204812,-0.6142399,2.313611,-24.65059,1.789154,1008.278
49.383246899,-16.55586,-18.91042,-8.177704,-0.1825132,0.7120648,-0.5151517,1.611367,-24.26683,2.667023,1008.279
49.415524006,-32.85493,-14.449,-8.848051,-0.1309925,0.7621285,-0.6368047,2.313611,-24.65059,1.789154,1008.278
49.447797298,-21.01797,-11.68997,-6.349483,-0.1465332,0.7793976,-0.66858,2.313611,-24.65059,1.789154,1008.278
49.482557773,-25.54204,-8.0504,-5.801016,-0.1638628,0.7586585,-0.6333695,1.938849,-24.65224,1.358943,1008.278
49.514834881,-14.38678,-13.62716,-4.39938,-0.2039394,0.7631809,-0.550106,3.015856,-25.03436,0.9112859,1008.278
49.549594879,-28.57875,-11.22035,-9.640281,-0.1831611,0.7548742,-0.5912903,3.015856,-25.03436,0.9112859,1008.278
49.581871986,-22.93915,-16.73841,-4.765024,-0.17315,0.8070856,-0.6151869,2.630821,-25.04083,0.1075943,1008.278
49.614149094,-23.37296,-13.33365,-7.568296,-0.164468,0.8197255,-0.605465,2.968966,-24.69157,-0.7739906,1008.278
49.648905754,-21.8856,-20.26058,-3.60715,-0.1904073,0.780293,-0.5099124,2.968966,-24.69157,-0.7739906,1008.278
49.681182861,-6.454154,-15.79917,-0.5601152,-0.1335676,0.8528505,-0.5671515,3.320419,-25.06571,-1.210617,1008.278
49.715942383,-24.61244,-11.39646,1.146224,-0.1996296,0.7874519,-0.5316066,2.571945,-24.70368,-2.013409,1008.278
49.748219967,-26.71954,-10.39851,0.9634025,-0.2096529,0.7498501,-0.4805543,2.571945,-24.70368,-2.013409,1008.278
49.782980442,-25.41809,-7.522075,-2.205514,-0.1961592,0.7531208,-0.5264915,3.285513,-24.7173,-2.460167,1008.278
49.815257549,-8.06547,-11.10294,-1.291404,-0.2083486,0.8093546,-0.4869869,3.261542,-24.72857,-3.33162,1008.278
49.847530365,14.05913,-7.287264,0.1711733,-0.1853594,0.8969547,-0.5034587,3.261542,-24.72857,-3.33162,1008.278
49.882290363,-10.85428,-4.23472,2.121276,-0.239455,0.8760417,-0.4884744,2.888493,-24.72941,-3.699585,1008.278
49.914568424,-7.197838,-1.886609,2.182217,-0.2302015,0.8592385,-0.456683,2.898766,-24.72458,-3.326105,1008.278
49.949327946,-8.437311,-0.5364445,-0.194471,-0.2591641,0.8354185,-0.4640076,3.250608,-24.36888,-3.709716,1008.278
49.981605053,-1.868103,-2.473636,-0.9257594,-0.2587526,0.8756809,-0.4357401,3.250608,-24.36888,-3.709716,1008.279
50.016365051,0.3009753,-0.7125529,-2.632099,-0.2578621,0.895402,-0.4718878,3.240335,-24.37371,-4.083197,1008.279
50.048638821,3.213737,0.5202054,-6.16666,-0.2655283,0.8604879,-0.486573,2.51412,-24.00121,-4.076781,1008.279
50.080915928,15.2986,-0.7125529,-5.679134,-0.2770715,0.8450738,-0.4556956,2.51412,-24.00121,-4.076781,1008.281
50.115675926,24.53268,-2.238825,-7.629237,-0.2529463,0.8551891,-0.4900142,2.535327,-24.35607,-3.325205,1008.281
50.147953033,11.08439,-0.7712557,-9.823103,-0.2606491,0.8269649,-0.5298001,3.261542,-24.72857,-3.33162,1008.284
50.182713508,20.81426,-5.29137,-8.177704,-0.2436724,0.8179463,-0.4921798,3.261542,-24.72857,-3.33162,1008.284
50.214990616,18.52123,-3.119367,-7.507356,-0.2204785,0.816479,-0.51641,3.272866,-24.35841,-2.900509,1008.284
50.249746799,11.64215,-1.299581,-5.374431,-0.1865844,0.7850025,-0.5514696,3.284852,-24.35278,-2.464783,1008.284
50.282023907,19.88465,3.16183,-2.875862,-0.200052,0.7725552,-0.5002668,3.284852,-24.35278,-2.464783,1008.284
50.314301014,12.88163,2.868316,1.755632,-0.2547563,0.8004783,-0.4966061,3.299483,-25.80521,-2.010592,1008.282
50.349061489,-12.83744,14.37406,0.1102325,-0.3291158,0.7425551,-0.5330331,3.659614,-24.35113,-2.034571,1008.282
50.381338596,-24.11665,1.811666,5.716777,-0.4159659,0.8515232,-0.5771862,3.659614,-24.35113,-2.034571,1008.282
50.416098595,-59.25571,17.54401,8.215346,-0.3326235,0.8265762,-0.4406945,3.660937,-25.08016,-2.02534,1008.282
50.448371410,-115.094,7.153619,-12.56543,-0.6135294,0.8224937,-0.4082053,3.997759,-24.00187,-2.916156,1008.282
50.483132362,-122.4069,-9.811483,-25.91145,-0.875705,1.12668,-0.817317,3.997759,-24.00187,-2.916156,1008.284
50.515409469,-71.96031,-53.95597,-34.13844,-0.5398003,0.8543963,-0.6242799,3.567818,-24.75912,-5.391276,1008.284
50.547686577,-94.89057,-1.006067,-17.25787,-0.2759006,1.067241,-0.1571201,3.870396,-23.69692,-7.527027,1008.284
50.582446098,-31.80138,52.00254,-57.47873,-0.7107896,0.1286085,-1.30872,3.870396,-23.69692,-7.527027,1008.284
50.614723682,114.5184,17.3679,-47.91104,-0.6307511,0.4196205,-0.7532169,4.162973,-23.73392,-10.08466,1008.284
50.649479866,117.7411,49.24351,-72.89674,-0.5258909,0.7411311,-0.5011935,4.841636,-23.39911,-11.78096,1008.284
50.681756973,67.2945,64.21272,-95.7495,-0.6361909,0.5788999,-0.4424154,4.841636,-23.39911,-11.78096,1008.284
50.716516972,87.68384,47.13021,-107.2064,-0.6264896,0.6005546,-0.3436916,5.571158,-25.59418,-11.7643,1008.284
50.748794079,-2.921655,90.68768,-158.0309,-0.6906058,0.09256966,-0.3928519,7.740465,-28.17536,-12.20081,1008.282
50.781071186,41.26557,60.86666,-170.1581,-0.9822023,-0.269862,-0.2811596,7.740465,-28.17536,-12.20081,1008.284
50.815831661,72.31437,-2.062717,-133.228,-1.08745,0.5771964,0.008145508,9.921096,-30.38638,-12.20621,1008.278
50.848104954,-27.64915,-20.84761,-147.61,-0.8357415,0.6879387,0.05851032,14.97679,-31.15368,-10.96609,1008.278
50.882864952,-56.03308,-21.49334,-157.2996,-0.8922183,0.3852555,-0.105041,17.90589,-33.72674,-10.1687,1008.278
50.915142059,-46.48914,-44.91574,-149.3773,-0.8467909,0.3784368,-0.1564221,17.90589,-33.72674,-10.1687,1008.276
50.949902534,-43.08059,-40.68914,-134.1422,-0.7618892,0.4164469,-0.2932022,20.47062,-34.47242,-9.326621,1008.275
50.982179642,-17.60941,-57.71295,-106.1704,-0.8033595,0.5990293,-0.2156913,24.21548,-34.82209,-5.144385,1008.273
51.014456749,-9.180996,-70.74496,-85.38958,-0.7060516,0.8127972,-0.04934952,24.21548,-34.82209,-5.144385,1008.273
51.049212456,-85.59452,-59.12182,-87.09592,-0.6982679,0.5965806,-0.02739064,27.89618,-34.07835,-1.037325,1008.275
51.081490040,-35.89164,-66.98798,-64.66974,-0.8389525,0.5083308,-0.2461035,30.53279,-30.04749,2.67034,1008.275
51.116250515,-30.62388,-107.082,-45.16871,-0.8833484,1.138331,-0.08530811,30.53279,-30.04749,2.67034,1008.275
51.148527622,-96.19202,-93.69775,-77.58917,-1.154338,1.538792,-0.3517224,32.39562,-24.93684,4.694528,1008.276
51.180804729,-68.11795,-64.87468,-109.5221,-0.8784641,0.9377042,-0.601805,31.56714,-19.20083,1.271152,1008.278
51.215564728,-374.2059,-68.39685,-62.65869,-0.6018898,0.1543115,-0.527088,31.56714,-19.20083,1.271152,1008.28
51.247837543,27.01162,-80.31351,-8.299585,-0.7151688,-0.3731919,-0.4394402,29.58371,-14.51785,-4.612465,1008.28
51.282598018,124.7441,-40.80655,-1.230463,-0.7718396,0.5746148,0.4077379,27.23606,-10.92604,-10.60121,1008.282
51.314875603,61.46898,5.979564,10.8358,-1.056557,0.4998994,0.3064045,27.23606,-10.92604,-10.60121,1008.285
51.349635124,103.9829,-59.29793,-55.22393,-1.304452,0.2545561,-0.196749,24.99158,-11.29882,-13.05337,1008.287
51.381912231,169.4891,-57.83036,-71.67792,-1.01453,0.9771851,0.4545428,24.19715,-12.05288,-15.58522,1008.288
51.414189339,-40.84953,-22.25647,-95.50574,-1.090643,0.2487139,0.4694189,24.19715,-12.05288,-15.58522,1008.288
51.448945999,48.14465,-51.96008,-81.6722,-1.108225,0.2919229,0.3826835,23.48742,-13.89068,-17.29494,1008.29
51.481223106,-95.26241,-37.28439,-79.78304,-1.16859,0.5075272,0.5102171,23.78934,-12.46397,-19.43531,1008.292
51.515983105,-136.4129,-31.06189,-60.40389,-1.184695,0.03686579,0.1527316,23.78934,-12.46397,-19.43531,1008.289
51.548260212,-87.7636,-34.17314,-36.81984,-1.345209,-0.1941051,0.1043873,21.51823,-11.38996,-22.77738,1008.293
51.583020687,-30.06612,-45.73758,-8.421466,-1.231187,-0.4428546,-0.1389922,20.30697,-7.848327,-27.039,1008.294
51.615297794,45.60373,-43.44818,27.65543,-1.227322,-0.6622235,-0.1871414,20.30697,-7.848327,-27.039,1008.294
51.647571087,158.0239,-60.41328,62.57446,-1.113106,-0.5540282,-0.34389,17.3086,-6.767143,-30.43229,1008.296
51.682331085,180.8302,-31.17929,45.14542,-0.8680448,0.2270271,0.02163508,13.98793,-8.155925,-32.48134,1008.298
51.714608192,-11.84586,24.23613,24.85216,-0.9476068,-0.0522375,0.076781,13.98793,-8.155925,-32.48134,1008.3
51.749368668,21.99176,-6.113209,25.76627,-0.9780256,-0.2280141,0.2121768,11.11961,-13.58048,-31.49653,1008.3
51.781645775,-21.01797,1.518153,14.18754,-0.8201707,-0.09378477,0.2754469,10.76014,-15.39907,-31.46793,1008.3
51.816405773,-33.78453,16.83958,-15.12494,-0.9055446,-0.2167779,0.1821113,10.76014,-15.39907,-31.46793,1008.301
51.848678589,-38.12269,12.20206,-28.8366,-0.8972941,-0.2146745,0.2246481,10.77345,-16.12247,-31.02297,1008.303
51.880955696,-53.30624,16.07644,-43.58425,-0.9320999,-0.2098479,0.2503728,11.4604,-14.68929,-32.35965,1008.305
51.915716648,-48.41032,12.20206,-47.60634,-1.022595,-0.1918368,0.2153792,11.4604,-14.68929,-32.35965,1008.305
51.947993755,-55.72321,0.5789082,-44.98589,-1.018001,-0.08238137,0.2377464,12.54674,-13.60771,-32.39005,1008.305
51.982753277,-79.45913,-0.2429307,-44.2546,-0.9754899,-0.06532713,0.2363014,13.64309,-11.42694,-31.99856,1008.306
52.015030384,-98.29912,-1.475689,-42.12167,-1.000455,-0.1413791,0.2349559,16.16591,-8.908887,-32.5052,1008.304
52.049787045,-87.26781,-10.86813,-32.55399,-0.9811012,-0.1534891,0.2150244,16.16591,-8.908887,-32.5052,1008.304
52.082064152,-82.49583,-11.74868,-25.11922,-0.9613603,-0.1259288,0.19145,16.13914,-6.428493,-33.34595,1008.304
52.114341259,-82.00005,-17.26674,-15.97812,-0.9893072,-0.1627384,0.2058042,16.8594,-3.520345,-33.39391,1008.304
52.149101257,-75.86465,-24.36977,-3.972795,-0.9553645,-0.2072073,0.1924253,16.8594,-3.520345,-33.39391,1008.306
52.181378364,-64.52348,-24.54588,8.276287,-0.9608322,-0.1575056,0.1550115,16.48133,-1.699412,-33.8472,1008.308
52.216138840,-71.21663,-24.8981,14.00471,-0.9887267,-0.2346582,0.1169247,16.06703,1.19897,-35.55927,1008.309
52.248412132,-56.77676,-22.96091,14.12659,-0.983696,-0.3232623,0.09900625,16.06703,1.19897,-35.55927,1008.309
52.283172130,-8.933101,-11.04424,11.56709,-1.012661,-0.3490459,0.08345203,15.68962,2.655387,-36.00795,1008.309
52.315449238,-2.115998,-4.352125,5.290192,-1.061957,-0.3446841,0.1270926,14.6093,4.860082,-35.58337,1008.309
52.347726345,25.46228,3.220533,0.6586989,-0.993612,-0.211911,0.1218989,14.6093,4.860082,-35.58337,1008.309
52.382486820,-9.738758,19.4812,-11.10286,-1.022144,-0.202721,0.1447343,15.32552,3.388407,-36.01167,1008.311
52.414763927,-2.363892,29.40197,-12.99202,-1.051704,-0.1937843,0.09360432,15.70028,3.390053,-35.58145,1008.313
52.449519634,-15.06849,45.42783,-13.1139,-1.139758,-0.2030316,0.009623187,15.70028,3.390053,-35.58145,1008.313
52.481796741,-88.6932,60.51445,-19.39079,-1.399698,-0.3524505,-0.165671,16.82286,3.394186,-34.35307,1008.313
52.514074325,-54.91755,58.10763,-2.75398,-1.326704,-0.5194553,-0.6714879,18.34218,4.504781,-31.83686,1008.313
52.548834801,50.06583,58.10763,-57.84438,-1.340128,-0.375297,0.4683423,18.34218,4.504781,-31.83686,1008.313
52.581111908,-70.53492,39.14663,-15.85623,-1.120561,-0.784462,-0.07735906,20.25599,7.024797,-28.09893,1008.313
52.615871429,-86.77202,20.83137,6.448066,-0.7611579,-0.3788686,0.06678694,22.18696,6.695075,-23.88912,1008.314
52.648144722,-44.6919,58.34244,-4.704083,-0.9052,-0.545202,-0.3428375,22.18696,6.695075,-23.88912,1008.314
52.682905197,40.58386,-9.341861,16.6861,-0.7262862,-0.1034612,0.3394868,23.36748,7.820929,-20.49595,1008.314
52.715182304,-95.13847,88.9266,18.14868,-0.7337829,-0.09520624,0.06834082,24.12304,8.95063,-17.15858,1008.314
52.747459888,-23.86875,18.36585,22.90206,-0.8815379,-0.4426444,-0.08704975,24.12304,8.95063,-17.15858,1008.314
52.782219410,-15.68823,18.60066,32.46975,-0.7288597,-0.03960922,0.3340542,26.03242,8.245927,-13.75336,1008.316
52.814496517,-109.4544,14.49147,11.4452,-0.6851696,-0.2112764,0.04823854,27.14301,8.244427,-12.9607,1008.316
52.849253178,-67.93203,5.920861,5.351133,-0.6391656,-0.2768374,-0.05907334,27.14301,8.244427,-12.9607,1008.316
52.881530285,-38.86637,24.64705,1.085284,-0.5957723,-0.2327656,-0.0855054,27.9381,8.633968,-10.42424,1008.316
52.916290283,26.76373,1.283342,33.50574,-0.9024583,0.2603086,0.01851441,28.33617,9.011398,-9.127186,1008.318
52.948567390,11.89005,-28.00935,2.243157,-0.7416046,0.1306268,0.02806603,28.33617,9.011398,-9.127186,1008.318
52.980844498,46.96714,-28.42027,11.81085,-0.7211749,-0.3026591,0.1019417,28.67432,9.360655,-10.00877,1008.32
53.015604973,34.26255,-13.39235,13.94377,-0.7575697,-0.2519863,0.09167258,27.52843,8.98074,-12.104,1008.32
53.047878265,-62.29242,-28.83118,6.81371,-1.075234,-0.329023,-0.09565502,27.82167,8.579233,-14.65701,1008.32
53.082637787,133.2964,-51.13824,41.24521,-1.040307,-0.08275197,-0.4245186,27.82167,8.579233,-14.65701,1008.321
53.114915371,44.67412,-25.42642,9.677923,-1.202094,-0.02081172,-0.00225922,27.03658,9.288872,-16.7716,1008.317
53.149675846,39.84018,-28.06805,8.946634,-1.087195,-0.1907722,-0.1301342,26.60691,7.43728,-19.29512,1008.321
53.181952953,23.66504,-18.73431,27.35073,-1.130137,-0.02147296,-0.1155427,26.60691,7.43728,-19.29512,1008.321
53.214230060,21.1861,-15.03603,30.154,-1.196314,-0.01942525,-0.02643573,26.18658,7.049385,-21.40137,1008.321
53.248985767,-23.62086,-22.43258,34.7855,-1.146937,-0.01074623,0.06536055,26.87856,6.660793,-22.65272,1008.317
53.281262874,-87.39175,-13.50976,17.05175,-1.183442,-0.3025043,0.1101904,26.87856,6.660793,-22.65272,1008.317
53.316023350,-71.58847,-25.89605,8.398169,-1.221317,-0.719032,-0.1052928,26.46889,7.007565,-24.33248,1008.317
53.348300934,9.287155,-40.74785,13.0906,-1.030693,-0.3838876,-0.1869494,26.47651,8.470457,-23.97747,1008.317
53.383060455,15.48452,-28.71378,13.51719,-0.9385369,-0.08934782,-0.171937,26.47651,8.470457,-23.97747,1008.319
53.415337562,43.74451,-17.50155,9.616982,-0.8854251,-0.08463329,-0.2537259,26.06618,9.181744,-25.66184,1008.321
53.447785377,30.29623,-9.283158,8.215346,-0.9325303,-0.09825958,0.04941427,25.31798,8.449419,-26.51303,1008.322
53.482545376,36.67952,-4.469531,8.215346,-1.098815,-0.1224525,0.04818477,25.31798,8.449419,-26.51303,1008.321
53.514822483,56.0153,-7.40467,8.824753,-1.236203,0.134386,0.1277749,25.66049,7.341419,-27.31391,1008.321
53.549582958,19.63676,-12.2183,7.118413,-1.252937,0.214242,0.001604049,25.27572,6.240592,-28.166,1008.321
53.581860065,-14.44876,-10.1637,-2.632099,-1.006922,-0.1235778,0.06683443,25.27572,6.240592,-28.166,1008.321
53.616620064,-0.194814,-1.299581,-9.335577,-1.066376,-0.4172975,-0.1624071,25.63971,5.568324,-28.16305,1008.322
53.648893356,26.70175,-3.471584,-6.410423,-0.997112,0.07147209,0.2100533,25.63916,5.872087,-28.1669,1008.322
53.681170463,-5.152707,0.8137193,-5.25255,-1.012227,-0.1460093,0.02079164,25.63916,5.872087,-28.1669,1008.324
53.715930939,19.57478,-3.17807,-1.047641,-1.03006,-0.1497288,0.08075532,25.30091,5.583583,-27.28608,1008.324
53.748208046,13.62531,0.5789082,-0.194471,-0.9989319,-0.01113381,0.1114495,25.62773,5.56269,-28.59878,1008.326
53.782968044,-4.223102,4.805508,-0.194471,-0.9901772,-0.04999193,0.06141548,25.62773,5.56269,-28.59878,1008.326
53.815245151,-2.797708,7.564539,-0.01164887,-0.9822965,-0.113389,0.05378645,25.26495,5.566679,-28.59326,1008.327
53.850001812,-3.665339,8.797297,-0.07258957,-1.013758,-0.08233054,0.1062422,25.61624,6.226139,-28.98072,1008.323
53.882278919,-2.611787,11.20411,0.9024618,-1.023456,-0.09078153,0.04820243,25.61624,6.226139,-28.98072,1008.323
53.914556026,-9.92468,13.25871,0.414936,-1.004624,-0.08350637,0.03708412,26.73948,5.865757,-27.74772,1008.325
53.949315548,-6.887969,13.0826,-0.803878,-1.007979,-0.09218582,0.04912797,26.00062,6.59713,-28.18165,1008.325
53.981593132,-6.887969,12.78909,0.04929184,-1.014264,-0.09415424,0.04477938,26.00062,6.59713,-28.18165,1008.327
54.016353607,-12.77547,15.3133,0.04929184,-1.015697,-0.1199868,-0.008542676,26.73882,6.230273,-27.75234,1008.329
54.048626423,-3.913234,13.0826,0.2321139,-1.002762,-0.06376297,0.00673573,26.75014,6.600423,-27.32122,1008.329
54.080904007,-3.231523,13.25871,-0.4382338,-1.000781,-0.08750761,-0.004522639,27.13518,6.606897,-26.51753,1008.329
54.115663528,-5.896391,16.36996,-0.9257594,-1.005587,-0.1098772,-0.03267892,27.13518,6.606897,-26.51753,1008.329
54.147940636,-2.611787,12.55428,-1.474226,-1.017263,-0.07013319,-0.004388328,27.86007,6.963438,-26.53318,1008.326
54.182701111,1.602422,11.96725,-3.119625,-1.024499,-0.09354138,-0.05139938,28.59761,6.961095,-26.10848,1008.328
54.214978218,2.594001,6.977511,-3.54621,-1.020156,-0.08379139,-0.03394952,28.59761,6.961095,-26.10848,1008.328
54.249734402,2.841895,4.335886,-4.704083,-1.018755,-0.05760597,-0.01930048,27.88404,6.974707,-25.66173,1008.328
54.282011509,-3.789286,3.748858,-5.435372,-1.013859,-0.08519409,-0.02478572,28.23483,6.965084,-26.10297,1008.33
54.314288616,-1.186393,1.283342,-5.801016,-1.007537,-0.1011523,-0.02682384,28.23483,6.965084,-26.10297,1008.33
54.349049091,-1.930076,0.5789082,-5.922897,-1.007026,-0.1191202,-0.04578122,28.24615,7.335234,-25.67186,1008.331
54.381326198,4.45321,-4.528234,-3.180565,-1.009982,-0.1017644,-0.06259651,28.97105,7.691772,-25.6875,1008.331
54.416086197,9.101234,-5.819695,-1.83987,-1.011402,-0.09479859,-0.005024643,28.97105,7.691772,-25.6875,1008.331
54.448359489,7.180051,-3.999909,-0.6210559,-0.99768,-0.193691,-0.06749666,28.60695,8.424792,-25.69122,1008.331
54.483119964,18.39728,-7.228561,2.730683,-0.9968389,-0.136547,-0.05605447,28.22152,7.68848,-26.54793,1008.331
54.515397072,14.92676,-8.461319,2.974446,-1.006017,-0.1272508,-0.01827361,28.22152,7.68848,-26.54793,1008.331
54.547674179,13.56334,-10.39851,6.021481,-0.9933359,-0.1844266,-0.050533,28.23351,7.694116,-26.1122,1008.331
54.582434177,20.19452,-11.57257,9.373219,-0.9909577,-0.1508648,-0.002003423,28.21125,7.683651,-26.92141,1008.331
54.614711285,20.9382,-16.26879,11.74991,-1.043796,-0.1149108,-0.057764,28.21125,7.683651,-26.92141,1008.333
54.649467468,29.98636,-24.60458,7.605939,-1.037091,-0.06726991,0.0005050738,27.48955,5.565286,-26.88345,1008.333
54.681745052,46.65728,-28.36156,-1.413285,-1.043621,0.03138931,-0.01197273,27.11479,5.56364,-27.31366,1008.333
54.716504574,-11.53599,-19.14523,-5.069727,-0.9259147,0.02817579,0.2256071,27.11479,5.56364,-27.31366,1008.333
54.748781681,-4.904812,-9.400564,-0.8648187,-1.064848,-0.1971199,-0.02289504,25.99249,4.465154,-28.59045,1008.333
54.781058788,11.27031,-17.20803,-6.837008,-1.042287,-0.09756295,0.06222418,25.99447,3.371607,-28.5766,1008.333
54.815819263,10.89847,-6.700236,-4.033736,-0.9493133,-0.1265551,0.1392091,25.99447,3.371607,-28.5766,1008.335
54.848092556,-4.656918,1.987775,-5.374431,-0.9950695,-0.01114732,0.1041895,25.25666,4.468302,-28.9529,1008.335
54.882852554,-20.4602,3.514047,-7.263593,-1.006922,-0.1230873,0.06877097,25.99381,3.736122,-28.58121,1008.335
54.915129662,-9.92468,4.570697,-10.85909,-1.036451,-0.1223299,0.03161414,25.99381,3.736122,-28.58121,1008.333
54.949889660,10.09281,-2.062717,-28.28814,-1.094784,-0.01528644,-0.03339916,24.89388,4.47229,-28.94738,1008.333
54.982167244,-5.462575,-10.04629,-51.07996,-1.154293,-0.01510032,-0.07097808,25.61878,4.828829,-28.96303,1008.335
55.014444351,9.101234,-31.53151,-70.21535,-1.322728,0.0272409,-0.1433735,25.61878,4.828829,-28.96303,1008.335
55.049200535,-72.4561,-50.60992,-80.39244,-1.362332,0.07912012,0.06246824,24.89322,4.836806,-28.952,1008.335
55.081477642,-53.43019,-65.87263,-88.49756,-1.621414,-0.06634682,-0.2326981,23.4874,6.608287,-29.38889,1008.335
55.116237164,-60.49518,-118.529,-87.58344,-1.09935,-0.09872342,0.05363867,22.38113,9.89526,-29.84961,1008.335
55.148515224,-28.26888,-106.4949,-52.17689,-0.2806233,-0.1009208,0.1408144,22.38113,9.89526,-29.84961,1008.333
55.183275223,-19.5306,-44.32872,14.91882,0.7858406,0.221175,0.1804727,19.11084,12.84728,-29.8369,1008.333
55.215552330,-346.1938,-0.4777418,-22.92536,-0.7718161,-0.6553813,1.59097,16.18069,15.05502,-30.69193,1008.329
55.247825146,40.27399,-50.55121,-3.789973,-0.7306131,-0.8802603,-0.6878769,16.18069,15.05502,-30.69193,1008.329
55.282585144,-142.4244,-52.4884,-27.55685,-1.036005,0.3803115,0.8432642,16.25505,19.40709,-27.75871,1008.329
55.314862251,-172.2957,-13.15754,-40.90286,-1.266002,-1.545202,-0.9588123,14.43719,21.61413,-27.75883,1008.331
55.349622726,42.31912,-55.36484,-62.17117,-1.324536,-0.2477579,0.3912002,14.43719,21.61413,-27.75883,1008.327
55.381899834,-68.42782,-83.42476,-78.0767,-1.064506,-0.798135,-0.1611925,12.31949,27.86783,-25.25209,1008.329
55.414177418,-10.54442,-91.87796,-76.55318,-0.9438506,-0.66583,-0.06304565,10.20329,27.89109,-25.21991,1008.329
55.448933124,-65.08124,-93.05202,-83.01289,-0.7765914,-0.771054,0.161278,10.20329,27.89109,-25.21991,1008.329
55.481210232,-14.5727,-110.839,-85.20676,-0.5686957,-0.7265997,0.2514858,6.934327,30.11409,-25.19797,1008.329
55.515970707,3.337685,-91.81926,-81.24561,-0.5827541,-0.7165248,0.2375536,2.591005,31.26113,-24.7099,1008.329
55.548247814,-21.38981,-76.20432,-83.25665,-0.3690462,-0.6285223,0.4643261,2.591005,31.26113,-24.7099,1008.33
55.583007812,-26.78152,-59.76755,-90.99612,-0.104892,-0.6882782,0.4576158,-2.489856,32.41051,-24.64653,1008.33
55.615284920,-71.15466,-9.224456,-86.66933,-0.2892422,-0.9458036,0.1616512,-5.648156,32.46748,-22.91715,1008.332
55.647558212,-45.12571,13.78703,-95.62762,-0.1113696,-1.122445,0.1510782,-5.648156,32.46748,-22.91715,1008.332
55.682318687,33.08504,36.68112,-91.91023,0.4254758,-0.4956363,-0.2651728,-9.593134,32.8976,-21.18044,1008.332
55.714595795,44.36425,130.2534,-51.62843,1.452393,-0.3642933,-0.646622,-12.85934,33.60178,-21.13926,1008.334
55.749355793,-261.2279,295.8539,-140.6628,-1.821672,-2.067351,-0.2015849,-12.85934,33.60178,-21.13926,1008.334
55.781632900,-18.60099,197.1745,-160.5295,-1.746461,-2.349342,1.061325,-12.51932,32.91824,-22.00777,1008.332
55.816393375,133.1105,55.3486,-12.13885,-0.0354495,-0.0405353,0.3311041,-10.28273,32.92249,-19.86223,1008.332
55.848666191,-236.3145,70.96355,18.39244,-0.3337317,-0.7446595,0.149838,-10.28273,32.92249,-19.86223,1008.334
55.880943775,-86.27623,95.97093,-9.57934,-0.7988735,-1.506097,-0.2383062,-11.06821,32.90229,-22.02983,1008.334
55.915703297,13.62531,33.45247,-111.5331,-1.080419,-1.658311,0.3512303,-7.686954,33.95473,-17.79753,1008.334
55.948031902,-80.14084,42.49269,-134.0203,-2.563118,-1.268364,0.7211558,-7.686954,33.95473,-17.79753,1008.334
55.982791901,118.8566,-123.6949,-134.6297,-0.9642751,-1.060582,0.4210932,-8.393557,35.79575,-17.00037,1008.33
56.015069008,3.399658,-94.46088,-148.0366,-0.7162095,-1.06522,0.4132806,-11.65722,35.10261,-16.9415,1008.33
56.049824715,-1.124419,-133.9678,-128.7184,-0.5994605,-0.4479746,0.1008531,-18.1241,33.71568,-16.82467,1008.33
56.082101822,-80.6986,-130.0935,-130.4857,-0.262316,-0.538901,-0.02656802,-18.1241,33.71568,-16.82467,1008.328
56.114379883,-118.5645,-158.2708,-112.5691,-0.07552063,-0.1200415,0.1799056,-24.89856,32.8134,-12.47403,1008.328
56.149139404,-241.1484,-124.9863,-79.29551,-0.1876563,-0.1094642,-0.317251,-31.5296,31.52383,-5.131072,1008.328
56.181416988,-320.1648,-103.5598,-72.28733,-0.2803593,-0.296808,-0.6869802,-31.5296,31.52383,-5.131072,1008.328
56.216176510,-272.5691,-78.31762,-87.2178,0.1955129,-0.9064168,-1.193281,-35.21483,29.52227,5.912711,1008.326
56.248449802,-36.75927,-24.9568,-98.24807,0.606417,-0.9721552,-1.518928,-36.7197,26.40405,16.9995,1008.325
56.283210277,265.6722,-54.13208,-59.73354,0.6268376,-0.1572106,-1.387678,-36.7197,26.40405,16.9995,1008.325
56.315487385,342.2097,-67.92722,-7.507356,1.020627,0.5105901,-1.010064,-37.37844,21.70069,19.18692,1008.325
56.347764492,208.3466,-55.30614,72.02026,1.008909,0.9517967,-0.4670457,-37.46327,23.12011,16.18062,1008.325
56.382524490,0.05308066,-13.74457,135.0329,0.8799089,0.7408118,-0.356293,-37.46327,23.12011,16.18062,1008.325
56.414801597,-164.3011,26.64294,157.4591,0.6926047,0.09172951,-0.6684972,-35.00158,28.16322,13.58752,1008.323
56.449558258,-181.7776,42.96231,153.1933,0.1999666,-0.220032,-0.8572658,-31.67367,32.16999,16.03922,1008.323
56.481835365,-119.3082,6.096969,161.1765,0.02883233,-0.3092428,-0.4764546,-31.67367,32.16999,16.03922,1008.315
56.516595364,-216.235,177.8613,120.1025,-1.85214,-2.424582,-0.06141945,-27.97153,34.32232,21.00004,1008.315
56.548872471,-236.9962,68.61543,-56.0771,-1.020483,-4.435996,-3.549123,-23.49178,35.42838,25.5885,1008.315
56.581149578,-490.7163,56.28785,-11.34662,0.1906499,0.1444421,0.03193662,-23.49178,35.42838,25.5885,1008.319
56.615910053,-60.74308,-11.22035,-22.92536,0.01404906,-1.064795,-1.222797,-24.06109,33.38165,31.16642,1008.317
56.648183346,-61.30084,-33.41,2.974446,-0.1019835,1.264454,-0.3715039,-24.9689,23.62816,37.22103,1008.321
56.682942867,16.29018,14.37406,-4.947846,-0.02689942,-0.6358578,-1.563028,-24.9689,23.62816,37.22103,1008.321
56.715219974,108.0732,-6.465425,-2.997743,0.04719537,-0.4504641,-0.895955,-25.6652,20.73128,38.14044,1008.321
56.749979973,53.6603,-15.91657,8.398169,-0.00420437,-0.4863439,-0.5871309,-25.67718,20.72564,37.70471,1008.321
56.782258034,-9.676785,-9.635375,-4.582202,-0.1246368,-0.5777029,-0.8837388,-25.67718,20.72564,37.70471,1008.321
56.814535141,-0.07086667,-6.700236,-17.98916,-0.01882704,-0.5381773,-0.8764905,-25.00486,23.61125,35.91385,1008.324
56.849290848,15.17465,2.339991,-14.4546,-0.1075849,-0.4159113,-0.8504651,-25.71777,23.26035,36.36522,1008.322
56.881567955,25.77215,3.279236,-6.410423,-0.08168737,-0.549594,-0.9078435,-25.71777,23.26035,36.36522,1008.322
56.916327953,56.57306,-1.006067,-14.57648,-0.08923965,-0.6622233,-1.007573,-25.36698,23.25073,35.92398,1008.324
56.948605061,56.32517,-4.469531,-14.08895,-0.001685302,-0.6046638,-0.8039061,-25.75267,23.60877,35.11567,1008.324
56.980882168,63.45214,-7.874291,-10.31063,0.01043949,-0.6118096,-0.7807679,-25.75267,23.60877,35.11567,1008.326
57.015642643,65.93108,-9.165752,-9.030873,0.007639558,-0.6285015,-0.7059238,-26.15405,25.05391,33.79554,1008.326
57.047915936,22.23965,-0.419039,-5.922897,-0.04018859,-0.668043,-0.7669588,-25.82883,26.85641,32.52201,1008.326
57.082675457,25.27636,-4.176017,-6.897949,-0.01020397,-0.6581639,-0.7331266,-26.21756,27.94267,31.64223,1008.327
57.114953041,29.36662,-6.113209,-3.119625,-0.03527711,-0.7126716,-0.8029976,-26.21756,27.94267,31.64223,1008.329
57.149713516,20.31847,-5.760992,0.2930546,-0.04584344,-0.7251106,-0.7518011,-26.24114,28.66124,30.82379,1008.327
57.181990623,-2.301919,-2.297528,2.060335,-0.03377254,-0.6968068,-0.6922032,-25.87968,29.38628,30.80904,1008.329
57.214267731,-12.34165,-1.593095,1.63375,-0.03524701,-0.6934889,-0.7115187,-25.87968,29.38628,30.80904,1008.329
57.249023437,-15.68823,-2.356231,2.182217,-0.02849102,-0.7052542,-0.7618777,-25.87968,29.38628,30.80904,1008.329
57.281300545,-6.702049,-2.473636,2.365039,-0.03045825,-0.6848724,-0.743387,-25.4936,29.75808,31.67036,1008.329
57.316061020,-6.268233,-2.004014,2.121276,-0.03239659,-0.6873386,-0.7554828,-25.4936,29.75808,31.67036,1008.325
57.348338604,-3.85126,-1.827906,2.243157,-0.0382085,-0.6766432,-0.7360719,-25.85505,29.03304,31.68511,1008.325
57.383098125,-3.603365,-1.651797,1.694691,-0.03917932,-0.6786162,-0.7462332,-25.50426,29.02341,31.24387,1008.325
57.415375233,-6.206259,-1.534392,1.572809,-0.03917214,-0.6824958,-0.7486725,-25.50426,29.02341,31.24387,1008.325
57.447648525,-4.34705,-0.7125529,0.4758768,-0.04111845,-0.6810855,-0.7592959,-25.482,29.03388,32.05307,1008.325
57.482409000,0.3009753,0.3440971,-0.4382338,-0.04644613,-0.6762499,-0.7558729,-25.48134,28.66936,32.05769,1008.323
57.514686108,0.9826856,0.4027999,-0.803878,-0.04110589,-0.6820108,-0.7467318,-25.48134,28.66936,32.05769,1008.323
57.549446106,2.470053,0.7550166,-0.9867001,-0.03967239,-0.6791457,-0.759288,-25.13055,28.65974,31.61645,1008.325
57.581723213,3.275711,0.637611,-1.108582,-0.03820871,-0.6790875,-0.7433374,-25.50294,28.29438,31.25311,1008.325
57.616483211,3.027817,0.4027999,-1.047641,-0.03820549,-0.6829835,-0.7506111,-25.50294,28.29438,31.25311,1008.323
57.648756027,1.912291,0.4615027,-0.8648187,-0.04013634,-0.6810205,-0.740927,-25.83279,29.0435,32.49432,1008.323
57.681034088,0.9207119,0.4027999,-0.7429373,-0.03915806,-0.6887901,-0.7496752,-25.48134,28.66936,32.05769,1008.325
57.715794086,1.974264,0.2266915,-0.7429373,-0.03288257,-0.6834407,-0.7472411,-25.48134,28.66936,32.05769,1008.321
57.748071194,0.4868963,-0.1255251,0.04929184,-0.03045028,-0.6887488,-0.7448593,-25.49095,28.30002,31.68883,1008.321
57.782830715,-1.248366,-0.3016334,0.1711733,-0.03819656,-0.6849011,-0.7453042,-25.49162,28.66453,31.68422,1008.319
57.815108299,-0.8765242,-0.06682235,0.414936,-0.03868204,-0.6844219,-0.7462673,-25.49162,28.66453,31.68422,1008.319
57.849864483,0.05308066,0.2266915,0.1102325,-0.03674931,-0.6829564,-0.7438459,-25.86704,29.0274,31.24939,1008.323
57.882141590,-0.07086667,-0.008119571,0.2321139,-0.03819775,-0.684906,-0.7467546,-25.5036,28.6589,31.24849,1008.319
57.914418697,-0.8765242,-0.1255251,0.2321139,-0.03287601,-0.6853682,-0.7448349,-25.5036,28.6589,31.24849,1008.319
57.949178696,-0.6286296,-0.06682235,-0.01164887,-0.03384552,-0.6858698,-0.7491866,-25.12884,28.66054,31.6787,1008.319
57.981455803,-0.008893002,-0.3016334,0.1102325,-0.03869013,-0.6820121,-0.7491542,-25.50492,29.38793,31.23925,1008.325
58.016216278,0.6728173,-0.06682235,-0.1335303,-0.04159686,-0.6810656,-0.7530102,-25.12884,28.66054,31.6787,1008.325
58.048489571,1.106633,0.4615027,-0.4382338,-0.03772001,-0.6834627,-0.749648,-25.12884,28.66054,31.6787,1008.325
58.083249569,1.354528,0.05058321,-0.6210559,-0.03869401,-0.6810508,-0.7510825,-25.49465,29.39276,31.61273,1008.327
58.115526676,1.850317,0.4615027,-0.9257594,-0.03433941,-0.6820046,-0.7506139,-24.76738,29.38558,31.66395,1008.327
58.147803783,3.647553,0.7550166,-1.108582,-0.04061314,-0.685392,-0.7453018,-24.76738,29.38558,31.66395,1008.327
58.182564258,5.444789,1.107233,-1.596107,-0.03433444,-0.6839386,-0.7501414,-25.14082,28.65491,31.24297,1008.329
58.214841366,8.233603,1.283342,-1.474226,-0.03431974,-0.6877871,-0.7433953,-25.86704,29.0274,31.24939,1008.329
58.249597072,7.613867,1.283342,-1.474226,-0.03719952,-0.6906384,-0.725518,-25.86704,29.0274,31.24939,1008.329
58.281874657,1.540449,0.9898276,-1.291404,-0.0338027,-0.693511,-0.7192569,-25.87968,29.38628,30.80904,1008.329
58.314151764,-1.806129,0.8724221,-1.778929,-0.02655699,-0.7023172,-0.7536467,-25.87902,29.02177,30.81366,1008.33
58.348911285,-3.665339,1.165936,-3.119625,-0.03236243,-0.7038119,-0.7613778,-25.87902,29.02177,30.81366,1008.33
58.381188869,21.74386,-2.76715,-9.518399,-0.1033044,-0.8270714,-0.9456325,-25.51757,29.74681,30.79891,1008.33
58.415949344,27.56939,-3.060664,-5.679134,-0.006874186,-0.8933852,-0.8891715,-25.87968,29.38628,30.80904,1008.326
58.448222160,86.81621,-3.941206,-1.474226,0.05053003,-0.7750446,-0.7170017,-25.87968,29.38628,30.80904,1008.326
58.482982159,64.19582,-26.60048,0.7196397,0.1142554,-0.7454784,-0.7570963,-25.91564,29.36938,29.50186,1008.326
58.515259266,-44.19611,-30.94448,-7.202652,0.3802719,-0.6941101,-0.5320951,-25.96584,31.53474,27.79351,1008.326
58.547536373,-66.07281,-0.3603362,12.29837,-0.02106005,-0.7939235,-0.801073,-25.96584,31.53474,27.79351,1008.326
58.582296848,-86.40018,-22.54999,22.71923,0.06460913,-0.8148422,-0.763185,-25.22896,31.89692,28.21358,1008.326
58.614573955,-65.70097,-6.876345,28.75236,-0.01074244,-1.070736,-0.8123381,-24.80466,30.09771,30.34754,1008.326
58.649330139,42.1332,-28.88989,39.53887,-0.09239643,-0.8459582,-0.6731039,-24.80466,30.09771,30.34754,1008.326
58.681607246,37.17531,-23.43053,36.85748,-0.07654484,-0.53658,-0.4987913,-24.04288,29.01229,31.59529,1008.326
58.716367721,-8.871127,-10.75073,29.42271,-0.1769532,-0.3954771,-0.4736008,-23.32892,29.72851,31.20155,1008.326
58.748644829,-67.49821,12.49557,17.41739,-0.1997751,-0.3910502,-0.5760154,-23.32892,29.72851,31.20155,1008.328
58.780921936,-84.16913,24.23613,7.362176,-0.2814775,-0.6731291,-0.7785536,-21.85754,30.81657,31.97484,1008.328
58.815681934,-25.72796,13.31741,3.827616,-0.2659607,-0.6851224,-0.7607681,-21.46881,29.7303,32.85463,1008.328
58.847955227,8.047682,13.84574,0.04929184,-0.2095788,-0.8357341,-0.8415133,-21.46881,29.7303,32.85463,1008.328
58.882714748,36.36965,-0.947364,-18.3548,-0.04385861,-0.784513,-0.8609167,-22.88303,28.3043,34.14009,1008.328
58.914992809,24.40873,22.53375,-38.83088,-0.1518753,-0.6345928,-0.6548535,-22.90396,27.5648,33.34011,1008.328
58.949752331,-12.09376,7.38843,-53.15194,0.06836875,-0.7414926,-0.6844589,-24.01693,27.93001,32.48059,1008.326
58.982029915,-42.89466,26.99516,-43.76707,-0.06167139,-0.8335949,-0.9066007,-24.01693,27.93001,32.48059,1008.326
59.014307022,-38.92835,-8.343914,-27.55685,-0.0005105962,-0.7005575,-0.8276591,-25.1046,27.57746,32.50175,1008.326
59.049062729,-11.2881,-4.293423,-25.36298,0.002442693,-0.7301425,-0.8495883,-26.88027,25.42641,33.80196,1008.322
59.081339836,-17.05165,1.45945,-20.48773,0.06234413,-0.6852548,-0.791933,-26.88027,25.42641,33.80196,1008.32
59.116100311,-25.97586,12.20206,-19.02515,-0.05155762,-0.5806507,-0.8157482,-27.61411,24.33601,33.45336,1008.319
59.148377419,-31.73941,16.66347,-25.97239,-0.06468198,-0.5511634,-0.8141019,-27.60185,23.24729,33.84068,1008.319
59.183137417,-20.77007,10.20616,-27.67873,-0.01811579,-0.5748603,-0.7060467,-27.60185,23.24729,33.84068,1008.317
59.215414524,-21.6377,21.24228,-24.32699,-0.05135858,-0.7029709,-0.9257011,-28.9772,21.44564,34.32064,1008.317
59.247687816,32.7132,19.71601,-22.62065,-0.09603757,-0.6046968,-0.8767022,-29.36036,20.40636,33.53002,1008.314
59.282448292,65.55924,1.224639,-19.75644,-0.05733378,-0.333827,-0.6610821,-29.36036,20.40636,33.53002,1008.312
59.314725399,10.65058,-5.467478,-19.93926,-0.0775171,-0.3490022,-0.5523512,-31.18557,20.05616,33.12649,1008.314
59.349485397,-16.61783,-14.03808,-11.95603,-0.04282527,-0.3503915,-0.7061675,-31.54901,20.42466,33.12739,1008.314
59.381762504,-22.31941,-20.90631,-14.88118,-0.06059115,-0.3919491,-0.6734917,-31.54901,20.42466,33.12739,1008.315
59.416522980,-11.53599,-30.24005,-14.33272,-0.09255936,-0.3878668,-0.7270612,-31.54835,20.06015,33.132,1008.317
59.448796272,4.26729,-35.05368,-8.482407,-0.05539395,-0.369471,-0.7565265,-31.16133,18.97308,33.94954,1008.317
59.481073379,26.39189,-42.45023,-0.803878,-0.113161,-0.2933582,-0.8101143,-31.16133,18.97308,33.94954,1008.319
59.515832901,22.3636,-44.21131,1.085284,-0.1353488,-0.2985681,-0.7578847,-30.02374,18.25461,35.68513,1008.319
59.548110008,10.34071,-46.50072,-2.936803,-0.08765244,-0.4256731,-0.7490415,-28.56302,18.60801,36.03194,1008.319
59.582870006,11.58018,-42.21542,1.207165,-0.1925399,-0.4624496,-0.8026862,-28.56302,18.60801,36.03194,1008.32
59.615147114,31.5357,-55.18873,3.949497,-0.2387286,-0.5490941,-0.7702056,-27.15038,19.69753,36.8684,1008.32
59.649903774,36.2457,-57.06722,2.304098,-0.08813772,-0.5878729,-0.6310368,-25.65239,19.3388,38.53161,1008.324
59.682180881,61.59293,8.445081,-17.13599,-0.2301227,-0.9012229,-0.7282333,-25.65239,19.3388,38.53161,1008.324
59.714457989,-7.941522,-2.649745,-21.70654,0.0833646,-1.482154,-1.631408,-23.85501,21.80408,38.03677,1008.324
59.749217987,41.94728,-40.45433,-49.25174,-0.4456941,-0.7295021,-0.709872,-24.95427,22.17573,37.67522,1008.327
59.781495094,17.21978,-61.64603,-16.89223,-0.002678333,-0.9003249,-0.5126213,-24.95427,22.17573,37.67522,1008.327
59.816255569,64.44371,-61.52863,-13.35766,0.06043305,-0.4213302,-0.5922183,-25.64294,20.74174,38.94965,1008.327
59.848528862,31.41175,-62.9962,-24.63169,-0.242428,-0.9754553,-1.203366,-24.91937,21.82731,38.92477,1008.327
59.880805969,124.0624,-102.1509,-20.48773,-0.1651488,-0.7620505,-0.6985757,-24.91937,21.82731,38.92477,1008.327
59.915565968,68.53397,-45.62018,-35.29632,-0.1730921,-0.8884695,-0.7258666,-22.35728,22.53969,39.74838,1008.327
59.947843075,97.10384,-46.61813,-43.52331,-0.2173386,-0.7679267,-0.6748081,-19.51791,25.03203,37.55556,1008.327
59.982603550,85.70068,-37.5779,-52.48159,-0.1762682,-0.7469249,-0.652539,-18.8203,27.19987,36.64538,1008.329
60.014880657,83.7795,-29.00729,-47.48446,-0.1454809,-0.6717538,-0.6304232,-18.8203,27.19987,36.64538,1008.329
60.049636364,58.92806,-19.61485,-43.82801,-0.1143199,-0.7665579,-0.6435989,-19.24592,29.72811,34.5022,1008.329
60.081913471,51.67714,-13.39235,-36.14949,-0.1160231,-0.8613856,-0.6359159,-19.29347,30.43541,32.81231,1008.329
60.114190578,41.69938,-13.15754,-34.19938,-0.0980224,-0.8564827,-0.489445,-19.29347,30.43541,32.81231,1008.329
60.148950577,44.36425,-13.80327,-31.76176,-0.08250611,-0.8733645,-0.4861903,-20.41908,31.1595,31.51244,1008.329
60.181228638,29.1807,-9.987592,-30.482,-0.0463376,-0.8291956,-0.4777987,-20.44266,31.87807,30.694,1008.329
60.215988159,37.11333,-9.341861,-12.74826,-0.008794883,-0.7589508,-0.4871489,-20.44266,31.87807,30.694,1008.329
60.248261452,17.6536,12.43687,-12.13885,0.04031764,-0.8363501,-0.3774709,-21.5443,32.61343,30.26559,1008.329
60.283021450,47.33899,4.335886,-12.19979,0.02092702,-0.9709446,-0.2370303,-21.58158,33.32555,28.94918,1008.329
60.315298557,52.29688,0.8724221,-12.62638,0.1350497,-0.9749918,-0.242617,-21.58158,33.32555,28.94918,1008.327
60.347575664,55.02372,1.107233,-13.4186,0.1833041,-0.9307996,-0.2376354,-21.99125,33.67233,27.26941,1008.329
60.382336140,62.95635,10.85189,-17.80634,0.1257664,-0.9329014,-0.2380068,-23.50244,34.69371,25.16201,1008.329
60.414613247,81.79634,7.271025,-12.68732,0.03335399,-0.917268,-0.25899,-23.50244,34.69371,25.16201,1008.329
60.449368954,70.70306,6.566591,-14.7593,-0.005858771,-0.8770092,-0.1982467,-23.90211,36.13966,23.90413,1008.331
60.481646538,41.07965,-1.299581,-11.89509,-0.0761966,-0.9308655,-0.03741629,-24.69853,36.47915,21.35843,1008.329
60.516407013,41.63741,-13.92068,8.824753,0.04649958,-0.8372053,0.07936054,-24.69853,36.47915,21.35843,1008.331
60.548684120,35.19215,-8.696131,13.82189,0.1422761,-0.8861442,-0.02022907,-25.47097,36.82991,19.68419,1008.327
60.580961227,14.61689,-1.123472,9.556042,0.1322257,-0.9453599,-0.0640536,-25.48428,37.55331,19.23923,1008.327
60.615720749,-24.73639,6.918808,19.24561,0.02350891,-1.006419,-0.1400663,-25.48428,37.55331,19.23923,1008.327
60.647994041,6.188473,13.49352,26.43662,0.00458783,-0.9920732,-0.1747516,-24.78468,38.62761,18.34289,1008.327
60.682754040,3.275711,39.20533,20.03784,-0.06678374,-1.236742,-0.05657957,-24.7727,38.63325,18.77862,1008.327
60.715031624,83.96542,27.9344,26.43662,-0.1458852,-1.365638,-0.1833195,-24.7727,38.63325,18.77862,1008.327
60.749791622,183.867,1.400747,16.92987,-0.109835,-0.8724303,0.384547,-24.08204,38.97368,17.51804,1008.327
60.782068729,112.9071,7.505836,-4.094676,0.02119735,-0.7636063,0.6850988,-24.22311,39.2722,12.40919,1008.328
60.814345837,44.30228,21.94672,-5.25255,0.05362607,-0.8567205,0.4553495,-24.22311,39.2722,12.40919,1008.33
60.849102020,-10.97823,13.25871,4.863607,-0.06893519,-0.8071774,0.3273007,-24.34417,41.76907,8.144109,1008.33
60.881379127,-38.18467,-3.8238,4.619844,-0.02142636,-1.059623,0.3349482,-24.73025,41.39727,7.282787,1008.33
60.916139603,-71.71242,8.092864,26.92414,0.1100647,-1.158585,0.009231349,-24.73025,41.39727,7.282787,1008.33
60.948416710,10.77452,3.690155,31.55564,-0.1126711,-1.057374,-0.06706332,-24.68297,41.78432,9.021079,1008.334
60.983176708,64.19582,-0.06682235,24.85216,-0.001087766,-0.9451403,0.113657,-23.92251,41.42793,10.2596,1008.336
61.015453815,23.2932,17.83752,41.42803,0.009910153,-0.8332267,0.2849235,-23.60861,42.86028,8.554957,1008.336
61.047726631,15.98031,26.64294,34.35891,-0.3113092,-1.007687,0.1976048,-23.60861,42.86028,8.554957,1008.334
61.082487583,-3.479418,13.49352,5.229252,-0.1692338,-1.136114,0.3077593,-22.56783,43.55561,6.848519,1008.334
61.114764690,-21.94757,17.83752,-4.825965,-0.2361996,-0.875405,0.1846588,-21.49215,43.90252,6.391629,1008.334
61.149524212,-24.17862,27.17127,-6.10572,-0.1292071,-0.7289894,0.1741416,-21.49215,43.90252,6.391629,1008.334
61.181801319,-54.29782,30.16511,-16.28282,-0.08985129,-1.021739,0.1477369,-20.73301,44.27516,7.620916,1008.336
61.216561317,-29.44638,10.85189,-5.435372,-0.1235316,-1.147217,-0.008571232,-21.79737,44.29839,8.508917,1008.334
61.248834610,22.05373,6.507889,6.204303,-0.1715204,-1.115101,-0.05856282,-21.79737,44.29839,8.508917,1008.336
61.281112194,51.42925,-1.534392,21.56136,-0.08081219,-0.9944728,0.04635032,-21.78407,43.575,8.953876,1008.336
61.315872192,56.9449,-1.240878,32.40881,-0.06823363,-0.952385,0.1746738,-21.44526,43.55974,8.076905,1008.334
61.348149299,44.11636,4.6294,27.53355,-0.2156383,-0.8728353,0.497414,-21.44526,43.55974,8.076905,1008.336
61.382909298,-10.60639,11.20411,19.24561,-0.2403161,-1.048897,-0.02806492,-21.14136,43.8929,5.950387,1008.337
61.415186405,-5.524549,6.096969,18.69715,-0.2654016,-0.9612535,0.2949411,-20.07964,45.32772,5.043923,1008.339
61.447459698,-3.417444,-1.827906,17.29551,-0.2749432,-1.11321,0.01563695,-20.07964,45.32772,5.043923,1008.339
61.482220173,1.602422,-3.236773,12.54214,-0.2775126,-1.015623,0.1119182,-19.34144,44.96087,5.473235,1008.339
61.514497280,25.52425,-11.45516,10.8358,-0.266028,-0.9124911,0.2618624,-18.24245,45.68357,5.883183,1008.339
61.549257278,23.5411,-12.277,6.387125,-0.2619361,-1.076236,0.06271271,-18.24245,45.68357,5.883183,1008.339
61.581534386,29.49057,-13.39235,9.799805,-0.1721409,-0.9607616,0.2183596,-18.64317,46.7642,4.567671,1008.337
61.616294861,27.81728,-15.09473,16.80799,-0.1924264,-0.9729391,0.2120494,-18.30133,46.02072,3.76218,1008.337
61.648567676,26.14399,-16.62101,38.86852,-0.1836498,-0.9867844,0.2602956,-18.30133,46.02072,3.76218,1008.337
61.680845261,6.250447,-12.98143,78.17527,-0.2770502,-1.021573,0.06934079,-17.58776,46.00711,3.315423,1008.337
61.715604782,-74.68716,-23.66534,89.63213,-0.4027469,-1.028181,0.08214352,-15.85897,46.34108,2.412695,1008.337
61.747881889,-182.6453,-3.941206,128.4514,-0.0008481863,-1.408289,0.2459024,-15.85897,46.34108,2.412695,1008.337
61.782641888,-70.72084,-30.41616,169.5254,-0.2967488,-1.837577,-0.9470937,-12.52576,47.43172,4.901322,1008.337
61.814919949,298.5182,-14.56641,231.9896,-0.1744705,0.04646175,-0.2980222,-8.348586,47.47559,11.62554,1008.337
61.849675655,48.51649,78.5362,243.2636,-0.4433112,0.244137,0.2847745,-8.348586,47.47559,11.62554,1008.336
61.881952763,30.91596,89.45492,257.0972,-0.5449309,-0.4736421,0.4776718,-1.026128,48.68034,3.02739,1008.334
61.914229870,-2.115998,39.20533,133.4485,-0.8389844,0.1824442,1.122109,7.248864,47.82657,0.3576517,1008.334
61.948989868,-225.2212,-24.60458,126.806,-0.6900741,-0.2627926,0.9877611,7.248864,47.82657,0.3576517,1008.334
61.981266975,-372.4086,-35.81681,124.0027,-0.8777443,0.3221714,0.2600488,17.38531,45.97063,1.533628,1008.334
62.016027451,-135.3594,-47.02905,126.3184,-1.576857,-0.5901266,0.1065023,22.31691,42.37183,9.10218,1008.334
62.048300743,-1.682182,-65.75523,78.60186,-1.499221,-0.3494402,-0.04989752,27.87068,36.9214,15.00304,1008.334
62.083060265,24.40873,-58.7109,35.45584,-0.9626634,-0.2201231,0.1000308,27.87068,36.9214,15.00304,1008.334
62.115337372,40.64583,-50.66862,20.52537,-0.8224385,-0.1483904,0.3002801,31.10738,33.58876,13.75001,1008.334
62.147614956,43.55859,-47.26385,4.497963,-1.064493,-0.267481,0.2058541,32.83974,33.16566,10.73921,1008.334
62.182375431,79.13147,-49.67067,-20.36584,-1.118632,-0.2700063,0.2204596,32.83974,33.16566,10.73921,1008.336
62.214652538,120.0341,-60.35457,-41.32944,-0.9871393,-0.22236,0.3176183,33.14485,32.83055,8.621151,1008.336
62.249408245,128.2766,-62.82009,-46.57035,-0.9304639,-0.2701596,0.3017543,33.35442,34.15303,3.120233,1008.337
62.281685352,174.7568,-67.4576,-42.91391,-0.8742308,-0.2801625,0.4441907,33.35442,34.15303,3.120233,1008.337
62.316445350,101.318,-50.49251,-33.46809,-0.6359429,0.1969516,0.5184222,31.72537,35.90946,-3.229946,1008.337
62.348722935,3.151764,-36.11033,-16.28282,-0.9915687,-0.1655186,0.3870827,29.74684,36.94648,-9.129652,1008.337
62.381000519,-33.78453,-23.13701,-14.4546,-0.8269495,-0.2125414,0.509254,29.74684,36.94648,-9.129652,1008.337
62.415760040,28.18912,-30.76838,-18.53762,-0.7437795,-0.1937342,0.5623599,28.63625,36.94798,-9.922312,1008.337
62.448033333,-0.8145506,-25.0155,-28.34908,-0.6574451,-0.2852445,0.6177325,27.89739,37.67936,-10.35624,1008.336
62.482793331,11.64215,-5.232667,-31.94458,-0.6864716,-0.2936918,0.5771381,27.89739,37.67936,-10.35624,1008.336
62.515070438,9.906892,16.36996,-21.46278,-0.8991479,-0.5641396,0.4904901,27.14588,38.76961,-11.23051,1008.336
62.549830913,53.6603,18.36585,-23.47382,-0.7541279,-0.1828385,0.3589165,25.32238,38.42021,-11.5718,1008.336
62.582108021,-25.29415,37.85517,-11.1638,-0.7634048,-0.2520907,0.6374869,25.32238,38.42021,-11.5718,1008.337
62.614385128,-22.75323,35.38966,9.921686,-0.6511518,-0.3032777,0.5745903,24.20942,38.78542,-12.43132,1008.336
62.649140835,-48.59624,47.30632,28.2039,-0.6062369,-0.5545053,0.372438,24.24168,39.89507,-11.20023,1008.336
62.681417942,44.05438,38.79441,33.68856,-0.8081173,-0.1759455,0.5824207,24.24168,39.89507,-11.20023,1008.336
62.716178417,32.27939,39.73366,35.33396,-0.7630214,-0.2681417,0.470125,25.37861,39.54113,-9.469257,1008.334
62.748456001,28.18912,29.57808,36.12619,-0.9503373,-0.1751246,0.5165009,26.46761,39.16464,-9.481188,1008.334
62.780733108,-1.186393,32.1023,35.33396,-0.8798661,-0.146615,0.4444787,26.46761,39.16464,-9.481188,1008.336
62.815492630,-7.135864,29.10846,38.74664,-0.9446962,-0.1317968,0.4451861,29.02062,37.31897,-9.123237,1008.332
62.847765923,-5.090734,28.63884,38.6857,-1.000036,-0.04537709,0.4322605,30.87179,36.58691,-7.834402,1008.332
62.882525921,-13.33323,24.35353,31.7994,-1.047257,-0.1386463,0.3670511,30.87179,36.58691,-7.834402,1008.332
62.914803505,-0.6906033,31.22176,10.16545,-1.019802,-0.09747457,0.3551401,31.2492,35.13049,-7.385727,1008.333
62.949563503,14.43097,43.37323,9.007575,-1.011034,0.1001911,0.4142577,33.086,34.7565,-6.599482,1008.335
62.981840610,-45.80743,29.51938,1.694691,-0.9754577,-0.2826042,0.2374832,33.086,34.7565,-6.599482,1008.335
63.014117718,-9.180996,32.92414,13.15154,-0.9723793,-0.1416616,0.2706683,33.1113,34.03873,-5.718797,1008.335
63.048873901,-17.54744,31.04565,10.22639,-0.909686,-0.2784678,0.2600865,33.54189,34.43145,-3.23906,1008.335
63.081151009,-15.13047,34.97874,19.36749,-0.9670659,-0.1235887,0.3157194,33.9276,34.07341,-2.430753,1008.335
63.115911484,-19.77849,37.09204,22.29265,-0.9077964,-0.28109,0.1986708,33.9276,34.07341,-2.430753,1008.335
63.148188591,-47.97651,18.95288,24.36463,-0.9769451,-0.04922404,0.277005,34.72401,33.73393,0.1149459,1008.335
63.182948589,39.09649,41.72955,21.3176,-1.032479,-0.1600047,0.0492786,35.85017,32.70607,1.418658,1008.335
63.215225696,85.51476,48.83259,-1.474226,-1.087247,-0.3678357,-0.1147039,35.85017,32.70607,1.418658,1008.335
63.247498512,73.182,40.14458,-17.07505,-1.242774,-0.4384161,-0.1046178,36.9501,31.9699,1.784824,1008.335
63.282258987,124.2483,59.39909,-42.79202,-1.081589,-0.6092863,-0.3974503,36.20162,32.33193,0.9820318,1008.335
63.314536571,207.4169,80.4734,-74.96872,-1.177765,-0.7608422,-0.770836,36.20162,32.33193,0.9820318,1008.333
63.349296093,385.2814,93.56412,-87.76627,-0.9080659,-0.3140169,-0.8075517,35.02924,33.33805,-2.002341,1008.333
63.381573200,509.2906,82.35188,-70.1544,-0.7767722,0.5506951,-0.3639557,33.00355,35.81221,-9.538924,1008.333
63.416333198,478.7376,45.89745,-18.72045,-0.4097324,1.542743,0.7566706,33.00355,35.81221,-9.538924,1008.333
63.448606491,252.2859,115.3428,39.90451,-1.840875,2.863737,0.6478567,32.26817,35.27621,-23.09857,1008.335
63.480884075,-1165.486,-9.224456,34.17609,-1.709567,-0.7000844,-2.81429,33.96007,25.04457,-28.1019,1008.335
63.515644073,27.69333,-11.27905,52.763,0.09808076,-0.7043061,0.2685461,33.96007,25.04457,-28.1019,1008.333
63.547921181,234.2515,-16.79712,67.26688,-1.33643,0.3934706,0.1246296,36.8382,31.01311,-15.51604,1008.333
63.582681179,-52.56255,12.20206,45.99858,-1.13323,0.08474316,-0.04289975,38.88619,29.8633,-18.08648,1008.335
63.614958286,32.83715,-13.86197,38.32006,-1.061475,-0.001248853,-0.0604637,38.88619,29.8633,-18.08648,1008.335
63.649714947,43.18675,-6.465425,37.71065,-0.9104533,0.1488242,-0.02851236,39.59743,25.47066,-18.85133,1008.337
63.681992054,-71.03071,7.740647,30.70247,-0.9851086,0.2553344,0.04863746,40.65377,23.2547,-20.14736,1008.337
63.714269161,-45.8694,-5.056559,27.1679,-1.10762,-0.153684,-0.1642034,40.65377,23.2547,-20.14736,1008.339
63.749028683,68.90582,-32.29465,33.87138,-0.9992922,0.180398,0.2246971,41.74541,21.42015,-20.14083,1008.339
63.781306267,27.19754,-8.930942,28.8133,-0.9875534,0.07152339,0.07418671,42.47162,21.04766,-20.14724,1008.339
63.816066742,24.03689,-16.4449,21.68324,-1.051961,0.3152294,0.07232716,42.47162,21.04766,-20.14724,1008.34
63.848339558,-45.68348,-11.27905,16.86893,-1.027398,0.1150741,-0.0357038,42.42804,19.56787,-21.80944,1008.34
63.883099556,6.436368,-10.2224,15.28447,-0.9339125,0.0539491,-0.01643185,42.41991,17.43589,-22.21824,1008.342
63.915376663,38.47675,-17.20803,15.16259,-0.9930385,0.1529163,0.1065683,42.41991,17.43589,-22.21824,1008.342
63.947939873,27.50741,-8.226508,18.57527,-1.030116,0.05523225,0.0152063,41.68408,17.43904,-22.58069,1008.342
63.982699871,59.73372,-20.61279,16.62516,-0.972877,0.2413016,0.181477,43.10056,16.67715,-23.9007,1008.342
64.014976978,11.58018,-0.5364445,26.74132,-0.921585,0.1824685,0.05582126,43.10056,16.67715,-23.9007,1008.34
64.049733639,0.734791,2.750911,11.38426,-1.158686,0.1991953,-0.09150487,42.70552,15.57149,-25.12627,1008.34
64.082010746,29.73846,-20.55409,10.40921,-0.9488334,0.04246394,0.03429607,42.69685,13.74328,-25.53892,1008.34
64.116770268,39.15846,-5.408775,-14.7593,-1.231051,0.3193564,-0.1293408,42.67487,12.63846,-26.39652,1008.34
64.149047375,46.71925,-29.47692,-28.04437,-1.407324,0.005599646,-0.1747378,42.67487,12.63846,-26.39652,1008.34
64.181324959,-19.15875,-11.27905,-29.50695,-0.9601932,-0.368454,-0.2619466,41.9297,11.17791,-27.17624,1008.34
64.216085434,182.3176,-16.67971,-41.57321,-1.052619,-0.5542073,-0.8767708,41.15686,10.79883,-28.9035,1008.34
64.248358249,339.2969,-13.04014,-32.49305,-0.9132755,0.3865428,-0.4216406,41.15686,10.79883,-28.9035,1008.344
64.283118248,260.3425,-5.9371,-29.68977,-1.110455,0.7777532,-0.338257,40.36216,11.13913,-31.38695,1008.344
64.315395355,258.5452,-12.277,-7.01983,-0.6592135,1.262188,0.5743235,38.15199,3.181928,-32.99598,1008.344
64.347672462,-7.631653,18.95288,0.04929184,-0.9013196,1.210807,0.6112944,38.15199,3.181928,-32.99598,1008.342
64.382432461,-131.0212,14.25666,3.279149,-1.027831,0.33074,0.0593105,36.08565,-4.432734,-31.55969,1008.34
64.414710522,-88.87913,5.920861,2.791624,-0.8140072,0.1265571,0.173714,36.09895,-5.156131,-31.11474,1008.34
64.449486732,-42.15098,3.044425,-6.16666,-1.032114,0.02906252,-0.1372214,36.09895,-5.156131,-31.11474,1008.34
64.481763840,11.89005,-11.27905,-6.16666,-1.030998,0.01062452,-0.009700807,36.10394,-2.235175,-30.77818,1008.34
64.516524315,61.59293,-13.62716,-10.98098,-0.8808038,0.1197345,0.0732639,35.36375,-0.7747698,-31.22134,1008.34
64.548801422,42.31912,-0.6538501,-15.55153,-0.830643,-0.03453558,0.06067609,35.36375,-0.7747698,-31.22134,1008.34
64.581079006,63.63806,-8.285211,-19.63456,-1.103717,0.05948302,-0.09628525,36.07837,-0.4230604,-31.61047,1008.342
64.615838528,26.51583,3.748858,-20.0002,-1.072761,0.09186295,0.007771472,35.35546,-1.873147,-31.58097,1008.342
64.648111820,8.109656,21.88802,-19.63456,-0.9442439,-0.06844481,0.003682358,35.35546,-1.873147,-31.58097,1008.342
64.682872295,18.89307,51.70903,-28.77566,-1.001363,-0.1055086,-0.1752776,34.6199,-2.964352,-31.99182,1008.344
64.715149403,41.57544,49.24351,-28.2272,-1.174565,-0.04725983,-0.1189777,35.00665,-2.957071,-31.12589,1008.344
64.749909401,50.80951,32.63062,-38.03865,-1.320429,0.01507565,0.2636077,35.00665,-2.957071,-31.12589,1008.344
64.782186508,-40.04388,19.59861,-83.25665,-1.279026,-0.2615637,0.42003,36.16413,-3.301355,-28.64795,1008.344
64.814463615,-157.6699,22.24023,-109.0346,-1.347379,-0.5839716,-0.1279416,36.1748,-2.566689,-28.22145,1008.344
64.849219322,-56.52887,-10.69203,-132.6186,-1.103981,-0.632885,-0.05912914,36.1748,-2.566689,-28.22145,1008.344
64.881496906,17.34373,-10.69203,-131.0951,-0.9645258,-0.3366229,-0.1471813,36.56559,1.820415,-26.97518,1008.342
64.916257381,-15.31639,-25.66123,-123.5994,-0.8080224,-0.01291987,-0.005964293,35.09401,6.508687,-27.44808,1008.34
64.948534489,-9.057048,-17.32544,-105.0734,-0.7313193,-0.02175569,-0.2507998,35.09401,6.508687,-27.44808,1008.339
64.983294010,-20.52217,-29.94654,-71.67792,-0.8117844,0.06907038,-0.2273884,32.85318,9.785892,-29.57292,1008.339
65.015571117,-63.77979,-12.45311,-55.10205,-0.8365989,0.1265153,-0.2482796,29.54694,12.72101,-30.86739,1008.339
65.047844410,-157.1121,-2.414934,-33.65092,-0.9435462,-0.0246004,-0.1966969,29.54694,12.72101,-30.86739,1008.337
65.082604885,-106.6656,25.17537,-4.46032,-0.8988317,-0.004516318,-0.4485507,27.01949,12.75457,-30.39305,1008.335
65.114881992,-145.0892,24.70575,7.72782,-0.8981815,-0.04829362,-0.3724177,26.0054,17.17936,-27.44405,1008.333
65.149641991,-126.4352,56.34655,28.32578,-0.8242756,-0.2379555,-0.4244164,26.08307,19.70885,-24.48775,1008.333
65.181919098,-66.69255,75.42496,35.82149,-0.9843655,-0.3900044,-0.3176125,26.08307,19.70885,-24.48775,1008.332
65.216679096,131.1893,51.23941,17.17363,-1.480369,-0.8374497,0.2992304,27.31876,21.5903,-19.04967,1008.332
65.248952865,72.62424,-50.96213,19.30655,-0.9819282,0.0180757,0.2914181,29.9284,21.59538,-16.53617,1008.332
65.281229973,-12.27968,19.18769,7.118413,-0.4536133,-0.5460048,0.1811991,29.9284,21.59538,-16.53617,1008.332
65.315989971,60.29148,30.28251,45.8767,-1.006847,-0.4095786,-0.07692289,29.52392,19.08678,-18.17977,1008.332
65.348267078,-99.16675,-48.2618,15.34541,-0.8593038,-0.1812276,0.06618849,30.25974,19.08363,-17.81732,1008.332
65.383027077,-44.87782,-6.113209,32.95728,-0.5854146,-0.4254075,-0.3921563,30.25974,19.08363,-17.81732,1008.33
65.415304184,32.15544,-5.115262,33.56668,-0.9933987,-0.07282791,-0.3916895,30.98728,17.98211,-17.8145,1008.332
65.450060367,-4.409023,-4.821747,29.17895,-1.17244,-0.1710754,-0.2434466,31.7235,18.7088,-17.39904,1008.33
65.482337952,47.58688,-19.96706,40.75768,-1.313096,-0.2078968,-0.2800941,31.7235,18.7088,-17.39904,1008.332
65.514615059,21.43399,-18.73431,43.86566,-1.350292,0.0120047,-0.1893274,32.43839,17.96615,-17.83657,1008.332
65.549374580,-28.14494,-33.23389,26.25379,-1.314237,-0.30826,-0.1926765,33.14301,17.21868,-18.64757,1008.332
65.581651688,39.90215,-33.3513,32.89633,-1.053862,-0.2191492,-0.2497768,33.14301,17.21868,-18.64757,1008.332
65.616412163,48.45451,-35.93422,36.85748,-0.9340478,0.04703557,-0.2001776,32.75825,16.11785,-19.49966,1008.333
65.648685455,4.639132,-19.20393,30.21494,-0.8625082,-0.147307,-0.2033705,32.70202,14.99694,-21.6022,1008.333
65.680962562,49.32214,-33.82092,27.41167,-0.9881961,-0.1074552,-0.04672235,32.70202,14.99694,-21.6022,1008.333
65.715722561,-21.76165,-26.01345,2.304098,-1.008369,-0.1611933,-0.03634878,33.40862,13.15592,-22.39936,1008.333
65.747999668,-35.39585,-33.11649,-16.95317,-1.071886,-0.2988688,-0.05391505,33.01054,12.77849,-23.69641,1008.333
65.782759666,-31.61546,-22.66739,-35.29632,-1.068168,-0.4675366,-0.1346495,33.01054,12.77849,-23.69641,1008.335
65.815037250,-41.65519,-6.406723,-31.94458,-1.093784,-0.4954149,-0.200017,32.98763,13.13254,-24.51023,1008.335
65.849793434,20.62834,-18.44079,-32.1274,-1.022877,-0.3889152,-0.1062606,32.62088,15.32362,-24.53241,1008.335
65.882070541,53.16451,-27.77453,-21.88936,-1.011838,-0.3159223,0.003871215,32.62088,15.32362,-24.53241,1008.337
65.914347649,72.9341,-37.87141,-8.665229,-0.9612334,-0.2133636,0.09426489,32.9577,16.40191,-25.42323,1008.337
65.949107647,68.16213,-54.13208,6.81371,-0.9203556,-0.113506,0.1097312,31.79785,17.10991,-27.96803,1008.339
65.981384754,45.16991,-57.47814,16.0767,-0.9617626,-0.1729941,0.1549254,31.79785,17.10991,-27.96803,1008.339
66.016145229,45.85162,-64.22895,31.00717,-0.8855819,-0.1086917,0.07294225,30.98314,15.25184,-31.29524,1008.34
66.048418045,28.80886,-67.75112,32.89633,-0.8990924,-0.111055,0.1009974,29.80329,13.76147,-34.6838,1008.34
66.083178043,66.61279,-71.03848,38.6857,-0.8622734,-0.1800527,-0.01308238,27.91053,11.92019,-37.62098,1008.342
66.115455151,47.95872,-75.7347,41.9765,-0.8225649,0.08755515,0.2387749,27.91053,11.92019,-37.62098,1008.342
66.147732258,-4.34705,-60.11976,29.30083,-0.9647185,0.05249002,0.1504126,26.75729,8.983032,-40.11962,1008.342
66.182492733,-105.4881,-16.32749,12.72496,-0.8767582,-0.04517923,-0.1853553,25.60312,7.504738,-42.57448,1008.342
66.214770317,-15.00652,-22.60869,-4.704083,-1.268932,-0.6443681,-0.1666458,25.60312,7.504738,-42.57448,1008.342
66.249526024,-4.780865,2.281289,-5.130668,-1.108374,-0.09269427,0.2697895,25.24968,8.972422,-42.1517,1008.336
66.281803131,9.782945,-10.105,-2.083633,-1.046111,-0.0226222,0.3314505,25.2224,10.78373,-43.04623,1008.335
66.316563129,34.88228,-14.80122,-4.582202,-0.9463106,0.09714845,0.3183801,25.2224,10.78373,-43.04623,1008.335
66.348840237,8.109656,-7.169858,-12.8092,-0.8607031,-0.1170033,0.312627,25.58518,10.77975,-43.05175,1008.335
66.381117344,22.3636,8.914703,-23.10818,-0.8366256,-0.3152112,0.2084756,25.2124,9.684551,-43.46811,1008.335
66.415877819,49.63201,18.48326,-33.46809,-0.8492789,-0.2706258,0.2382462,25.2124,9.684551,-43.46811,1008.333
66.448151111,56.13925,22.53375,-37.85583,-0.8778065,-0.2697232,0.2431472,25.2124,9.684551,-43.46811,1008.331
66.482910633,72.81016,18.71807,-33.95562,-0.8903167,-0.2939359,0.2488377,26.29073,8.573404,-43.90654,1008.333
66.515187740,104.7886,13.25871,-20.67055,-0.9896992,-0.2112277,0.1774898,26.29073,8.573404,-43.90654,1008.328
66.549948692,84.4612,6.860106,-15.12494,-1.142262,-0.111526,0.1677499,26.66814,7.116986,-43.45786,1008.328
66.582225799,33.8907,11.14541,-12.01697,-1.186729,-0.120372,0.1653782,27.39634,5.650947,-43.45043,1008.332
66.614502907,7.613867,8.386378,-10.18875,-1.099317,-0.2866749,0.1405558,27.39634,5.650947,-43.45043,1008.329
66.649258614,24.59465,8.268972,-5.31349,-0.9945388,-0.202462,0.1978545,27.40086,3.160089,-43.41889,1008.332
66.681535721,33.70478,6.214375,-0.5601152,-0.9158434,-0.1201595,0.2846884,27.76297,3.520617,-43.42902,1008.332
66.716296196,45.97557,5.099022,4.132319,-0.9158993,-0.0940028,0.2920888,27.76297,3.520617,-43.42902,1008.332
66.748573303,42.07122,7.505836,6.326184,-0.9527501,-0.04468326,0.3113028,28.11707,1.688416,-43.84718,1008.332
66.783333301,26.08202,12.26076,6.387125,-0.9368009,-0.04369272,0.3045059,27.4188,-0.1149182,-42.94162,1008.332
66.815610409,12.32386,17.13309,4.497963,-0.9474201,-0.07296523,0.2434491,27.4188,-0.1149182,-42.94162,1008.332
66.847883701,6.684262,19.53991,4.680785,-1.001067,-0.08864699,0.2309061,27.7829,-0.8479381,-42.9379,1008.33
66.882643700,9.163208,30.75214,4.437023,-1.158527,-0.2012488,0.1232819,28.52242,-1.943828,-42.49936,1008.33
66.914920807,52.97859,27.69959,12.05461,-1.360496,-0.08835923,0.04845917,28.52242,-1.943828,-42.49936,1008.33
66.949681282,38.53873,32.74803,21.6223,-1.253348,-0.01069092,0.02884887,28.20654,-2.282622,-40.80857,1008.33
66.981958389,76.65253,28.52143,31.00717,-1.131927,-0.1850295,0.1745613,30.0477,-4.113874,-39.94161,1008.326
67.016718388,133.2345,62.45164,81.46607,-1.03022,0.03085471,-0.1812082,30.8008,-7.027513,-39.10651,1008.326
67.048991203,195.3941,24.70575,70.00922,-1.306851,0.5443633,0.07272902,30.8008,-7.027513,-39.10651,1008.332
67.081268311,129.578,52.58957,69.27793,-1.014499,0.2498262,0.1617941,31.61703,-11.6748,-36.07046,1008.332
67.116028786,198.6787,66.79565,83.9037,-1.030965,0.3468699,-0.1765091,30.62676,-20.37258,-32.95529,1008.33
67.148306370,165.3988,63.62569,77.26116,-1.068681,0.8475557,0.08989312,30.62676,-20.37258,-32.95529,1008.328
67.183065891,55.14767,104.7176,55.20063,-1.072335,0.4990843,-0.06388014,30.09991,-27.87175,-26.12546,1008.328
67.215342998,88.42752,101.3716,57.57732,-1.128509,0.4912506,-0.1861136,30.59273,-34.38148,-21.75286,1008.328
67.247616291,61.40701,110.8227,59.40554,-1.136132,0.6221272,-0.2583522,30.59273,-34.38148,-21.75286,1008.328
67.282376766,65.4353,112.7012,64.15891,-1.159255,0.5466768,-0.3694389,31.78267,-39.39245,-18.34424,1008.327
67.314653873,52.35885,112.5251,69.70451,-1.137867,0.5335201,-0.2714218,32.56438,-44.84642,-16.60537,1008.321
67.349413872,47.27701,120.5674,74.15318,-1.154134,0.6230839,-0.3893199,32.56438,-44.84642,-16.60537,1008.319
67.381690979,25.8961,129.0206,72.56873,-1.120841,0.641449,-0.4245783,32.15319,-50.27679,-18.64777,1008.318
67.416450977,-15.81218,129.4902,64.15891,-1.122146,0.6567096,-0.2040406,28.80971,-51.37228,-21.50988,1008.316
67.448724270,-37.50296,130.5469,57.6992,-1.085931,0.6517152,-0.2805304,28.80971,-51.37228,-21.50988,1008.316
67.481001377,-20.15033,102.076,60.50247,-0.9540069,0.482713,-0.2827426,22.01383,-45.86843,-19.79381,1008.314
67.515761852,39.65425,67.03046,81.83172,-0.8574939,0.3761824,-0.2414971,18.89628,-37.37221,-13.9369,1008.312
67.548038959,57.56464,48.77389,69.09511,-0.6693608,0.2283518,-0.04114919,18.89628,-37.37221,-13.9369,1008.311
67.582798958,65.49727,25.41018,77.62681,-0.6884778,0.3186074,-0.09522338,16.1975,-33.29237,-6.286442,1008.309
67.615076065,35.74991,-14.68381,62.33069,-0.5389481,0.2936075,-0.03042357,14.54324,-32.46774,-0.4169073,1008.309
67.649832249,18.52123,-30.76838,40.39204,-0.4265211,0.1991618,-0.006547511,14.54324,-32.46774,-0.4169073,1008.307
67.682109356,-48.65821,-33.64481,19.55032,-0.3403652,-0.1305347,-0.2653138,12.45771,-31.67131,2.968275,1008.306
67.714386940,19.38886,-51.37305,26.92414,-0.3999828,0.09051822,-0.3872053,10.73959,-31.27061,4.297498,1008.302
67.749146461,-14.94455,-80.13741,22.29265,-0.3390164,0.05469496,-0.4426523,10.73959,-31.27061,4.297498,1008.3
67.781423569,2.965843,-83.54217,10.47015,-0.3051118,-0.01045601,-0.5615383,10.39708,-30.16261,5.098372,1008.3
67.816183567,33.02307,-83.83568,9.616982,-0.289369,0.003851005,-0.7800052,9.295834,-28.69741,4.722976,1008.299
67.848456860,37.73307,-90.7039,6.326184,-0.3236035,0.1873597,-0.7208754,9.295834,-28.69741,4.722976,1008.297
67.883217335,16.10426,-87.06433,-8.665229,-0.2854565,0.2082615,-0.7256731,8.558294,-28.69507,4.29828,1008.295
67.915494442,-0.7525769,-90.52779,-32.7368,-0.3039042,0.03643094,-0.7212926,8.178903,-26.14511,3.835757,1008.294
67.947771549,90.5966,41.31863,-15.12494,-0.03136767,0.0978356,-3.111652,8.178903,-26.14511,3.835757,1008.294
67.982531548,284.5122,-17.67766,33.38386,-1.331182,1.751318,-0.7489697,7.788186,-23.96529,2.942124,1008.294
68.014808655,-116.1475,-14.15549,-53.39571,-1.660768,0.7672718,0.1762814,6.731841,-21.74933,4.238155,1008.292
68.049565315,-144.0357,6.273077,-7.629237,-1.289504,-0.3162433,-0.7134386,7.079436,-19.99712,3.774603,1008.292
68.081842423,112.4113,-43.09596,21.01289,-0.7016243,0.5399562,-0.7407774,7.079436,-19.99712,3.774603,1008.29
68.116601944,-74.00545,-12.277,-12.26073,-0.5113024,0.7400467,-0.4050269,8.121538,-20.03082,2.077396,1008.288
68.148879051,-69.35742,5.157725,-10.85909,-0.4332666,0.1371341,-0.7407456,8.1322,-19.29616,2.503891,1008.288
68.181156635,60.84925,5.333833,7.544999,-0.6770962,0.4730649,-0.5081932,8.1322,-19.29616,2.503891,1008.292
68.215917110,0.54887,14.66757,9.495101,-0.8395308,0.4400117,-0.5568583,8.122199,-20.39534,2.082012,1008.294
68.248189926,-15.81218,8.856,9.43416,-0.8554377,0.2281383,-0.5183868,7.78102,-20.01637,2.892119,1008.292
68.282949924,-30.19007,8.503783,16.19858,-0.7260898,0.333057,-0.5122677,7.78102,-20.01637,2.892119,1008.292
68.315227032,-17.23757,6.507889,16.92987,-0.5814359,0.4773974,-0.5958771,8.108891,-19.67194,1.637053,1008.292
68.349987030,-6.887969,5.627347,9.616982,-0.5069704,0.472722,-0.6105673,7.746777,-20.03247,1.647185,1008.291
68.382264137,-13.02336,3.57275,9.921686,-0.5757346,0.4916551,-0.6775095,7.746777,-20.03247,1.647185,1008.287
68.414542198,-7.755601,-5.29137,11.01862,-0.5898035,0.5442002,-0.5824264,5.921567,-20.38268,1.243651,1008.287
68.449297905,3.523606,2.046478,11.32332,-0.770543,0.6823707,-0.6407142,5.920906,-20.01816,1.239036,1008.287
68.481575012,-14.63468,-5.760992,1.268106,-0.8970022,0.5832723,-0.6453561,5.920906,-20.01816,1.239036,1008.287
68.516335010,5.506763,-17.38414,-1.169522,-0.7729741,0.5005707,-0.5929154,5.907598,-19.29477,0.7940774,1008.287
68.548612118,3.709527,-12.39441,-3.54621,-0.6268537,0.4945179,-0.5033451,5.897324,-19.29959,0.4205971,1008.287
68.583372593,-3.231523,-1.416986,-3.668091,-0.5947987,0.4429057,-0.4809861,5.897324,-19.29959,0.4205971,1008.286
68.615649700,-2.921655,3.279236,-2.69304,-0.6527827,0.4302069,-0.4664301,6.262085,-20.39713,0.4289289,1008.286
68.647922993,2.594001,5.27513,0.04929184,-0.6838564,0.45256,-0.5556722,6.272359,-20.3923,0.8024092,1008.282
68.682682514,24.09886,5.803455,1.694691,-0.6618081,0.5050818,-0.6409898,6.272359,-20.3923,0.8024092,1008.282
68.714959621,34.44847,1.400747,0.2321139,-0.6816354,0.5470427,-0.5227493,6.250762,-20.76728,-0.002182007,1008.282
68.749720097,10.21676,14.66757,-8.969933,-0.7239671,0.4378831,-0.5687221,7.372014,-20.03411,1.216974,1008.286
68.781997681,27.19754,2.927019,-2.083633,-0.8292249,0.5495942,-0.6447268,7.372014,-20.03411,1.216974,1008.287
68.814274788,12.07597,1.224639,-11.4685,-0.6938888,0.5991021,-0.5727046,6.64712,-20.39065,1.23262,1008.287
68.849030495,12.44781,10.61708,-20.18302,-0.6387218,0.3932652,-0.5266169,6.307653,-20.01088,2.104974,1008.287
68.881307602,35.68794,12.43687,-14.21083,-0.6122119,0.3827267,-0.6601629,6.307653,-20.01088,2.104974,1008.287
68.916067600,40.33596,4.511994,-0.803878,-0.5533928,0.4906617,-0.5610545,7.054804,-19.64388,2.898534,1008.287
68.948344707,26.8257,16.89828,-38.709,-0.58563,0.2459684,-0.4830925,7.417582,-19.64787,2.893018,1008.287
68.983105183,-14.75863,43.49064,-8.604288,-0.682114,0.3926424,-0.9596879,7.417582,-19.64787,2.893018,1008.287
69.015382290,24.22281,20.06823,-0.5601152,-0.9729784,0.5525112,-0.804902,8.529882,-19.64856,3.747925,1008.287
69.047655582,24.53268,1.45945,-2.449277,-0.6753886,0.3617392,-0.5165648,7.8283,-19.62932,4.63041,1008.287
69.082415581,26.76373,42.43399,-1.83987,-0.562871,0.3550938,-0.7165053,8.587435,-19.25668,5.859697,1008.286
69.114692688,19.51281,33.04154,3.583853,-0.5518712,0.3575525,-0.8571957,8.587435,-19.25668,5.859697,1008.286
69.149453163,10.96044,32.161,34.11515,-0.3501144,0.4597265,-1.008366,8.962858,-19.61955,6.294524,1008.286
69.181730270,-24.24059,50.53497,49.35032,-0.2348039,0.594843,-0.9329132,8.997765,-19.96797,7.544074,1008.286
69.216489792,-53.74006,58.34244,63.91515,-0.1875323,0.5290165,-1.262611,8.997765,-19.96797,7.544074,1008.287
69.248763084,13.37742,61.21888,77.32211,-0.00275789,0.6250834,-0.916321,8.988152,-20.33731,7.17521,1008.287
69.281040191,-5.02876,102.0173,81.22231,-0.07306293,0.6988586,-0.9350875,7.948586,-21.70092,8.890111,1008.287
69.315800667,-74.56321,120.0978,84.75687,-0.2309693,0.4139534,-0.9073608,7.948586,-21.70092,8.890111,1008.287
69.348078251,-52.12874,123.9722,80.3082,-0.3151797,0.2810259,-0.7914264,7.258598,-22.40588,10.15531,1008.287
69.382837772,-45.68348,131.4274,76.40799,-0.4214029,0.2662229,-0.642866,6.220467,-24.55927,11.88021,1008.287
69.415114879,-26.16178,110.6466,75.6767,-0.5934755,0.2865439,-0.4983149,6.220467,-24.55927,11.88021,1008.287
69.449871063,16.35215,84.6413,72.62967,-0.3878503,0.255369,-0.4467239,3.310625,-25.99026,11.56932,1008.287
69.482148170,63.20424,70.84614,66.10902,-0.4561747,0.3264099,-0.4171664,0.08186078,-27.03181,12.87774,1008.286
69.514425278,81.67239,34.45041,52.58018,-0.417426,0.5119484,-0.3920231,0.08186078,-27.03181,12.87774,1008.287
69.549185753,10.27873,29.16716,38.01535,-0.2483409,0.5533237,-0.4637011,-1.710037,-25.90705,13.76292,1008.287
69.581462860,-68.55177,11.49763,25.64439,-0.2230184,0.5101533,-0.3721478,-2.718293,-24.42722,14.56929,1008.286
69.616222858,-54.66966,-24.8394,6.387125,-0.1405808,0.3300646,-0.6054,-2.718293,-24.42722,14.56929,1008.286
69.648495674,644.7031,35.80058,-17.86728,-0.1624818,2.325996,-2.661188,-3.457155,-23.69585,14.13536,1008.286
69.683256626,-107.4092,-21.55204,-27.13026,-0.2583658,1.187259,-3.171683,-1.974986,-22.20881,17.51933,1008.284
69.715533733,-119.3702,15.95904,4.558904,0.04239703,0.5487694,-0.9115344,-1.974986,-22.20881,17.51933,1008.284
69.747810841,-99.66254,-0.8299584,3.766675,0.0414783,0.3809117,-0.7490846,-0.8609006,-17.52672,18.68848,1008.286
69.782570362,74.29752,-17.50155,-4.704083,-0.02995215,0.4213344,-0.4697567,-0.9044838,-19.00652,17.02628,1008.286
69.814847946,159.2014,-5.526181,-3.911854,-0.03171951,0.3198881,-0.5587989,-0.9044838,-19.00652,17.02628,1008.287
69.849603653,115.572,-5.702289,-0.3163524,0.09372357,0.1539694,-0.7881958,-1.639377,-20.46224,16.62005,1008.287
69.881881237,-36.82124,-8.930942,-7.994882,0.08104478,0.4158132,-1.336833,-1.210369,-18.24613,19.13895,1008.289
69.914158821,19.63676,4.335886,4.19326,0.02820041,0.362362,-1.071132,-1.210369,-18.24613,19.13895,1008.289
69.948918343,22.79741,3.983669,1.877513,-0.007360847,0.3133315,-0.9437059,-0.475476,-16.79041,19.54518,1008.289
69.981195450,-35.2719,0.8137193,-2.449277,0.02295813,0.3719493,-0.9506896,-0.450844,-17.14365,20.42125,1008.289
70.015955448,-13.33323,-1.945311,-1.474226,0.03227231,0.3387828,-0.8924021,-0.450844,-17.14365,20.42125,1008.291
70.048228741,5.940578,-4.293423,-0.6819966,0.0009393616,0.300492,-0.8838504,-0.8256061,-17.1453,19.99104,1008.291
70.082989216,12.9436,-1.7105,0.7196397,0.01636019,0.2905448,-0.976277,-0.8489153,-17.52108,19.1242,1008.291
70.115266323,21.00018,0.8137193,0.7805803,0.002755732,0.3048962,-1.013874,-0.4628294,-17.14929,19.98553,1008.291
70.147543430,7.613867,3.103127,0.4758768,0.0128953,0.324899,-0.9746239,-0.4628294,-17.14929,19.98553,1008.291
70.182303428,-20.15033,1.752964,-1.413285,0.03559401,0.3448837,-0.9513541,-0.1253459,-16.43551,19.09932,1008.288
70.214580536,-38.86637,0.2266915,-2.205514,0.04961007,0.3536918,-0.9344139,-0.4761376,-16.42589,19.54057,1008.287
70.249336719,-29.32244,-0.06682235,-1.047641,0.04771243,0.3372229,-0.937404,-0.4761376,-16.42589,19.54057,1008.287
70.281614303,-13.70507,-1.886609,-0.9867001,0.02840955,0.3212028,-0.9360032,-0.8489153,-17.52108,19.1242,1008.291
70.316373825,-19.77849,-2.004014,-1.900811,0.02110776,0.3444369,-0.9281204,-0.8705122,-17.89606,18.31961,1008.287
70.348650932,-39.85796,-0.5364445,-2.997743,0.03306613,0.3971967,-0.9346143,-0.8705122,-17.89606,18.31961,1008.287
70.380928516,-37.25506,-0.008119571,-3.302447,0.03105212,0.4344881,-0.9242457,-0.8482537,-17.8856,19.12882,1008.287
70.415688038,-39.11427,-0.3603362,-3.911854,0.01946276,0.4335428,-0.9077892,-0.8705122,-17.89606,18.31961,1008.287
70.447961330,-27.58717,-0.947364,-3.911854,0.009323581,0.436509,-0.8806779,-0.8705122,-17.89606,18.31961,1008.287
70.482721805,-7.56968,-1.475689,-1.596107,0.01078697,0.4331454,-0.8748989,-0.5523691,-19.74517,16.59427,1008.287
70.514998913,17.71557,-0.947364,-0.1335303,0.01895648,0.4495733,-0.8893263,-0.9031608,-19.73555,17.03551,1008.287
70.549758911,32.21741,0.4615027,0.4758768,0.02672431,0.4296888,-0.9087936,-0.9031608,-19.73555,17.03551,1008.287
70.582036018,29.05675,1.04853,1.268106,0.03546498,0.4122742,-0.9142293,-0.1556208,-18.63871,17.88209,1008.287
70.614313126,5.568736,1.400747,0.9024618,0.02676886,0.4098379,-0.9118072,-0.5310445,-18.27584,17.44726,1008.287
70.649069786,-8.437311,0.5202054,0.1711733,0.02629834,0.4050038,-0.9099,-0.5310445,-18.27584,17.44726,1008.288
70.681346893,-17.11362,0.3440971,-0.9867001,0.02048774,0.4078858,-0.9113213,0.2071562,-18.6427,17.87657,1008.288
70.716106415,-21.6377,0.109286,-2.022692,0.01898829,0.4286923,-0.9107164,-0.5183978,-18.63472,17.8876,1008.287
70.748383999,-27.46323,1.107233,-3.363388,0.0179847,0.4456417,-0.9062669,-0.5183978,-18.63472,17.8876,1008.288
70.783143520,-35.5198,2.750911,-5.496313,0.02859196,0.4650916,-0.8878085,-0.17893,-19.01449,17.01525,1008.288
70.815420628,-42.27493,2.927019,-6.044779,0.02760508,0.4786896,-0.8727425,-0.1669445,-19.00886,17.45098,1008.29
70.847694874,-45.49756,2.985722,-6.10572,0.02563684,0.5010217,-0.8498896,-0.1669445,-19.00886,17.45098,1008.292
70.882454395,-45.31164,2.633505,-6.532304,0.0178539,0.5198662,-0.8516994,-0.1889307,-20.11367,16.59337,1008.29
70.914731503,-42.52282,1.04853,-5.25255,0.01491484,0.5402256,-0.839008,-0.5972751,-20.49594,14.92284,1008.292
70.949491501,-42.77072,3.044425,-6.044779,0.01821485,0.5838642,-0.8165288,-0.5972751,-20.49594,14.92284,1008.292
70.981768608,-41.65519,2.398694,-5.130668,0.01769991,0.6003475,-0.8072485,-0.2452707,-21.17384,14.49006,1008.292
71.016529083,-35.76769,1.811666,-4.216558,0.02008907,0.6222262,-0.7790899,-0.6073862,-21.53436,14.50019,1008.288
71.048802376,-26.59559,1.870369,-3.424328,0.02301325,0.6174427,-0.7651036,-0.6073862,-21.53436,14.50019,1008.292
71.081079483,-15.37836,0.5202054,-2.144573,0.01914539,0.614013,-0.7743002,-0.2655449,-22.27785,13.6947,1008.292
71.115839481,-6.020339,0.2266915,-0.9867001,0.01524889,0.6270795,-0.7708334,-0.2901769,-21.9246,12.81863,1008.292
71.148116589,-1.930076,-0.3603362,-0.3163524,0.01570241,0.6411279,-0.766887,-0.3015008,-22.29475,12.38752,1008.292
71.182877064,1.850317,-0.008119571,-0.01164887,0.01568766,0.6488855,-0.7624919,-0.3015008,-22.29475,12.38752,1008.292
71.215154171,6.746236,-0.008119571,0.1102325,0.01812788,0.6392121,-0.7630356,-0.2881925,-23.01815,12.83248,1008.292
71.249909878,9.844918,-0.06682235,0.4758768,0.0205583,0.6304756,-0.7727593,-0.6529539,-21.92061,12.82415,1008.292
71.282186985,9.844918,0.1679888,0.5977582,0.02011414,0.615,-0.7694623,-0.6529539,-21.92061,12.82415,1008.29
71.314464569,8.977287,-0.008119571,0.4758768,0.01672366,0.6135009,-0.7805825,0.0732615,-22.29311,12.81773,1008.29
71.349224090,5.63071,0.109286,0.3539954,0.02009849,0.6168898,-0.7829878,-0.6409684,-21.91498,13.25987,1008.29
71.381501198,-0.07086667,0.05058321,0.1711733,0.01526129,0.6149141,-0.7907236,-0.6409684,-21.91498,13.25987,1008.288
71.416261673,-3.789286,-0.1255251,-0.4382338,0.01669418,0.6246181,-0.7843868,0.0852468,-22.28747,13.25346,1008.288
71.448534965,-5.400602,-0.2429307,-0.4991745,0.02202471,0.6207717,-0.7815195,-0.6529539,-21.92061,12.82415,1008.288
71.480812073,-6.206259,-0.1842279,-0.5601152,0.01815366,0.6217269,-0.7819892,-0.6529539,-21.92061,12.82415,1008.288
71.515572071,-6.082312,-0.3016334,-0.5601152,0.02106553,0.6208017,-0.7718484,-0.2895155,-22.28912,12.82325,1008.288
71.547849178,-3.541392,-0.3016334,-0.6210559,0.02056777,0.6256281,-0.7752041,0.07458448,-23.02214,12.82696,1008.287
71.582609653,-2.301919,-0.1842279,-0.3772931,0.02250678,0.6266311,-0.7665007,0.07458448,-23.02214,12.82696,1008.287
71.614886761,-0.07086667,-0.3603362,-0.3772931,0.02006627,0.6328824,-0.7761286,0.4366999,-22.66161,12.81683,1008.285
71.649642944,1.602422,-0.2429307,-0.3163524,0.008458485,0.6338155,-0.7765818,-0.3001778,-23.02378,12.39675,1008.285
71.681920052,2.160185,-0.3016334,0.04929184,0.01329157,0.6338195,-0.7794927,-0.3001778,-23.02378,12.39675,1008.285
71.714197159,2.779922,-0.008119571,0.1711733,0.01379003,0.6280186,-0.7780765,-0.2895155,-22.28912,12.82325,1008.285
71.748957634,3.399658,0.109286,0.1711733,0.01572836,0.6255979,-0.7800282,-0.2768686,-22.648,13.26359,1008.285
71.781234741,2.470053,-0.1255251,0.1102325,0.01815308,0.6241678,-0.7756906,-0.2768686,-22.648,13.26359,1008.285
71.815994739,0.6108437,-0.06682235,0.1102325,0.02058057,0.6227491,-0.7679688,-0.2775302,-22.28348,13.25897,1008.285
71.848267555,-0.008893002,-0.1842279,-0.07258957,0.02394441,0.62707,-0.7810044,-0.2881925,-23.01815,12.83248,1008.285
71.883027554,-0.4427086,-0.3016334,-0.2554117,0.02202215,0.6232045,-0.7776382,-0.2881925,-23.01815,12.83248,1008.285
71.915304661,-1.000472,-0.3603362,-0.2554117,0.01524027,0.6280211,-0.778563,-0.2888539,-22.65363,12.82786,1008.285
71.947581768,-0.9384979,-0.1842279,-0.2554117,0.02056073,0.6265764,-0.7809999,-0.2648833,-22.64236,13.69932,1008.287
71.982342243,-0.380735,-0.2429307,-0.194471,0.02154445,0.62225,-0.7732916,-0.2648833,-22.64236,13.69932,1008.285
72.014619827,-0.194814,-0.2429307,-0.194471,0.01475633,0.6280181,-0.7790455,0.0852468,-22.28747,13.25346,1008.285
72.049375534,0.177028,-0.1255251,-0.07258957,0.0167082,0.6222329,-0.7742481,-0.2888539,-22.65363,12.82786,1008.287
72.081652641,-0.008893002,-0.008119571,-0.01164887,0.01717722,0.6280381,-0.775183,-0.2888539,-22.65363,12.82786,1008.285
72.116413116,0.1150543,-0.1842279,-0.01164887,0.02056623,0.6261105,-0.7756848,-0.2888539,-22.65363,12.82786,1008.287
72.148690224,1.168607,-0.1255251,-0.1335303,0.01524935,0.623172,-0.7814913,-0.2888539,-22.65363,12.82786,1008.288
72.180967331,1.292554,-0.1255251,-0.01164887,0.02104925,0.6246437,-0.7805285,0.06193757,-22.66326,12.38662,1008.288
72.215727329,0.362949,-0.06682235,0.04929184,0.01765836,0.6275408,-0.7795379,0.06193757,-22.66326,12.38662,1008.288
72.248000622,0.6728173,-0.008119571,-0.194471,0.02008942,0.621739,-0.7800595,-0.6403069,-22.2795,13.26449,1008.288
72.282760143,0.54887,-0.1255251,-0.01164887,0.02008942,0.621739,-0.7800595,0.07458448,-23.02214,12.82696,1008.29
72.315037250,0.362949,-0.06682235,-0.07258957,0.01862122,0.6289921,-0.7804986,0.07458448,-23.02214,12.82696,1008.29
72.349797726,0.177028,-0.1842279,-0.1335303,0.01717828,0.6265765,-0.778092,-0.6509693,-23.01416,12.838,1008.292
72.382075310,-0.008893002,-0.008119571,-0.07258957,0.01526017,0.6202848,-0.7766733,0.07458448,-23.02214,12.82696,1008.292
72.414352417,0.734791,0.109286,0.1102325,0.01476932,0.6226966,-0.7785923,0.07458448,-23.02214,12.82696,1008.292
72.449108124,-0.380735,0.1679888,0.04929184,0.0176621,0.625113,-0.7819689,0.0852468,-22.28747,13.25346,1008.294
72.481385231,-0.194814,-0.419039,-0.194471,0.02152976,0.6260985,-0.7800378,-0.2895155,-22.28912,12.82325,1008.294
72.516145706,0.177028,-0.3016334,-0.1335303,0.02201678,0.6251369,-0.778594,-0.2895155,-22.28912,12.82325,1008.295
72.548422813,0.9826856,-0.2429307,-0.1335303,0.01720015,0.6188484,-0.7737851,-0.6383225,-23.37304,13.27834,1008.295
72.583182812,0.6728173,-0.3016334,-0.2554117,0.01912131,0.6236867,-0.7756954,-0.2895155,-22.28912,12.82325,1008.297
72.615459919,0.8587383,-0.3016334,-0.3163524,0.01574015,0.6202714,-0.7810254,-0.2895155,-22.28912,12.82325,1008.297
72.647733211,0.4868963,-0.2429307,-0.07258957,0.02008141,0.6251264,-0.7800403,0.0732615,-22.29311,12.81773,1008.299
72.682493687,0.3009753,-0.1842279,0.04929184,0.01283245,0.6236572,-0.7790661,0.06193757,-22.66326,12.38662,1008.299
72.714770794,-0.008893002,0.1679888,0.1711733,0.0171859,0.6231874,-0.7785947,0.06193757,-22.66326,12.38662,1008.299
72.749530792,0.7967646,-0.06682235,-0.07258957,0.01720021,0.6149393,-0.7849264,0.09789348,-22.64635,13.6938,1008.299
72.781807899,0.4249226,-0.008119571,-0.01164887,0.01573219,0.6241478,-0.779553,0.0852468,-22.28747,13.25346,1008.299
72.816567421,-0.4427086,0.05058321,-0.07258957,0.019609,0.6212618,-0.777644,0.0852468,-22.28747,13.25346,1008.299
72.848840713,-0.9384979,-0.1255251,-0.194471,0.01910516,0.6289951,-0.7800161,0.07392287,-22.65762,12.82235,1008.297
72.881117821,0.362949,-0.1255251,-0.194471,0.01283284,0.6236589,-0.7785826,0.08590817,-22.65199,13.25807,1008.297
72.915878296,1.664396,-0.008119571,0.04929184,0.01525088,0.6226897,-0.7810106,0.08590817,-22.65199,13.25807,1008.299
72.948155880,0.362949,-0.3016334,-0.1335303,0.01814671,0.6236528,-0.7848788,0.4373615,-23.02613,12.82145,1008.297
72.982915401,-0.5046823,-0.2429307,-0.3163524,0.01864178,0.6197926,-0.7820013,0.0852468,-22.28747,13.25346,1008.297
73.015192509,-2.611787,-0.1255251,-0.2554117,0.008965458,0.6212085,-0.7843895,0.0852468,-22.28747,13.25346,1008.297
73.047465801,-4.656918,-0.2429307,-0.3772931,0.01574327,0.6197957,-0.7786109,0.4360385,-22.2971,12.81222,1008.295
73.082226276,-2.549813,0.109286,-0.01164887,0.01138444,0.626596,-0.7674438,-0.2895155,-22.28912,12.82325,1008.295
73.114503384,1.106633,0.4615027,0.5368175,0.0133031,0.6299579,-0.7766141,-0.2895155,-22.28912,12.82325,1008.295
73.149263382,1.540449,0.7550166,0.9024618,0.01958374,0.6309307,-0.7804896,0.0852468,-22.28747,13.25346,1008.294
73.181540489,0.177028,0.637611,0.6586989,0.02057696,0.6222456,-0.773773,-0.2781916,-21.91897,13.25436,1008.295
73.216300487,0.4249226,0.2266915,0.2321139,0.0191185,0.6231864,-0.7805327,0.07392287,-22.65762,12.82235,1008.294
73.248573303,0.05308066,0.109286,0.04929184,0.01911827,0.6251401,-0.7752037,0.07392287,-22.65762,12.82235,1008.294
73.280851364,-0.380735,-0.2429307,-0.1335303,0.02055695,0.6285153,-0.780022,0.0852468,-22.28747,13.25346,1008.295
73.315611362,0.7967646,0.109286,-0.1335303,0.02008955,0.6232055,-0.7757002,0.0732615,-22.29311,12.81773,1008.295
73.347888470,2.222159,0.05058321,-0.194471,0.02105831,0.6241925,-0.7708623,0.0732615,-22.29311,12.81773,1008.297
73.382647991,4.763079,-0.008119571,0.2930546,0.01282779,0.6246152,-0.7819613,-1.365861,-22.27152,13.27552,1008.297
73.414925575,6.002552,0.5202054,0.5977582,0.01959722,0.6221904,-0.7892413,-0.2895155,-22.28912,12.82325,1008.297
73.449681759,5.444789,0.05058321,0.3539954,0.02105762,0.620769,-0.7815174,-0.2895155,-22.28912,12.82325,1008.297
73.481958866,4.639132,0.2853943,0.2930546,0.01962935,0.6096181,-0.7864121,0.08656979,-23.0165,13.26269,1008.297
73.514236450,1.292554,-0.1255251,0.1102325,0.0215535,0.6125141,-0.7902673,-0.2895155,-22.28912,12.82325,1008.297
73.548995972,-1.620208,-0.2429307,-0.3163524,0.02106511,0.6159133,-0.7863794,-0.2895155,-22.28912,12.82325,1008.299
73.581273079,-3.665339,-0.419039,-0.4991745,0.02155213,0.6149517,-0.7849357,-0.2888539,-22.65363,12.82786,1008.299
73.616033077,-5.152707,-0.8299584,-0.7429373,0.02492005,0.6207554,-0.7887774,0.08326221,-21.19392,13.23961,1008.293
73.648306847,-4.780865,-1.006067,-0.8648187,0.01477966,0.61883,-0.7771639,0.08326221,-21.19392,13.23961,1008.293
73.683066845,-3.355471,-0.7125529,-0.5601152,0.01429035,0.6207594,-0.7786022,0.08656979,-23.0165,13.26269,1008.293
73.715343952,-1.620208,-0.1842279,-0.3772931,0.01233307,0.6279882,-0.7858086,0.08458519,-21.92295,13.24884,1008.291
73.747621059,-0.6906033,0.109286,0.2321139,0.01185163,0.6294616,-0.779031,0.08458519,-21.92295,13.24884,1008.291
73.782381058,0.2390016,0.4027999,0.4758768,0.01669932,0.6246394,-0.7781019,-0.2895155,-22.28912,12.82325,1008.291
73.814658165,1.23058,0.3440971,0.2930546,0.02203534,0.6203271,-0.7699195,-0.2781916,-21.91897,13.25436,1008.289
73.849414349,1.23058,-0.008119571,-0.07258957,0.0220306,0.6203074,-0.7757209,-0.2781916,-21.91897,13.25436,1008.288
73.881691933,1.72637,-0.2429307,-0.194471,0.02829892,0.6251385,-0.783442,0.0612762,-22.29874,12.382,1008.288
73.916451454,-0.194814,-0.7712557,-0.803878,0.02007569,0.6275461,-0.7800265,0.4600091,-22.28583,13.68367,1008.286
73.948728561,-0.194814,-0.7712557,-0.7429373,0.0137965,0.6251134,-0.7785764,0.4600091,-22.28583,13.68367,1008.286
73.981006145,1.292554,-0.7712557,-0.7429373,0.007522645,0.6202594,-0.7776237,0.7994766,-22.6656,12.81132,1008.29
74.015766621,5.010973,0.2266915,0.414936,0.01529341,0.6023418,-0.7878945,-0.2655449,-22.27785,13.6947,1008.29
74.048039436,5.878604,0.9311249,0.7196397,0.02927175,0.6183237,-0.7960522,-0.2655449,-22.27785,13.6947,1008.292
74.082799435,1.168607,0.2853943,0.5977582,0.03072984,0.6222681,-0.7757285,0.0852468,-22.28747,13.25346,1008.292
74.115076542,-2.859681,-0.4777418,-0.3772931,0.0220306,0.6203074,-0.7757209,-0.2775302,-22.28348,13.25897,1008.292
74.149836540,-1.99205,-1.651797,-1.413285,0.009462922,0.6129602,-0.7912056,0.08590817,-22.65199,13.25807,1008.292
74.182113647,-3.045602,-1.416986,-1.474226,0.00945233,0.6138936,-0.8013526,0.08590817,-22.65199,13.25807,1008.288
74.214390755,-3.913234,-0.6538501,-0.9257594,0.01525917,0.6178373,-0.7849057,0.07193828,-21.56408,12.8085,1008.292
74.249147415,-4.34705,-0.06682235,-0.3163524,0.01138487,0.6270865,-0.7655072,-0.3001778,-23.02378,12.39675,1008.294
74.281424522,-3.727313,0.4027999,0.1102325,0.006521742,0.6362427,-0.7726962,-0.3001778,-23.02378,12.39675,1008.294
74.316184044,-1.682182,0.2853943,0.3539954,0.01134388,0.6376674,-0.7847845,-0.3028238,-21.56572,12.37829,1008.294
74.348461628,1.540449,0.637611,0.841521,0.02059078,0.6174161,-0.7708998,-0.2888539,-22.65363,12.82786,1008.289
74.380738735,6.31242,1.04853,1.207165,0.02544041,0.6121132,-0.7690067,-0.2888539,-22.65363,12.82786,1008.289
74.415499210,7.48992,0.4615027,0.5368175,0.01818358,0.6111001,-0.7762484,0.07259989,-21.92859,12.81312,1008.289
74.447772503,5.072947,0.109286,-0.07258957,0.0118475,0.6274899,-0.7896779,-0.2775302,-22.28348,13.25897,1008.291
74.482532024,1.416501,0.2853943,0.04929184,0.01668935,0.6236208,-0.7930943,-0.2775302,-22.28348,13.25897,1008.291
74.514809132,-0.07086667,0.5202054,0.6586989,0.01767658,0.6188203,-0.7824881,-0.3015008,-22.29475,12.38752,1008.291
74.549569130,-1.186393,0.109286,0.1711733,0.009475138,0.6125221,-0.7776719,-0.2648833,-22.64236,13.69932,1008.289
74.581846237,1.974264,-0.06682235,0.1711733,0.01577879,0.6052828,-0.7772431,-0.2648833,-22.64236,13.69932,1008.291
74.614123344,4.143342,0.8724221,0.9024618,0.02202604,0.6178452,-0.7883043,0.07259989,-21.92859,12.81312,1008.291
74.648880005,-0.008893002,0.9311249,0.9634025,0.01572546,0.6241199,-0.7877716,-0.2895155,-22.28912,12.82325,1008.291
74.681157112,-6.764022,0.6963138,0.2321139,0.01138191,0.6202328,-0.7887512,-0.2895155,-22.28912,12.82325,1008.293
74.715917110,-6.268233,0.5202054,0.04929184,0.02299272,0.6222443,-0.7761954,-0.6529539,-21.92061,12.82415,1008.295
74.748194218,-7.197838,0.4615027,-0.4382338,0.02299571,0.620302,-0.7781402,-0.2775302,-22.28348,13.25897,1008.295
74.782954216,-9.552837,1.576855,-1.047641,0.0239425,0.6324374,-0.767921,-0.2775302,-22.28348,13.25897,1008.295
74.815231800,-10.66836,1.518153,-0.5601152,0.02007771,0.6280431,-0.7761561,0.06193757,-22.66326,12.38662,1008.295
74.847505093,-6.825996,1.342044,-0.4382338,0.01911561,0.6309932,-0.7616342,-0.6622932,-23.38431,12.40688,1008.295
74.882264614,1.106633,0.7550166,0.2321139,0.01956474,0.6445347,-0.7644587,-0.6622932,-23.38431,12.40688,1008.295
74.914542198,0.7967646,2.339991,-0.3163524,0.01665446,0.6454663,-0.7726656,-0.6642776,-22.29076,12.39303,1008.295
74.949301720,0.3009753,2.339991,0.5977582,0.002136665,0.6551509,-0.7585596,-0.3008392,-22.65927,12.39214,1008.295
74.981578827,-4.842839,3.866264,0.1102325,-0.004174354,0.6687124,-0.7497669,-0.3008392,-22.65927,12.39214,1008.296
75.016339302,-3.541392,1.870369,0.1102325,0.01232105,0.6445532,-0.7528405,-0.3001778,-23.02378,12.39675,1008.296
75.048612595,-0.5046823,0.637611,-0.3163524,0.001683563,0.645991,-0.747975,-0.3001778,-23.02378,12.39675,1008.296
75.080889702,-0.4427086,0.4615027,0.2321139,0.03215062,0.6382746,-0.7659718,-0.3001778,-23.02378,12.39675,1008.292
75.115649700,3.957421,-0.7125529,-0.6210559,0.03599909,0.646022,-0.7678697,0.07458448,-23.02214,12.82696,1008.296
75.147926807,0.1150543,-1.123472,-1.108582,0.03118128,0.6397286,-0.7645111,-0.6516309,-22.64964,12.83338,1008.296
75.182686806,2.098212,-1.827906,-1.291404,0.02392521,0.6382298,-0.772239,-0.6636162,-22.65528,12.39765,1008.296
75.214963913,2.779922,-2.004014,-0.9867001,0.02441302,0.6372715,-0.7698283,-0.6636162,-22.65528,12.39765,1008.296
75.249720573,4.639132,-2.591042,-1.413285,0.01713471,0.6439881,-0.7808936,0.4240532,-22.30273,12.37649,1008.295
75.281997680,13.81123,-3.999909,-1.352344,0.008932521,0.6381755,-0.7755911,-0.2881925,-23.01815,12.83248,1008.292
75.314274788,18.45926,-8.520022,-2.69304,0.007489829,0.6294082,-0.7911079,-0.2881925,-23.01815,12.83248,1008.292
75.349034309,10.46465,-10.04629,-4.155617,0.02003429,0.6288406,-0.8264291,0.07392287,-22.65762,12.82235,1008.292
75.381311893,-4.780865,-15.91657,-5.008787,-0.002218874,0.6404634,-0.8050438,0.0852468,-22.28747,13.25346,1008.292
75.416072368,16.78597,-21.25853,-10.12781,-0.003113951,0.6089955,-0.8081214,0.0852468,-22.28747,13.25346,1008.291
75.448345184,23.16926,-27.30491,-13.54049,-0.008348263,0.5824543,-0.7816719,0.08656979,-23.0165,13.26269,1008.289
75.483105183,26.32991,-20.6715,-11.1638,0.02935119,0.6088794,-0.7269744,0.4366999,-22.66161,12.81683,1008.289
75.515382290,27.63136,-4.821747,-13.60143,-0.01849015,0.5815,-0.7690861,0.4366999,-22.66161,12.81683,1008.289
75.547659397,14.43097,-3.001961,-9.57934,-0.07751264,0.5689907,-0.8405789,1.20716,-21.91882,14.47723,1008.289
75.582419395,-12.15573,-3.941206,-8.116763,-0.1224396,0.556334,-0.8246006,1.195174,-21.92446,14.0415,1008.289
75.614696503,13.06755,-8.872239,-5.983838,-0.1021461,0.5568171,-0.8420454,1.195174,-21.92446,14.0415,1008.289
75.649453163,-55.84716,2.633505,-11.89509,-0.06240239,0.5294611,-0.8084459,1.20716,-21.91882,14.47723,1008.287
75.681730270,-94.89057,0.2266915,-4.704083,-0.1278365,0.6024197,-0.7866187,1.910455,-21.93726,13.65699,1008.283
75.716490269,-18.29112,-13.56846,-3.850913,-0.1038112,0.6546353,-0.8211812,1.910455,-21.93726,13.65699,1008.283
75.748767376,14.24505,-15.56436,-9.57934,-0.07335073,0.6767007,-0.7616584,1.864498,-23.05335,11.92793,1008.285
75.781044483,19.7607,-15.27084,-14.57648,-0.07136749,0.6588287,-0.7535459,1.864498,-23.05335,11.92793,1008.287
75.815804005,7.613867,-10.2224,-12.19979,-0.07704069,0.6182997,-0.7131552,1.864498,-23.05335,11.92793,1008.288
75.848077297,7.180051,-7.932994,-8.72617,-0.1071481,0.6421188,-0.799007,2.226614,-22.69282,11.9178,1008.29
75.882837772,-3.727313,-8.226508,-5.983838,-0.1331804,0.6066993,-0.8044701,2.579779,-23.06615,11.54342,1008.29
75.915114880,2.841895,-12.68792,-7.751119,-0.09483477,0.5565897,-0.7724473,2.579779,-23.06615,11.54342,1008.292
75.947392464,5.010973,-8.343914,-6.776067,-0.09673283,0.5630865,-0.7100427,3.690368,-23.06766,12.33608,1008.292
75.982151985,1.602422,-5.526181,-2.997743,-0.1550421,0.6648543,-0.7610663,2.590714,-23.42584,11.92152,1008.292
76.014429092,-23.74481,-5.467478,-6.837008,-0.154812,0.591041,-0.6942884,2.590714,-23.42584,11.92152,1008.293
76.049185753,-22.31941,2.868316,-3.241506,-0.1313946,0.678902,-0.7769908,3.677721,-22.70877,11.89574,1008.293
76.081462860,-25.54204,-4.586936,-6.897949,-0.1584027,0.6522396,-0.7678989,3.292686,-22.71525,11.09205,1008.293
76.116222858,-22.44336,-7.756886,-5.069727,-0.1680669,0.6478419,-0.772254,4.030887,-23.08211,11.52136,1008.293
76.148499966,-27.46323,-8.461319,-4.825965,-0.1573994,0.6318682,-0.7825201,4.030887,-23.08211,11.52136,1008.295
76.180777073,-7.011917,-13.50976,-2.632099,-0.1859715,0.6658157,-0.7368222,3.632154,-23.09502,10.21969,1008.297
76.215537071,-4.53297,-13.15754,-3.972795,-0.2067258,0.659073,-0.7097433,4.345722,-23.10863,9.772936,1008.295
76.247809887,-8.995074,-8.343914,-0.9257594,-0.1593781,0.666374,-0.7373598,4.345722,-23.10863,9.772936,1008.295
76.282570839,-2.921655,-8.754833,-1.108582,-0.08245409,0.6652943,-0.6925719,3.98493,-24.19819,9.792299,1008.297
76.314847946,-31.36757,-5.995803,0.4758768,-0.1351181,0.6301353,-0.7414856,4.346384,-23.47315,9.777552,1008.297
76.349607467,-14.63468,-0.06682235,2.608802,-0.1564155,0.6754321,-0.6372429,4.346384,-23.47315,9.777552,1008.299
76.381884575,-14.07691,-0.7125529,4.497963,-0.2074069,0.7432816,-0.7073292,4.687563,-23.85212,8.967445,1008.299
76.414162159,-28.02099,0.4615027,-0.01164887,-0.1725814,0.7375593,-0.7117878,4.312801,-23.85377,8.537233,1008.299
76.448917866,1.912291,-3.001961,-0.9867001,-0.1793051,0.7304006,-0.676523,4.312801,-23.85377,8.537233,1008.302
76.481194973,-9.304943,2.985722,-4.39938,-0.1995467,0.6988577,-0.6853606,3.937378,-23.4909,8.102407,1008.298
76.515955448,11.64215,-1.358284,-5.069727,-0.1807123,0.7159163,-0.6654832,4.300816,-23.8594,8.101507,1008.298
76.548232555,7.303999,-2.297528,-8.665229,-0.1840826,0.700818,-0.691184,4.300816,-23.8594,8.101507,1008.298
76.582992554,12.07597,-3.412881,-6.471364,-0.1733978,0.6888255,-0.6690371,5.401132,-23.86573,8.520687,1008.298
76.615269661,5.382815,-3.882503,-6.958889,-0.1371652,0.691723,-0.7014891,4.688225,-24.21663,8.972061,1008.3
76.647542953,-13.82902,-4.88045,-3.424328,-0.1850766,0.7094997,-0.6988675,4.688225,-24.21663,8.972061,1008.301
76.682302475,-7.817575,-5.643587,-2.875862,-0.1584853,0.7080945,-0.7076347,5.025708,-23.50286,8.085861,1008.303
76.714580059,-14.63468,-7.991697,-1.900811,-0.1521603,0.6999659,-0.684006,5.037694,-23.49723,8.521587,1008.303
76.749340534,-23.80678,-2.943259,0.7196397,-0.1676685,0.7051532,-0.7110157,5.037694,-23.49723,8.521587,1008.303
76.781617641,-33.59861,-1.534392,4.19326,-0.2449888,0.7051269,-0.65332,5.401132,-23.86573,8.520687,1008.303
76.816377163,-21.8856,-0.06682235,7.240295,-0.2353426,0.7211782,-0.6372961,5.763247,-23.50521,8.510556,1008.299
76.848650455,-44.25808,-3.001961,4.802667,-0.2416848,0.7311901,-0.676384,5.763247,-23.50521,8.510556,1008.299
76.880927563,-58.75992,-7.815589,5.96054,-0.2359364,0.7715415,-0.6263728,4.992126,-23.88348,6.845543,1008.299
76.915687561,-55.22742,-5.232667,4.19326,-0.2992426,0.7666326,-0.5933904,4.630011,-24.244,6.855674,1008.299
76.947965145,-41.46927,-2.591042,4.437023,-0.2524472,0.8249575,-0.5578686,4.630011,-24.244,6.855674,1008.299
76.982725143,-41.22137,4.805508,4.985489,-0.2326715,0.848753,-0.5500409,4.582731,-24.63106,5.117382,1008.297
77.015002251,-50.39347,10.03006,5.412074,-0.2200515,0.8392136,-0.5196657,4.923249,-24.64551,4.30266,1008.297
77.049757957,-72.76597,20.42045,6.752769,-0.216178,0.8573266,-0.4615585,4.923249,-24.64551,4.30266,1008.299
77.082035542,-74.19137,18.83547,-3.668091,-0.3400444,0.8659313,-0.5308577,4.54981,-25.37619,3.88168,1008.3
77.114312649,-69.85321,-4.763045,-7.873,-0.3032874,0.8807279,-0.4796084,4.866358,-25.40191,2.195505,1008.3
77.149073124,-39.734,-13.92068,-6.16666,-0.2374152,0.854006,-0.4238234,4.82079,-25.78816,0.5194597,1008.3
77.181350231,-54.85558,-17.79506,-19.51268,-0.4158125,0.9708583,-0.6345205,4.82079,-25.78816,0.5194597,1008.3
77.216110229,57.56464,-50.49251,-19.26891,-0.4110265,0.8744464,-0.3856247,4.421396,-25.43656,-0.7868209,1008.296
77.248383045,82.23016,-39.7499,-31.57894,-0.3393156,0.8859601,-0.7618291,4.409411,-25.44219,-1.222548,1008.295
77.280660152,-25.29415,-12.15959,-32.67587,-0.4505325,0.6765328,-0.7777668,4.409411,-25.44219,-1.222548,1008.295
77.315420151,30.85399,-1.416986,-31.88364,-0.465408,0.6505757,-0.713585,5.49708,-25.08964,-1.24371,1008.295
77.347697258,57.62661,17.66142,-44.43742,-0.4292615,0.6917216,-0.7405015,5.100721,-25.46627,-2.478513,1008.296
77.382457733,50.1278,40.79031,-58.45378,-0.457054,0.5783415,-0.7589735,5.100721,-25.46627,-2.478513,1008.3
77.414734840,83.46963,25.7624,-53.45665,-0.5200399,0.4560131,-0.6749316,5.416335,-24.03312,-4.120905,1008.299
77.449491024,85.57673,30.98695,-55.95522,-0.359863,0.6558222,-0.5397447,5.031572,-25.13395,-4.972996,1008.3
77.481768131,37.6711,33.10025,-51.99407,-0.4883628,0.6134509,-0.5107024,5.031572,-25.13395,-4.972996,1008.3
77.514045238,20.87623,21.41839,-58.45378,-0.5216064,0.6104364,-0.3723844,6.099239,-26.97976,-5.837916,1008.297
77.548805237,-10.35849,26.34943,-76.06565,-0.5924347,0.4852044,-0.4246718,7.519411,-28.83439,-7.081833,1008.297
77.581082344,-32.11125,27.28867,-108.4861,-0.6772384,0.1539576,-0.4249221,7.519411,-28.83439,-7.081833,1008.295
77.615842819,5.506763,9.325623,-130.6076,-0.7490566,0.1361354,-0.1966856,8.576804,-30.68504,-8.320234,1008.288
77.648116112,22.61149,-11.68997,-136.8845,-0.8499541,0.4912035,-0.1499729,11.01048,-32.19289,-10.08237,1008.288
77.682875633,-10.04863,-28.12675,-150.1696,-0.8737982,0.549642,-0.1640924,11.01048,-32.19289,-10.08237,1008.288
77.715152740,-8.313364,-43.44818,-155.7761,-0.8931438,0.5329562,-0.2163569,13.92601,-32.9482,-9.681532,1008.286
77.747429848,-21.69967,-46.0311,-150.5961,-0.8387238,0.6064762,-0.273102,16.79718,-34.75803,-10.94828,1008.284
77.782189846,-39.91993,-44.97445,-139.0174,-0.800275,0.6838009,-0.3360756,16.79718,-34.75803,-10.94828,1008.283
77.814466953,-67.43623,-45.20926,-127.5605,-0.7344939,0.6923745,-0.2892751,20.12435,-36.95366,-8.853837,1008.283
77.849223614,-72.82794,-35.87552,-107.7548,-0.7048909,0.6083609,-0.4014909,23.84392,-36.58556,-5.552287,1008.285
77.881500721,-82.30991,-33.99703,-81.00185,-0.6440929,0.6788586,-0.3557779,23.84392,-36.58556,-5.552287,1008.283
77.916260719,-93.77504,-23.31312,-54.4317,-0.5906562,0.5779008,-0.3472818,25.71007,-35.45736,-1.422265,1008.283
77.948537827,-74.8111,-27.89194,-32.7368,-0.6591886,0.563099,-0.2302261,28.29293,-32.97188,0.2504926,1008.281
77.980814934,-82.86768,-29.47692,-25.05828,-0.8066463,0.7635714,-0.2103977,28.29293,-32.97188,0.2504926,1008.281
78.015574932,-116.1475,-40.21952,-42.97485,-0.9407804,0.8259207,-0.2624489,29.08168,-30.03154,2.692402,1008.281
78.047847748,-166.2223,-23.66534,-45.04683,-1.026191,0.6964252,-0.418185,26.91105,-26.72133,3.119679,1008.284
78.082608223,-82.06202,-52.01878,-37.73394,-0.9381325,0.6568243,-0.4688776,26.91105,-26.72133,3.119679,1008.286
78.114885807,-36.13953,-38.45844,-1.778929,-0.8917218,0.4795766,-0.4042377,23.24401,-22.7159,-0.2381811,1008.288
78.149645329,77.45818,-68.33815,-13.78425,-1.049448,0.2188763,-0.08824433,21.63573,-19.18638,-5.739217,1008.289
78.181922436,105.2844,-57.88906,-18.0501,-0.979013,0.270201,-0.1393488,21.5393,-17.04275,-9.128233,1008.289
78.214200020,155.9788,-55.18873,-23.96135,-0.9789067,0.6546412,-0.07866705,21.5393,-17.04275,-9.128233,1008.291
78.248955726,65.06345,-57.59555,-68.08242,-0.9704286,0.5912284,0.05148257,21.84386,-17.0741,-11.25014,1008.293
78.281232834,21.86781,-40.04342,-83.6223,-0.8381398,0.2903298,0.1123336,21.79697,-16.73132,-12.93541,1008.295
78.315993309,29.11873,-31.238,-94.04316,-0.9016326,0.3726082,0.1695006,21.79697,-16.73132,-12.93541,1008.292
78.348269939,-3.293497,-30.00524,-91.05707,-0.9581897,0.3906008,0.2432075,23.18854,-16.04561,-15.08309,1008.292
78.383030414,-35.20993,-29.30081,-78.0767,-0.954124,0.05624936,0.108352,23.1157,-14.62055,-17.65367,1008.294
78.415307522,4.825052,-37.04957,-55.65051,-1.173617,0.0240124,0.06319849,23.1157,-14.62055,-17.65367,1008.296
78.447772026,-15.13047,-44.50483,-23.35194,-1.303881,-0.1207698,0.00415994,23.37099,-13.94542,-21.52771,1008.297
78.482532501,30.04833,-64.87468,16.13764,-1.533766,-0.2419358,0.001065821,22.90245,-13.2615,-25.32848,1008.301
78.514809608,86.44437,-76.20432,51.05666,-1.36237,-0.2557299,-0.3590604,22.90245,-13.2615,-25.32848,1008.301
78.549569607,36.05978,-53.19284,40.87957,-1.08345,0.09748735,-0.03713331,21.36021,-14.01804,-28.6585,1008.303
78.581846714,-18.66297,-15.09473,36.30901,-1.180452,-0.2577041,-0.238604,18.75586,-16.93925,-31.13508,1008.304
78.616606235,4.081368,-35.34719,34.90738,-0.9767396,-0.221362,0.03188924,18.75586,-16.93925,-31.13508,1008.308
78.648879528,-5.462575,-2.649745,14.24848,-0.7961987,-0.07648516,0.07631681,16.54589,-18.39029,-32.39071,1008.308
78.681156635,-42.5848,7.38843,-8.848051,-0.9260026,0.02634563,0.1139226,14.73267,-18.73486,-32.35851,1008.308
78.715917110,-48.53427,5.333833,-20.91431,-0.8715366,-0.1046491,0.1116101,14.73267,-18.73486,-32.35851,1008.311
78.748194694,-34.21835,5.920861,-29.44601,-0.9209757,-0.02318052,0.2035498,14.00816,-18.36156,-32.28985,1008.313
78.782954216,-31.24362,2.281289,-32.85869,-0.9515646,0.02605706,0.19326,15.44464,-16.92509,-32.76611,1008.309
78.815231323,-13.70507,-1.769203,-23.71758,-1.05533,0.1403884,0.1752796,15.44464,-16.92509,-32.76611,1008.31
78.847504616,-29.57033,-12.86403,-5.679134,-1.039403,0.1598551,0.1942101,16.51834,-15.48462,-33.23684,1008.31
78.882264614,-40.35374,-17.61895,14.37036,-1.024778,0.116899,0.2152056,17.24257,-14.76357,-33.2571,1008.312
78.914541721,-40.16782,-21.96296,32.89633,-1.017103,0.1264391,0.1678663,17.24257,-14.76357,-33.2571,1008.316
78.949302196,-54.42176,-23.60664,42.40308,-0.965868,0.1416464,0.1852462,16.81959,-13.6934,-35.38182,1008.317
78.981579304,-60.18531,-17.97117,46.05952,-0.9637582,0.05392983,0.1460678,16.06875,-12.96766,-36.25148,1008.319
79.016339302,-61.36282,-11.80738,41.54991,-0.9820278,-0.01361154,0.07997544,16.06875,-12.96766,-36.25148,1008.321
79.048612118,-43.88624,-3.119367,32.83539,-0.9610808,-0.08865602,0.05146416,14.90691,-11.16612,-38.81012,1008.321
79.080889702,-19.77849,11.38022,22.65829,-0.9761087,-0.07077551,0.05691604,14.53121,-9.708899,-39.19655,1008.324
79.115649223,-14.75863,18.42455,10.89674,-1.01673,-0.04940549,0.1141708,14.53121,-9.708899,-39.19655,1008.322
79.147926331,-1.806129,26.40813,2.182217,-1.033768,-0.017183,0.06943099,15.59425,-9.003101,-40.09378,1008.322
79.182686806,-5.648496,27.34737,-8.543347,-1.071338,-0.05284764,0.1442422,16.34311,-8.635293,-39.23798,1008.323
79.214963436,8.729393,30.22381,-13.60143,-1.051189,0.005188476,0.1169727,17.8278,-8.270633,-38.01972,1008.323
79.249720096,-12.2177,32.27841,-17.50163,-1.068251,0.05978798,0.1066843,17.8278,-8.270633,-38.01972,1008.325
79.281997204,-19.40665,33.33506,-22.92536,-1.043065,0.02093919,0.04549586,19.30354,-8.639833,-37.16572,1008.325
79.314274311,-20.02639,34.97874,-28.59284,-1.089387,-0.01983205,0.04874794,20.43689,-7.961787,-35.51006,1008.327
79.349034309,-38.37059,30.0477,-30.54294,-1.140314,0.00576836,-0.06508827,20.43689,-7.961787,-35.51006,1008.327
79.381311416,-21.14191,43.78415,-33.52904,-1.082871,-0.002294846,-0.2083558,21.93158,-6.497944,-33.86993,1008.327
79.416071415,-76.73228,54.82027,-42.97485,-1.247711,-0.1965167,-0.1187018,23.05388,-5.399459,-32.59314,1008.327
79.448344231,-57.89229,75.54237,-56.86933,-1.273421,-0.4182495,-0.2683228,23.05388,-5.399459,-32.59314,1008.327
79.483104706,12.81965,60.22093,-54.37076,-1.43502,-0.3467803,-0.1761983,24.15891,-3.550349,-29.70625,1008.327
79.515381813,-31.30559,37.20944,-54.67546,-1.266201,-0.2507523,0.1720598,26.0846,-0.9639454,-25.53337,1008.327
79.547659397,-58.63597,56.93357,-38.52617,-1.169054,-0.5403984,-0.1300119,26.0846,-0.9639454,-25.53337,1008.329
79.582418919,27.87925,15.48941,-21.52372,-1.215533,-0.2525078,0.03947838,26.52758,0.1642504,-22.56489,1008.329
79.614696026,-33.97046,-1.299581,-15.24683,-1.009469,-0.06889914,0.06763425,27.36823,0.9400396,-18.35238,1008.327
79.649452209,-57.89229,17.60271,-4.033736,-0.7778876,-0.0405351,0.102104,27.36823,0.9400396,-18.35238,1008.327
79.681729317,-74.00545,39.14663,10.40921,-0.7411649,0.1138322,-0.0730691,27.45937,1.712539,-15.00029,1008.323
79.716489792,-96.87373,14.96109,17.78304,-0.5167615,0.1439517,0.05714696,28.62922,2.103726,-12.03361,1008.323
79.748766899,-90.73833,49.65443,29.97118,-0.453136,0.2664396,0.1626125,28.62922,2.103726,-12.03361,1008.323
79.781044006,-130.4635,22.82726,27.71637,-0.5544689,0.1487683,0.08239443,29.78776,2.124763,-9.498043,1008.323
79.815804005,-77.72386,7.153619,19.36749,-0.6567888,-0.1766255,-0.03235986,30.1961,2.507024,-7.827514,1008.325
79.848077297,-37.75085,1.400747,5.8996,-0.6969602,0.04833541,-0.01697445,30.1961,2.507024,-7.827514,1008.325
79.882836819,1.664396,-0.947364,-6.10572,-0.9470477,0.04478663,-0.1387656,31.63588,2.12092,-8.280686,1008.326
79.915113926,31.65965,-0.06682235,-24.57076,-1.052561,0.06215147,-0.2090215,30.89702,2.852293,-8.714614,1008.326
79.949873924,74.54542,-20.84761,-19.02515,-1.042021,-0.07060829,-0.123747,30.89702,2.852293,-8.714614,1008.326
79.982151031,97.53765,-45.56148,6.630888,-1.008339,-0.1781718,-0.04853134,30.83814,3.189441,-10.83562,1008.328
80.014428139,121.1496,-49.14235,32.28693,-1.029013,-0.03411906,-0.07715748,29.33816,4.641725,-12.51268,1008.326
80.049184799,62.89437,-58.887,31.86034,-1.050589,0.07061803,-0.1398459,29.33816,4.641725,-12.51268,1008.326
80.081461906,-12.09376,-47.49867,18.27056,-1.056094,-0.06450473,-0.1671915,29.261,2.781314,-15.41519,1008.326
80.116221905,-57.89229,-47.67477,9.556042,-1.043422,-0.2985654,-0.1313249,27.743,0.9416866,-17.92217,1008.326
80.148499012,12.9436,-42.74374,24.85216,-1.069253,-0.05030921,-0.2512007,27.743,0.9416866,-17.92217,1008.326
80.183258533,-48.47229,-41.10006,21.37854,-1.113996,0.120022,-0.07319725,27.65949,1.632081,-20.91924,1008.327
80.215536117,-78.34361,-34.11443,20.03784,-1.170108,-0.1118064,-0.1773669,26.12857,1.245687,-23.81816,1008.327
80.247808933,-52.6865,-22.7261,13.02966,-1.218786,-0.1904473,-0.2086492,26.46672,1.594946,-24.69974,1008.329
80.282569408,-10.42047,-20.02577,7.057473,-1.182647,-0.1214751,-0.1638586,26.46672,1.594946,-24.69974,1008.329
80.314846992,0.8587383,-16.62101,2.425979,-1.036209,-0.05296224,-0.0622625,24.98767,3.786725,-25.57683,1008.329
80.349606514,7.056104,1.04853,-2.327396,-0.9682519,0.03720408,-0.07349882,25.67964,3.398133,-26.82818,1008.327
80.381883621,-12.71349,2.868316,-1.108582,-0.9082336,0.01220794,-0.07473718,25.67964,3.398133,-26.82818,1008.327
80.414160728,-8.437311,11.14541,3.035387,-0.871579,0.06323034,-0.04358599,24.97568,3.781091,-26.01255,1008.327
80.448916912,-28.76467,12.61298,4.924548,-0.8603677,0.04359797,0.008489601,25.32819,3.772273,-26.39155,1008.327
80.481194019,-45.31164,15.95904,9.373219,-0.9023477,-0.003067893,-0.01779095,25.32819,3.772273,-26.39155,1008.327
80.515954018,-37.25506,10.14746,3.949497,-1.060713,-0.0763259,0.06141777,26.42613,4.129653,-26.03923,1008.329
80.548231125,-26.71954,-2.943259,-3.363388,-1.093786,-0.1812552,0.1135872,26.79957,4.860331,-25.61825,1008.331
80.582991600,-21.82362,-21.61074,-7.01983,-0.9687679,-0.08993828,0.1080358,26.79957,4.860331,-25.61825,1008.331
80.615268707,13.06755,-19.96706,-10.00592,-0.9448966,-0.002198757,-0.01092616,27.89602,6.980341,-25.226,1008.331
80.647542000,8.791367,-22.31518,-16.16094,-0.8889079,0.03174323,-0.03840985,27.13623,6.972219,-26.4599,1008.331
80.714578628,37.6711,11.38022,-12.01697,-1.174502,-0.03478323,-0.007232513,27.1249,6.602068,-26.89101,1008.328
80.749338627,49.94188,-3.647692,-7.446415,-1.35964,-0.1098288,-0.1474574,27.1116,7.325465,-27.33597,1008.33
80.781615734,96.97989,-11.39646,-1.83987,-1.093955,0.2802319,0.06206646,27.1116,7.325465,-27.33597,1008.332
80.816376209,22.42557,1.635558,2.243157,-1.373928,0.2852943,0.07913557,27.46305,6.951327,-27.7726,1008.332
80.848649502,-51.07519,-17.20803,-8.908992,-1.207915,-0.360972,-0.4151037,27.08,5.851303,-28.56244,1008.334
80.880926609,4.515184,-6.465425,-9.640281,-0.8795416,-0.1438519,0.2598201,27.08,5.851303,-28.56244,1008.335
80.915686607,-13.6431,3.103127,-2.205514,-0.9052802,0.04761602,0.08982694,27.44277,5.847315,-28.56796,1008.337
80.947963715,-6.144286,-0.7712557,1.024343,-1.061388,-0.231981,-0.03131917,26.72749,5.860122,-28.18345,1008.337
80.982723713,17.59163,-2.532339,1.511869,-1.063315,0.01086605,0.0889917,26.72749,5.860122,-28.18345,1008.337
81.015000820,-6.206259,5.333833,-1.230463,-0.9520234,-0.02710695,0.07064871,27.07934,6.215819,-28.56706,1008.337
81.049756527,-15.7502,14.60887,-1.169522,-0.9922303,0.01450264,0.1023955,27.45305,5.852144,-28.19448,1008.339
81.082033634,-7.693627,14.37406,-1.291404,-1.033056,-0.1227665,0.04272344,27.45305,5.852144,-28.19448,1008.34
81.114310741,3.895448,13.0826,0.5368175,-1.024516,-0.0799275,-0.03246783,27.81516,6.212672,-28.20461,1008.342
81.149071217,-4.099155,9.501731,0.04929184,-1.010725,0.03105836,0.005358284,28.55204,6.574846,-27.78453,1008.342
81.181348324,-12.27968,9.149514,0.04929184,-0.9999586,-0.02017981,0.0132622,28.55204,6.574846,-27.78453,1008.338
81.216108322,-16.80376,11.73244,-1.108582,-1.005215,-0.05414373,-0.008674326,27.83847,6.588457,-27.33777,1008.338
81.248381615,-19.71652,13.20001,-1.596107,-0.9946184,-0.03864562,-0.01392687,28.92747,6.211976,-27.3497,1008.336
81.283141136,-8.437311,12.49557,-3.60715,-1.0404,-0.07625146,0.06620879,28.56336,6.944996,-27.35342,1008.336
81.315418720,10.5886,10.79319,-3.302447,-1.039078,-0.04452752,0.001605546,28.56336,6.944996,-27.35342,1008.336
81.347695827,4.205316,10.9693,-5.618194,-1.020355,0.004321272,-0.02232899,28.95906,7.686138,-26.12323,1008.338
81.382455349,-1.806129,7.153619,-11.89509,-1.092015,-0.125729,0.07522406,30.02513,7.663708,-26.94898,1008.34
81.414732933,17.34373,-4.586936,-12.8092,-0.9547863,0.03156249,-0.1789495,30.02513,7.663708,-26.94898,1008.34
81.449613094,-14.20086,5.68605,-8.482407,-0.9519769,0.1132868,-0.0556975,30.03712,7.669343,-26.51326,1008.336
81.481890201,-31.0577,5.099022,-11.04192,-1.02269,-0.2523346,-0.0726106,29.68528,7.313645,-26.12964,1008.336
81.516650200,7.48992,-1.182175,-5.557253,-1.008063,-0.08911281,-0.04367461,29.68528,7.313645,-26.12964,1008.336
81.548927307,8.295577,-2.532339,-7.324533,-0.9934974,-0.1538204,-0.1581655,29.3325,8.416816,-25.70225,1008.336
81.581204414,17.03386,-2.591042,-5.861957,-1.025006,-0.0584542,0.02131702,29.3325,8.416816,-25.70225,1008.34
81.615964413,10.52663,-3.236773,-3.972795,-0.9915989,-0.09141338,-0.02245187,29.3325,8.416816,-25.70225,1008.336
81.648237705,-4.470997,-1.475689,0.1102325,-1.010773,-0.1630967,-0.02475188,29.32118,8.046665,-26.13336,1008.336
81.682998180,-3.85126,-2.825853,7.057473,-1.030592,-0.1616622,-0.01309848,30.03448,9.127405,-26.53172,1008.336
81.715275288,2.098212,-2.76715,14.79694,-0.980804,-0.1830912,-0.09551222,30.03448,9.127405,-26.53172,1008.336
81.747552395,10.27873,-4.88045,21.13478,-1.014322,-0.10075,-0.0451776,29.33184,8.781332,-25.70687,1008.336
81.782312393,5.568736,-1.299581,20.40349,-1.016885,-0.04222939,-0.05305779,29.32118,8.046665,-26.13336,1008.339
81.814589500,-9.986653,-1.475689,16.62516,-1.030008,0.003391287,-0.002975927,29.32118,8.046665,-26.13336,1008.341
81.849345207,-13.70507,-6.758939,9.921686,-1.020852,0.01110799,-0.01842182,28.94879,7.681309,-26.49671,1008.341
81.881622314,-13.82902,-4.645639,5.10737,-1.015518,-0.008363347,-0.05673569,29.31289,6.948289,-26.493,1008.341
81.916382313,-4.594944,1.45945,-0.01164887,-0.9578594,-0.00771562,0.08575814,29.31289,6.948289,-26.493,1008.341
81.948659420,-15.56428,8.151567,5.8996,-1.041302,-0.109701,0.04958364,29.31289,6.948289,-26.493,1008.343
81.980936527,-32.48309,12.73038,10.16545,-1.059786,-0.09163942,-0.03149153,29.67566,6.944301,-26.49851,1008.344
82.015697002,0.2390016,7.153619,-0.1335303,-1.027341,0.06986558,-0.09590738,29.67566,6.944301,-26.49851,1008.346
82.047970295,-6.268233,2.222586,-20.48773,-1.045979,0.169386,-0.1296255,30.04739,7.674172,-26.13978,1008.346
82.082730293,17.6536,-19.90836,-52.66442,-1.183415,0.1700095,-0.2579204,30.05937,7.679807,-25.70405,1008.346
82.115007401,-8.25139,-39.39769,-91.42271,-1.230513,0.01958425,-0.338925,30.05937,7.679807,-25.70405,1008.346
82.149766922,90.10081,-81.66367,-122.99,-1.63631,-0.0406364,-0.6303899,29.68197,9.136223,-26.15273,1008.348
82.182044506,39.96412,-90.29298,-104.4031,-1.355759,-0.1527687,-0.2555168,28.20662,10.23526,-26.95372,1008.348
82.214321613,173.3314,-62.46787,-39.37934,-0.1528395,-0.1221578,-1.523095,28.20662,10.23526,-26.95372,1008.348
82.249077320,226.009,85.87405,9.312279,0.1529637,0.9500874,0.03853245,24.50667,11.33569,-29.46453,1008.344
82.281354427,-93.09333,132.3667,25.33968,-1.052514,-0.5947281,0.3045228,22.02968,10.2694,-29.41299,1008.342
82.316114902,237.2263,45.07561,49.95973,-1.365513,0.2104774,1.271819,25.31168,6.257496,-26.85882,1008.342
82.348392010,-449.3179,12.20206,-12.50449,-1.382216,-0.1808706,2.758137,25.31168,6.257496,-26.85882,1008.344
82.383152008,230.0993,-56.5976,-34.0775,-0.5806113,-0.350319,-0.8012123,27.16301,4.491825,-25.61915,1008.344
82.415429115,-327.6636,73.07684,-45.65623,-1.074205,-0.3033049,0.6388324,27.14253,9.164143,-26.11412,1008.344
82.447702408,341.466,-108.6083,-47.8501,-1.389722,-0.7098426,-0.8218172,27.14253,9.164143,-26.11412,1008.344
82.482461929,32.89912,-61.23512,-49.43456,-1.068252,-0.1967194,-0.04464017,26.80439,8.814886,-25.23253,1008.342
82.514739513,145.6292,-97.86565,-73.99367,-1.112323,-0.1340892,0.05298211,24.90765,9.160706,-28.19741,1008.339
82.549499035,101.9378,-132.7938,-99.71065,-1.498292,-0.1165484,-0.01376773,24.90765,9.160706,-28.19741,1008.339
82.581776142,34.69636,-180.2256,-115.6771,-1.23574,-0.2345498,0.2151123,23.07574,8.048605,-31.0825,1008.344
82.616536617,21.86781,-185.4502,-113.2395,-1.049545,-0.4014589,0.3563763,18.64024,8.05783,-34.00415,1008.338
82.648809910,67.2945,-175.3533,-134.0812,-1.441561,-0.9179913,-0.3674897,18.64024,8.05783,-34.00415,1008.338
82.681087017,218.8201,-176.3513,-141.3331,-0.2728898,-0.1834502,0.4855037,12.74137,9.171726,-37.29108,1008.336
82.715847015,-112.0573,-108.256,-134.8125,-0.5680476,-1.151942,0.4013491,6.56376,9.570381,-39.75496,1008.336
82.748124123,201.8393,-136.8443,-156.5074,-0.7182595,-0.8317269,-0.2278774,6.56376,9.570381,-39.75496,1008.336
82.782884121,309.3636,-147.9978,-150.718,0.5367947,-0.0259087,-0.5499044,-0.02245402,8.521258,-41.75822,1008.334
82.815161228,573.1855,-145.2975,-98.79653,0.9534486,1.228789,-0.07860027,-4.719028,5.634584,-43.33117,1008.334
82.849916935,52.35885,-135.3767,-7.385474,0.3766142,2.117596,1.934934,-4.719028,5.634584,-43.33117,1008.334
82.882194042,-242.8217,-162.9083,58.67425,0.03570953,1.783911,2.146001,-10.4306,-7.695733,-40.58304,1008.336
82.914471149,-552.0083,-16.21009,-24.20511,-0.3380782,-0.9806299,0.06487073,-15.79365,-18.84777,-38.2416,1008.336
82.949231625,-51.26111,-152.9875,-47.5454,0.1364825,-1.500635,1.154913,-15.79365,-18.84777,-38.2416,1008.334
82.981509209,132.7387,-130.5044,-84.17077,-0.03644836,-2.209797,1.094691,-19.07745,-7.236158,-40.4562,1008.336
83.016268730,338.5532,-55.54095,-117.4444,-0.2387665,-0.4523536,1.217761,-23.74393,-2.418235,-38.32812,1008.336
83.048542023,204.6281,-106.9059,-98.30901,0.5479857,0.3160377,1.100542,-23.74393,-2.418235,-38.32812,1008.336
83.083302021,4.45321,-53.07543,-23.35194,1.024855,-0.2519085,0.7496591,-25.80198,-9.209444,-34.3488,1008.336
83.115579128,280.0501,-11.45516,-55.89428,-0.04887037,-0.6400753,-0.07449687,-27.14145,-19.72098,-30.83156,1008.336
83.147856236,357.0214,-87.29914,-86.18181,0.25772,0.9805503,1.086092,-27.14145,-19.72098,-30.83156,1008.33
83.182616234,23.04531,9.971353,-118.846,0.3109906,-0.1578166,0.8445529,-27.03315,-21.79822,-27.00758,1008.33
83.214893341,266.6638,-2.649745,-79.17363,-0.2515546,-0.1987817,0.5129265,-26.1031,-31.56038,-20.1091,1008.33
83.249649525,272.3034,-19.08652,-27.13026,0.1565848,0.4869812,0.7523476,-23.45034,-35.48732,-16.2384,1008.33
83.281926632,356.4016,-29.88783,-19.6955,0.2153322,0.7890621,0.7360514,-23.45034,-35.48732,-16.2384,1008.33
83.314203262,510.5921,-88.88412,-9.701221,0.4422009,1.912257,0.5471231,-22.42644,-39.36813,-5.616724,1008.33
83.348963737,73.36792,-73.44529,2.060335,0.3467198,2.219854,0.5756669,-21.64192,-41.36281,9.593647,1008.332
83.381240845,-191.0117,4.101075,28.56954,0.4152537,0.7190927,-0.3747526,-21.64192,-41.36281,9.593647,1008.332
83.416000843,-75.12097,26.58424,29.48365,0.2919346,0.7514189,-0.2988866,-20.49934,-39.16031,11.66579,1008.33
83.448274135,-173.845,57.5793,11.26238,0.3620812,0.6784536,-0.4696231,-20.98855,-40.31024,7.016654,1008.33
83.483033657,-226.1508,92.80098,-14.82024,0.3626243,0.1774214,-0.6639148,-20.98855,-40.31024,7.016654,1008.33
83.515311241,-31.0577,130.5469,-40.11063,0.2232131,-0.1831649,-0.7077237,-22.27616,-40.02714,-0.1920309,1008.324
83.547588348,171.7201,163.303,-59.9773,-0.02290957,0.2665989,-0.5832928,-21.34943,-39.75024,-6.064382,1008.324
83.582347870,212.4368,192.7131,-101.7217,-0.3312744,0.4876059,-0.3652745,-21.34943,-39.75024,-6.064382,1008.324
83.614625454,204.6901,207.0366,-140.7847,-0.7640114,0.3174869,-0.2193107,-18.72622,-41.56291,-3.154317,1008.324
83.649381637,388.0702,-11.98349,21.37854,-0.7448971,10.81692,2.696019,-14.65348,-43.72802,1.855609,1008.323
83.681658745,-955.147,-105.0274,127.781,-0.608362,1.113175,0.8276554,-14.65348,-43.72802,1.855609,1008.326
83.716418743,314.3835,64.27143,38.9904,-0.08577018,-2.159888,-2.274487,-9.524401,-45.94921,3.486748,1008.328
83.748695850,561.2246,28.93235,-73.01862,0.7877258,0.1642448,-0.6276811,-13.62213,-42.84683,-13.36849,1008.328
83.780972958,225.0794,183.1446,-115.7381,-0.448187,1.836154,0.1197992,-13.62213,-42.84683,-13.36849,1008.328
83.815732956,-335.5963,-177.4666,43.56096,0.11149,2.673148,1.01868,-12.74344,-44.79724,5.265447,1008.33
83.848006248,-328.9651,130.1359,14.30942,0.3412531,-0.3076528,-0.4142718,-10.50856,-44.7938,7.348742,1008.331
83.882765770,314.5694,-36.93217,10.22639,-0.405275,0.7003791,0.2239562,-10.50856,-44.7938,7.348742,1008.335
83.915042877,74.79331,-2.004014,3.827616,-0.06664089,1.699558,-0.2414782,-11.5016,-45.64123,-2.403726,1008.336
83.949803352,-88.07346,10.26487,-9.335577,-0.07004022,0.7565912,-0.03702013,-11.68842,-46.28417,3.960184,1008.336
83.982080936,-215.3674,10.32357,7.788761,-0.6200453,0.8573378,1.169951,-11.68842,-46.28417,3.960184,1008.336
84.014358044,241.3785,-22.7848,-6.349483,-0.05332895,0.2818429,-0.4859695,-11.38518,-45.58649,1.829049,1008.334
84.049113750,72.12845,-2.356231,22.71923,-0.3615295,1.534434,0.5486407,-12.15696,-45.60025,0.1594193,1008.336
84.081390858,-32.85493,-13.92068,20.2816,-0.1250647,1.133517,-0.005268611,-12.15696,-45.60025,0.1594193,1008.336
84.116150856,-77.72386,-13.21624,26.98508,-0.1674964,0.9614403,0.2326631,-12.0159,-45.89876,5.268264,1008.336
84.148427963,-87.08189,-18.08858,29.54459,-0.07546114,0.9374502,0.3585059,-12.78939,-45.91332,3.536387,1008.336
84.183187961,-60.80505,-14.91862,26.25379,-0.07179348,0.8198848,0.3636308,-14.33428,-45.2118,0.1878967,1008.337
84.215465069,-45.93137,-20.90631,35.0902,-0.1062241,0.8701988,0.3886464,-14.33428,-45.2118,0.1878967,1008.337
84.247737884,-38.43256,-25.71994,37.71065,-0.02482259,0.9819988,0.3238425,-15.11871,-44.86668,-1.922076,1008.341
84.282498836,-81.50426,-22.02166,24.24275,0.004583217,1.056475,0.4276584,-16.54426,-44.50297,-3.150483,1008.343
84.314774990,-87.45373,-19.49744,4.071378,0.09911756,0.788541,0.5376056,-16.54426,-44.50297,-3.150483,1008.343
84.349535465,-33.04085,5.862158,-7.568296,0.1457812,0.4867533,0.5512592,-17.7024,-43.79417,-5.633036,1008.343
84.381812572,37.36123,16.60477,-16.34376,-0.0001766221,0.6634895,0.5627308,-17.02479,-43.82469,-7.386974,1008.344
84.416572571,62.95635,11.61503,-18.23292,-0.0226192,0.9269226,0.4917612,-17.02479,-43.82469,-7.386974,1008.346
84.448845863,41.14162,8.679892,-16.1,-0.06198806,0.9860815,0.4177329,-17.36426,-43.44492,-6.514621,1008.346
84.481122970,11.08439,3.983669,-4.033736,-0.06666183,0.9031751,0.3756958,-16.21639,-44.15854,-4.405548,1008.346
84.515882969,-13.08534,-1.475689,4.741726,-0.06620559,0.9397136,0.4474515,-16.21639,-44.15854,-4.405548,1008.346
84.548160076,-17.11362,-4.88045,7.423117,-0.02341904,0.848937,0.4705316,-16.21639,-44.15854,-4.405548,1008.349
84.582919598,3.833474,-0.8886613,3.644794,0.001401737,0.7827222,0.4739692,-16.22837,-44.16417,-4.841275,1008.349
84.615197182,30.42017,5.451239,-1.900811,-0.009337977,0.8228301,0.4660019,-16.22837,-44.16417,-4.841275,1008.349
84.649953365,29.55254,3.807561,-2.510218,-0.03189778,0.9372692,0.4111058,-15.56328,-44.17149,-4.851387,1008.345
84.682230472,9.411103,0.9898276,-0.4991745,-0.03198969,0.9671859,0.3856539,-16.5436,-44.86749,-3.145867,1008.345
84.714508057,-11.16415,-1.123472,1.572809,-0.02652838,0.9164804,0.4124263,-16.5436,-44.86749,-3.145867,1008.347
84.749267578,-9.057048,-0.7712557,0.9024618,-0.02199205,0.8498205,0.4444279,-16.18148,-44.50696,-3.155998,1008.347
84.781544685,2.594001,0.5202054,-0.07258957,-0.02392943,0.849313,0.4391114,-16.1911,-44.8763,-3.524863,1008.345
84.816304684,4.949,-0.1255251,-0.1335303,-0.0226143,0.9010434,0.4234492,-16.1911,-44.8763,-3.524863,1008.345
84.848577976,-1.620208,-0.2429307,-0.6210559,-0.02511201,0.9270933,0.4013645,-16.56652,-44.51344,-3.95969,1008.345
84.880855083,-9.676785,-0.1842279,-0.1335303,-0.03131544,0.9000523,0.4239458,-16.19176,-44.51179,-3.529478,1008.347
84.915614605,-9.738758,-0.947364,0.04929184,-0.02394891,0.8619376,0.4517526,-16.19176,-44.51179,-3.529478,1008.345
84.947892189,-3.665339,-0.7712557,0.1102325,-0.02828034,0.851748,0.4473531,-16.54492,-44.13845,-3.155099,1008.343
84.982651711,0.177028,0.05058321,-0.2554117,-0.02496299,0.8764004,0.436367,-16.21573,-44.52306,-4.400932,1008.346
85.014928818,0.9207119,0.3440971,-0.3772931,-0.02448054,0.8773745,0.4378218,-16.21573,-44.52306,-4.400932,1008.346
85.049685478,1.788343,0.109286,0.5977582,-0.0346472,0.8826703,0.4383573,-16.19176,-44.51179,-3.529478,1008.348
85.081962585,-1.620208,-1.945311,2.730683,-0.02351676,0.8802956,0.4421873,-15.8303,-43.78675,-3.544226,1008.348
85.114239693,-1.186393,-1.358284,2.304098,-0.02115298,0.9010918,0.4364992,-15.8303,-43.78675,-3.544226,1008.348
85.148999691,-5.586523,-0.3016334,0.5368175,-0.01922515,0.905469,0.4413543,-16.55453,-44.5078,-3.523963,1008.348
85.181276798,-11.84586,-0.6538501,0.1711733,-0.02791357,0.9006213,0.4461798,-16.56784,-43.7844,-3.968921,1008.348
85.216036796,-15.13047,-4.058611,2.365039,-0.02975936,0.8618883,0.4420961,-17.31671,-44.15221,-4.824728,1008.35
85.248310089,-12.77547,-3.647692,4.2542,-0.02341657,0.8455265,0.4637441,-17.31671,-44.15221,-4.824728,1008.348
85.283069610,-6.330207,-8.402617,4.802667,-0.02868279,0.8432865,0.5212719,-16.9426,-43.78605,-4.399133,1008.35
85.315346718,6.002552,-8.930942,3.888556,-0.03112976,0.8480451,0.4995495,-16.22837,-44.16417,-4.841275,1008.353
85.347623825,15.11268,-15.74047,6.326184,-0.07713892,0.8989246,0.5584341,-16.22837,-44.16417,-4.841275,1008.353
85.382383823,7.799788,-19.20393,2.974446,-0.01362413,0.8059866,0.4973389,-17.31737,-43.7877,-4.829344,1008.353
85.414660930,25.09044,-17.67766,0.4758768,-0.01743222,0.766643,0.4574814,-16.9426,-43.78605,-4.399133,1008.352
85.449417591,47.15306,-22.37388,-0.6819966,-0.0115003,0.9098399,0.4394287,-16.9426,-43.78605,-4.399133,1008.352
85.481694698,37.23728,-26.89399,-1.230463,-0.02571381,0.9818217,0.4152133,-16.89677,-44.49415,-2.771487,1008.347
85.516454697,-2.611787,-25.83734,-1.169522,0.02181577,0.9287922,0.4346303,-17.21226,-44.10311,-1.02768,1008.347
85.548731804,-0.4427086,-19.08652,-2.997743,0.05970072,0.8318638,0.3600314,-17.21226,-44.10311,-1.02768,1008.347
85.581008911,16.60005,-22.49128,-0.4382338,-0.01743898,0.9449323,0.3753437,-17.20199,-44.09828,-0.6542001,1008.349
85.615768909,-0.6906033,-23.43053,3.644794,0.03084845,0.9873067,0.4151226,-16.82656,-44.46115,-0.2193727,1008.351
85.648041725,-15.06849,-24.9568,5.655837,-0.03825771,0.9843463,0.4568304,-16.82656,-44.46115,-0.2193727,1008.351
85.682801723,-26.59559,-26.24826,2.669742,0.005400904,0.9009974,0.3861638,-16.80326,-44.08536,0.6474648,1008.349
85.715078831,-23.18704,-26.18956,1.755632,-0.006103586,0.8617988,0.3956345,-16.46511,-43.73611,-0.2341201,1008.349
85.749838829,-31.42954,-25.0155,-6.349483,-0.03647553,0.8401004,0.4444039,-16.46511,-43.73611,-0.2341201,1008.349
85.782115936,-23.31099,-27.42232,-10.98098,-0.05766341,0.8027771,0.4442373,-16.48737,-43.74657,-1.043327,1008.343
85.814393043,-10.85428,-32.29465,-16.34376,-0.08912618,0.8225889,0.462305,-15.77314,-44.1247,-1.485469,1008.343
85.849149704,11.7661,-25.07421,-27.73967,-0.02303897,0.9007973,0.4940307,-15.77314,-44.1247,-1.485469,1008.343
85.881426811,-11.78389,-45.44407,-19.81738,-0.09545954,0.8614686,0.5166849,-15.78579,-43.76582,-1.925812,1008.343
85.916186810,-1.186393,-41.21747,-22.80347,0.02071011,0.8075612,0.5045255,-15.47149,-43.76351,-1.494681,1008.343
85.948463917,1.664396,-44.50483,-20.97525,0.03520265,0.8261147,0.5408576,-15.47149,-43.76351,-1.494681,1008.342
85.983223438,10.46465,-49.72937,-20.3049,0.08541496,0.8430454,0.4963693,-14.00773,-44.13834,-1.076401,1008.342
86.015500546,7.056104,-45.9724,-20.79243,0.09305973,0.8768933,0.4820421,-13.27323,-43.41246,-0.7231832,1008.342
86.047778130,7.737814,-51.84267,-25.30204,0.127993,0.8325239,0.4971846,-13.27323,-43.41246,-0.7231832,1008.342
86.082533836,17.03386,-57.30203,-27.13026,0.1420303,0.8130774,0.4588521,-11.79749,-43.78166,0.1308246,1008.342
86.114810944,27.38346,-56.5976,-32.18834,0.09842744,0.8502335,0.4644752,-11.42405,-43.05098,0.5518041,1008.343
86.149570942,23.16926,-66.22485,-35.66196,0.04750697,0.9154449,0.4726907,-9.928037,-42.31617,2.20117,1008.343
86.181848049,-10.85428,-59.23922,-39.62311,0.05256556,0.7560995,0.2856499,-9.928037,-42.31617,2.20117,1008.345
86.214125156,62.8324,-80.02,-40.6591,-0.00527654,0.897383,0.3281536,-7.738067,-43.0635,2.613037,1008.347
86.248885631,44.2403,-81.48757,-32.37116,0.033967,1.072219,0.3363147,-6.592183,-42.68358,4.708261,1008.347
86.315918445,21.49597,-66.75317,-37.24642,0.1021278,0.8036135,0.1272453,-5.446961,-41.93914,6.79887,1008.347
86.348195553,47.15306,-64.63987,-34.26032,0.07719214,0.8903651,0.043674,-3.587509,-41.57284,8.447338,1008.347
86.382955551,21.37202,-41.15877,-40.72004,0.05439059,1.038987,-0.205853,-3.587509,-41.57284,8.447338,1008.343
86.415232658,62.15069,-14.449,-41.45133,0.0400143,0.76832,-0.239268,-1.437729,-41.21549,9.655481,1008.343
86.447509765,179.4049,-40.98266,-27.80061,0.008971531,1.500697,-0.01023787,-0.6655567,-40.4719,11.37813,1008.343
86.482265949,-66.07281,1.635558,-26.09427,0.03425836,1.16227,-0.2234794,-0.6655567,-40.4719,11.37813,1008.343
86.514543056,-4.842839,10.55838,-22.80347,-0.09814211,1.168132,-0.09504942,1.226155,-38.99594,14.25768,1008.344
86.549302578,-121.7871,10.9693,-5.801016,-0.03727228,1.058656,0.1067577,1.930111,-39.3789,13.44206,1008.343
86.581580162,-95.69623,28.11051,-5.922897,-0.038947,0.7616837,0.1543835,1.930111,-39.3789,13.44206,1008.343
86.616339683,-37.6269,22.53375,9.677923,-0.1140114,0.8890254,0.3815187,2.199379,-39.79168,10.01759,1008.343
86.648616791,-34.96204,11.028,8.885694,-0.06394763,0.9849935,0.3838902,2.142488,-40.54808,7.910435,1008.343
86.680890083,-59.19374,20.77266,-5.25255,-0.09518066,0.862577,0.2720706,2.142488,-40.54808,7.910435,1008.344
86.715650558,-13.89099,3.514047,1.694691,-0.105573,0.9969238,0.3695446,1.383352,-40.92072,6.681148,1008.344
86.747927666,-35.33388,5.451239,0.5977582,-0.07385344,0.8696912,0.3542496,2.09692,-40.93433,6.23439,1008.343
86.782687664,-11.65994,-4.528234,-0.9257594,-0.04089329,0.8466566,0.3835374,2.09692,-40.93433,6.23439,1008.343
86.814964771,-20.83204,4.101075,-5.130668,-0.04742303,0.9233277,0.308571,2.051353,-41.32058,4.558345,1008.343
86.849724770,-34.3423,3.16183,-7.568296,-0.06703649,1.04236,0.321376,2.027382,-41.33184,3.686892,1008.343
86.881998062,-50.39347,3.748858,-6.958889,-0.06965031,0.9418991,0.3812402,2.027382,-41.33184,3.686892,1008.34
86.914275169,-52.6865,5.744752,-8.360526,-0.0838393,0.8351765,0.4594646,2.005124,-41.34231,2.877685,1008.34
86.949068069,-21.07994,9.384325,-7.507356,-0.1054613,0.7609175,0.4131622,2.673787,-42.10669,0.7594976,1008.34
86.981345177,-32.04927,-2.414934,0.2930546,-0.1606656,0.7726452,0.3505009,2.673787,-42.10669,0.7594976,1008.342
87.016105175,-50.26953,8.679892,5.10737,-0.06809855,0.7762216,0.6137958,3.011931,-41.75742,-0.122087,1008.342
87.048382282,-56.77676,15.1959,-0.8648187,-0.0485739,0.8649477,0.5040342,2.614249,-41.40502,-1.366121,1008.342
87.083137989,-33.66059,31.80879,-11.7732,-0.04061805,0.7510402,0.4424561,2.614249,-41.40502,-1.366121,1008.344
87.115415573,-27.83507,16.07644,-7.873,-0.1446218,0.7427527,0.3696339,3.302524,-40.70087,-2.693564,1008.344
87.147692680,-40.16782,10.73449,-4.582202,-0.05991551,0.7936829,0.6187119,2.895892,-41.08232,-4.301847,1008.346
87.316523075,-24.92231,7.271025,-11.22474,-0.07412023,0.6741897,0.6412681,3.525952,-40.40555,-7.745677,1008.34
87.348800182,-21.01797,10.38227,-11.89509,-0.1191098,0.6920599,0.6690227,3.491047,-40.05713,-8.995227,1008.34
87.381077289,-7.383759,8.562487,-8.848051,-0.1610531,0.6352839,0.6581546,4.545134,-40.08519,-10.25671,1008.34
87.415837288,5.754657,7.975459,-6.532304,-0.1770587,0.6628911,0.6786505,4.545134,-40.08519,-10.25671,1008.34
87.448114395,9.287155,7.623242,-5.496313,-0.1835367,0.7392879,0.6655626,4.918184,-40.08435,-9.888742,1008.342
87.482870102,10.21676,9.677839,-5.130668,-0.186017,0.7556363,0.6366546,5.667047,-39.71654,-9.032936,1008.342
87.515147209,12.014,8.092864,-2.997743,-0.194247,0.7536181,0.619257,5.667047,-39.71654,-9.032936,1008.342
87.549907207,11.27031,6.33178,-1.352344,-0.1932928,0.7594313,0.6202549,5.667047,-39.71654,-9.032936,1008.34
87.582184315,7.180051,6.683997,-0.3772931,-0.1773284,0.7629283,0.6390945,5.679693,-40.07542,-8.592593,1008.342
87.614461422,1.788343,7.505836,0.9634025,-0.2049237,0.7627119,0.5985439,5.679693,-40.07542,-8.592593,1008.342
87.649221897,-6.144286,4.21848,3.949497,-0.2131498,0.7553345,0.5704802,5.681016,-40.80445,-8.583362,1008.342
87.681494713,-6.454154,5.157725,5.473014,-0.1893961,0.7312173,0.5736759,6.054455,-40.07378,-8.162382,1008.342
87.716255188,-14.26284,2.339991,6.082421,-0.1768271,0.7307512,0.5683284,6.054455,-40.07378,-8.162382,1008.336
87.748532295,-21.07994,-1.06477,7.118413,-0.1962732,0.7820628,0.5894499,6.04247,-40.07941,-8.598108,1008.336
87.780809402,-29.8802,-2.356231,6.204303,-0.2073537,0.767541,0.5976096,5.655062,-39.72218,-9.468662,1008.337
87.815569401,-47.91453,-4.704342,6.752769,-0.1758745,0.7551273,0.6206763,5.655062,-39.72218,-9.468662,1008.337
87.882602215,-110.9417,-5.056559,9.616982,-0.1718494,0.7206035,0.7113578,4.474272,-39.75367,-12.81344,1008.337
87.914879322,-129.6578,-14.27289,10.95768,-0.1872269,0.7106949,0.7993205,4.474272,-39.75367,-12.81344,1008.339
87.949639320,-162.7517,-24.8981,9.921686,-0.2314863,0.6303878,0.843919,4.390103,-38.69877,-15.81513,1008.341
87.981916428,-186.4257,-40.39563,-2.205514,-0.1872393,0.5298828,0.8509872,3.885331,-36.9374,-20.87467,1008.343
88.014193535,-191.8174,-52.13619,-14.08895,-0.1182401,0.4249397,0.9556314,3.885331,-36.9374,-20.87467,1008.343
88.048953533,-145.9569,-54.543,-56.19898,-0.01950268,-0.02875677,0.9378524,2.989565,-33.7868,-26.8801,1008.343
88.081226826,7.923736,-47.20515,-20.97525,0.1555548,-0.2558712,0.8868729,2.140967,-30.18841,-31.148,1008.338
88.115986347,-28.26888,-51.37305,-8.665229,0.04820068,0.433164,1.099868,2.140967,-30.18841,-31.148,1008.344
88.148263454,-38.30861,-42.27412,-12.13885,-0.02204792,0.2579986,1.020706,1.73667,-26.19085,-32.43819,1008.344
88.183023929,-80.88452,-19.43874,-11.89509,0.04710625,0.2538278,1.016666,1.362569,-26.55701,-32.86378,1008.344
88.215301037,110.8,-20.90631,-18.53762,-0.02631335,0.04919394,0.5264205,-0.1254282,-25.09909,-34.10513,1008.344
88.247578621,291.4532,-64.81598,-6.349483,-0.06612773,0.2248124,0.8325547,-0.1254282,-25.09909,-34.10513,1008.344
88.282334328,-166.5941,1.752964,0.1711733,0.1297837,0.528124,1.206588,-0.4070709,-25.42178,-31.1694,1008.346
88.314611435,-72.58005,6.390483,-12.68732,0.05540771,0.1632951,0.855148,-2.199048,-30.86394,-30.63685,1008.34
88.349371433,-80.45071,-13.09884,-6.837008,0.03456565,0.2441493,1.027273,-2.199048,-30.86394,-30.63685,1008.34
88.381648540,-85.4086,-0.06682235,-11.1638,0.03354757,0.2395373,0.9523163,-1.537662,-27.61865,-32.80582,1008.34
88.416408062,-70.47295,-18.32339,-17.07505,0.01590192,0.1618276,1.026846,-1.237068,-25.46291,-34.95541,1008.346
88.448685646,-116.7053,7.447133,-15.30777,0.2639844,-0.01372835,1.13457,-1.237068,-25.46291,-34.95541,1008.343
88.480958462,-70.84479,6.683997,-1.717989,0.02433419,-0.2462399,0.698186,-1.287266,-23.29755,-36.66377,1008.342
88.515718460,-46.55111,-0.7125529,8.946634,0.05230462,0.06965067,0.9276215,-0.6035116,-20.10254,-38.02275,1008.342
88.547995567,-47.60466,-28.06805,0.841521,0.04403123,-0.0600432,1.076768,-0.6035116,-20.10254,-38.02275,1008.342
88.582755566,-53.18229,-0.1842279,-3.789973,0.07635471,-0.08469083,0.9160564,-1.366617,-18.28808,-39.27974,1008.342
88.615032673,-64.27558,-11.57257,-0.6210559,0.1209991,-0.1303321,0.9761305,-1.394556,-16.11226,-40.17888,1008.342
88.649793148,-65.26716,-9.341861,4.071378,0.05298426,-0.196302,0.9875045,-1.394556,-16.11226,-40.17888,1008.342
88.682066441,-56.34295,-13.45106,1.268106,0.1256061,-0.2572941,0.9207701,-2.144353,-15.0212,-40.99091,1008.343
88.714342594,-45.24966,-11.92478,-0.194471,0.04729102,-0.2447327,0.9809567,-2.52573,-11.37768,-41.46728,1008.343
88.749103546,-43.20453,-20.31928,-4.886905,-0.002810529,-0.114162,0.9972771,-2.52573,-11.37768,-41.46728,1008.343
88.781380653,-62.66426,-26.60048,-16.28282,0.09140598,-0.3179308,0.9064793,-3.277239,-10.28743,-42.34155,1008.345
88.816140175,-35.45782,-28.59637,-9.57934,0.1819699,-0.3991852,0.8429751,-3.967234,-8.832518,-43.15911,1008.345
88.848417282,-27.64915,-22.7848,-3.485269,0.212169,-0.2399092,0.9796619,-3.967234,-8.832518,-43.15911,1008.347
88.883173466,-37.81282,-9.811483,-5.435372,0.2227032,-0.4308429,0.8915346,-4.697309,-6.333683,-43.17962,1008.347
88.915450573,-30.68586,-13.09884,2.852564,0.2378252,-0.2231039,1.061887,-5.411538,-5.955556,-42.73748,1008.347
88.947727680,-53.30624,0.8724221,-1.047641,0.1807902,-0.4801634,0.9387215,-5.411538,-5.955556,-42.73748,1008.345
88.982487679,-21.51375,-6.700236,9.129457,0.1502753,-0.3070331,0.7879719,-5.413523,-4.862009,-42.75132,1008.345
89.014764786,-51.07519,4.570697,-0.3163524,0.2901215,-0.510919,0.9097882,-6.143045,-2.666938,-42.76799,1008.345
89.049524307,-20.7081,-2.356231,6.021481,0.1177503,-0.437104,0.846282,-6.143045,-2.666938,-42.76799,1008.345
89.081797600,-29.8802,-3.8238,6.691829,0.193034,-0.3495469,0.9157493,-5.807547,-0.8596163,-43.66804,1008.343
89.114074707,-55.10347,4.511994,4.2542,0.166258,-0.4817778,0.9029692,-5.80887,-0.1305847,-43.67727,1008.342
89.148834705,-27.89704,-5.115262,5.229252,0.1493026,-0.5190946,0.7582453,-5.80887,-0.1305847,-43.67727,1008.343
89.181111812,-35.5198,-1.534392,2.730683,0.1735319,-0.4938881,0.8932159,-5.435431,0.6000929,-43.25629,1008.338
89.215872288,-14.88257,-5.702289,-2.571158,0.1983979,-0.650319,0.6926126,-5.440061,3.151703,-43.2886,1008.338
89.248149395,-58.3261,7.975459,4.437023,0.1946498,-0.7094497,0.668596,-6.1676,4.253228,-43.29142,1008.338
89.282905578,-0.07086667,-10.51592,4.071378,0.1785916,-0.3869509,0.886078,-6.1676,4.253228,-43.29142,1008.339
89.315182686,-48.59624,6.449186,-0.4382338,0.2259643,-0.6091742,0.8155806,-5.806146,4.978271,-43.30616,1008.336
89.347459793,1.912291,-0.7125529,4.619844,0.1558512,-0.6386904,0.7328959,-6.169584,5.346775,-43.30526,1008.336
89.382219314,-12.40363,7.329728,-1.413285,0.1671636,-0.7141007,0.7474293,-6.169584,5.346775,-43.30526,1008.336
89.414496899,15.85636,-2.532339,4.010437,0.1309729,-0.5292228,0.7838495,-6.158812,6.020688,-42.878,1008.336
89.449256420,-9.800733,-2.12142,1.938454,0.1541999,-0.5168698,0.8394652,-5.809343,6.740096,-43.32847,1008.334
89.481529713,-12.2177,-4.763045,-3.424328,0.1567442,-0.6038104,0.7432445,-5.809343,6.740096,-43.32847,1008.333
89.516289711,6.188473,-5.995803,-3.119625,0.1450232,-0.5359102,0.797801,-6.533574,6.019042,-43.30821,1008.333
89.548566818,-13.27126,-4.117314,-3.180565,0.2202022,-0.6402982,0.7752907,-6.534897,6.748074,-43.31744,1008.331
89.580843925,11.51821,-5.467478,-4.338439,0.1781571,-0.6764831,0.7002426,-6.534897,6.748074,-43.31744,1008.331
89.615603924,34.38649,0.5789082,-1.108582,0.2686152,-0.6692382,0.7624524,-6.511977,6.394022,-42.50362,1008.331
89.647881031,55.95333,17.3092,-2.266455,0.1842857,-0.590623,0.7558295,-6.885026,6.393181,-42.87159,1008.329
89.682636738,37.60912,6.7427,0.5977582,0.252556,-0.3770411,0.8917762,-6.885026,6.393181,-42.87159,1008.325
89.714913845,40.70781,32.63062,-6.349483,0.2079073,-0.5976955,0.6479316,-6.871556,4.636184,-42.4758,1008.325
89.749674320,57.99846,25.7037,-6.837008,0.1950705,-0.3828359,0.9440785,-6.553024,3.516915,-44.14812,1008.325
89.781951427,14.30702,44.42988,-8.604288,0.1922862,-0.383337,1.084279,-6.553024,3.516915,-44.14812,1008.325
89.814228058,-3.107576,42.5514,-13.72331,0.1689949,-0.3695676,1.025911,-4.723846,1.680029,-43.7169,1008.323
89.848988533,-40.84953,54.58546,-20.67055,0.1095906,-0.4227054,0.9609565,-3.680686,-0.1482162,-43.27372,1008.322
89.881261826,-35.64375,71.84409,-22.55971,0.08525575,-0.3515928,0.9744661,-3.680686,-0.1482162,-43.27372,1008.322
89.916021347,-94.33281,84.23038,-21.21902,0.008484155,-0.2018621,0.9551784,-2.243548,0.9237423,-43.74535,1008.323
89.948298931,-155.4388,96.85147,-32.98057,0.03756417,-0.2562315,0.8803571,0.666683,3.084563,-43.38144,1008.323
89.983058453,-207.8686,126.7312,-43.46237,0.03080471,-0.505383,0.7634131,0.666683,3.084563,-43.38144,1008.323
90.015335560,-180.2283,123.1503,-43.70613,-0.01192522,-1.148212,0.4606015,3.960737,5.920139,-42.22231,1008.323
90.047613144,79.68923,102.4869,-28.34908,-0.232547,-0.826885,0.6480611,8.018915,13.93425,-39.39669,1008.323
90.082368851,15.42255,121.2718,-48.27669,-0.1741123,-0.5421785,0.7887844,8.018915,13.93425,-39.39669,1008.323
90.114645958,45.97557,139.1175,-52.17689,-0.2530402,-1.148668,0.6728648,11.23843,17.91915,-38.68697,1008.323
90.149405956,113.6508,97.90812,-34.62597,-0.1426633,-0.5249088,0.8603637,14.55268,17.17677,-36.98448,1008.323
90.181683063,10.40268,134.2451,-38.83088,-0.1879212,-0.8686942,0.6965545,14.55268,17.17677,-36.98448,1008.325
90.216442585,20.56636,88.16346,-14.14989,0.08673129,-0.5454872,0.4483459,17.83191,14.9586,-36.63294,1008.325
90.248720169,32.9611,125.5571,-12.38261,-0.1303152,-1.115484,0.6510342,21.51922,14.21706,-34.56248,1008.325
90.280992985,52.91662,104.0132,-5.861957,-0.5857129,-0.7674991,1.192545,23.69496,13.49212,-32.46903,1008.325
90.315753460,-41.90308,64.03662,3.401031,-0.745442,-0.5174853,1.133397,23.69496,13.49212,-32.46903,1008.325
90.348030090,-71.34058,32.27841,21.56136,-0.7079901,-0.5521919,0.7130113,26.99657,13.10862,-31.20687,1008.325
90.382790565,-73.38571,-2.884556,38.80758,-0.819178,-0.4922889,0.9195365,28.88198,12.39264,-28.67311,1008.327
90.415067673,-128.2944,-45.26796,61.41658,-1.135523,-0.3421465,1.224671,28.88198,12.39264,-28.67311,1008.325
90.449827671,-338.3851,-268.1037,55.07875,-1.866472,0.04976342,1.394778,29.62648,14.21771,-27.89801,1008.325
90.482100963,-68.92361,-171.9485,26.61944,-0.5171445,0.1819941,0.2879643,28.88696,15.3136,-28.33655,1008.325
90.514378071,-466.9804,-25.89605,-44.07178,-1.109685,-0.5480515,-0.8683943,28.88696,15.3136,-28.33655,1008.325
90.549137592,-24.05467,-204.7047,-72.89674,-0.8133714,-2.14563,-0.3062087,23.79185,18.64525,-28.67436,1008.325
90.581415176,298.8901,-191.614,6.265244,-0.3645415,-0.320645,-0.2238,20.65071,28.13497,-25.81929,1008.325
90.616174698,-99.66254,-114.3024,24.18181,-0.1879296,-0.3528821,-0.1755366,20.65071,28.13497,-25.81929,1008.322
90.648451805,33.76675,-90.93871,89.99777,0.2576566,-1.825228,-1.771031,15.40116,25.92162,-32.06354,1008.322
90.680725098,651.4583,-115.4178,236.4992,0.7630924,0.4608634,-0.3286267,12.12418,25.95188,-32.44962,1008.322
90.715485096,117.3692,66.20862,229.6129,-0.009177959,1.038996,1.279891,12.12418,25.95188,-32.44962,1008.32
90.747762203,-198.6965,86.16756,215.3528,-0.3882347,-0.2606513,-0.6362644,11.93503,14.97895,-39.90601,1008.32
90.782522201,-33.66059,27.9931,227.9066,-0.2329998,-0.9391531,0.3631618,13.81818,2.283444,-38.09214,1008.318
90.814799309,71.69463,52.53086,222.2391,-0.2738018,0.1177487,0.8309432,13.81818,2.283444,-38.09214,1008.318
90.849559784,-334.1709,76.12939,199.2645,-0.8899387,0.1243706,0.735621,16.75305,4.09102,-36.85217,1008.318
90.881832600,-361.4393,48.95,210.3557,-1.23184,-0.8846883,0.1437258,18.646,-1.728978,-34.31602,1008.318
90.914109230,-140.2553,-38.28233,238.2056,-0.9309438,-0.9262881,0.1800656,18.646,-1.728978,-34.31602,1008.318
90.948869705,-54.29782,-5.350072,218.0342,-0.9279202,0.1001979,0.3459138,20.14606,3.385657,-32.28632,1008.318
90.981146812,-258.8729,36.62241,173.1818,-1.328527,-0.1378859,-0.02779122,20.14673,3.021141,-32.2817,1008.318
91.015906811,-244.9288,49.59573,142.3458,-1.103488,-0.3250796,-0.3363242,20.14673,3.021141,-32.2817,1008.318
91.048183918,-313.5956,100.3149,112.3021,-1.016249,-0.4710862,-0.5123471,19.06236,0.8460121,-32.23746,1008.322
91.082939625,-196.9612,107.8289,107.7315,-1.328214,-0.9252056,-0.7361552,20.55413,4.86227,-30.56739,1008.326
91.115217209,-50.95124,85.75665,102.5516,-1.731282,-1.456044,-0.244714,20.55413,4.86227,-30.56739,1008.325
91.147494316,272.0555,6.273077,72.02026,-1.276197,-0.874064,-0.2539882,23.84264,9.548458,-27.31403,1008.325
91.182253837,824.4887,26.23202,67.20595,-2.544751,2.560761,-1.769543,27.12829,11.34641,-26.51529,1008.325
91.214531421,-349.2924,4.394588,-12.68732,-0.05928732,0.7948192,1.38255,27.12829,11.34641,-26.51529,1008.329
91.249290943,-79.83097,36.91593,7.605939,-0.9790751,-0.8503399,-0.5020143,27.12339,0.824934,-27.25365,1008.333
91.281564236,-2.983629,34.2156,24.97404,-1.160429,0.1643101,0.0402793,26.40644,-3.905793,-27.18262,1008.333
91.316324234,-71.34058,32.2197,18.57527,-1.079935,0.04965526,-0.01759187,27.87622,-0.9943519,-26.37015,1008.333
91.348601341,-41.65519,17.42661,25.5225,-0.9933721,-0.1718706,-0.05819655,27.87622,-0.9943519,-26.37015,1008.333
91.380878448,16.84794,9.208217,18.81903,-1.0106,0.1566256,-0.06934446,28.97417,-0.6369715,-26.01783,1008.336
91.415637970,-21.26586,8.386378,-2.266455,-0.9985254,0.4429165,0.1498048,28.98681,-0.9958534,-25.57749,1008.336
91.447915554,-96.74978,34.97874,-14.7593,-0.9995714,-0.001030952,-0.04850991,28.98681,-0.9958534,-25.57749,1008.338
91.482671738,-52.06676,18.77677,-13.29672,-1.092419,-0.01745112,-0.1030317,28.63536,-0.6217141,-25.14087,1008.339
91.514948845,-35.20993,23.06207,-3.972795,-0.9893918,-0.199739,-0.002768132,30.46858,1.921223,-24.3293,1008.339
91.549708843,3.08979,22.76856,7.179354,-1.041602,-0.01516549,-0.04269842,30.46858,1.921223,-24.3293,1008.339
91.581985950,14.67886,23.17948,-1.778929,-0.8975295,0.1448942,-0.1996999,30.4782,2.290567,-23.96044,1008.339
91.614263058,-48.2244,29.81289,-7.324533,-1.005465,0.09533052,0.1173867,30.49018,2.296202,-23.52471,1008.338
91.649023056,-67.12637,17.60271,-1.352344,-1.168062,-0.1670441,-0.1999236,30.49018,2.296202,-23.52471,1008.338
91.681296348,-1.372313,6.33178,9.007575,-0.83623,0.186148,-0.2160343,30.53641,2.317935,-21.84405,1008.338
91.716055870,-51.63295,21.77061,6.691829,-1.082713,-0.01580952,-0.05518289,31.62408,2.670486,-21.86521,1008.341
91.748333454,-41.65519,17.54401,8.032524,-0.9024678,0.199674,-0.1669873,31.62408,2.670486,-21.86521,1008.339
91.783092976,-43.32848,23.29688,-2.449277,-1.025292,-0.01175158,-0.1916133,31.6454,4.139819,-21.01222,1008.339
91.815370083,-22.8152,4.511994,1.389987,-1.084263,0.03166375,-0.03943958,32.38162,4.866508,-20.59676,1008.342
91.847647190,18.45926,2.222586,6.630888,-0.9564836,0.1057918,-0.2645759,32.38162,4.866508,-20.59676,1008.342
91.882403374,-3.231523,4.570697,-1.474226,-1.047601,0.04850975,-0.09743546,32.75639,4.868154,-20.16655,1008.342
91.914680481,0.362949,-1.416986,2.974446,-0.9996413,0.193612,-0.1600443,32.75639,4.868154,-20.16655,1008.342
91.949440479,2.779922,1.987775,1.755632,-0.9341928,-0.02637693,-0.5863788,32.75639,4.868154,-20.16655,1008.344
91.981717587,-10.35849,-15.97528,-10.31063,-1.020431,0.1437666,0.2859311,32.76903,4.509273,-19.7262,1008.346
92.013994694,34.20057,-20.08447,-6.715127,-1.110138,0.09116191,-0.1676402,32.39493,4.14311,-20.1518,1008.347
92.048755169,20.44242,-21.78685,-9.701221,-0.99039,0.1816858,-0.117106,32.39493,4.14311,-20.1518,1008.347
92.081027508,-19.22073,-9.165752,-14.4546,-0.9926716,-0.06790839,-0.08274575,32.01884,4.870496,-20.59124,1008.349
92.115787983,33.82873,-28.65508,-6.227601,-0.9993484,0.1288549,0.008790463,31.64342,5.233366,-21.02607,1008.351
92.148065090,-15.7502,-10.75073,-6.776067,-0.9861073,-0.01449731,-0.1781771,31.64342,5.233366,-21.02607,1008.352
92.182825088,8.85334,-12.04219,-7.324533,-1.015555,0.02373483,-0.009659545,31.6321,4.863216,-21.45718,1008.354
92.215102196,12.9436,-14.74252,-5.25255,-1.027677,0.01037047,-0.08754304,31.25838,5.22689,-21.82976,1008.354
92.247379303,-6.206259,-4.939153,-7.324533,-0.9841281,0.02234505,-0.01795364,31.25838,5.22689,-21.82976,1008.358
92.282135486,23.23123,-8.696131,-5.069727,-1.021926,0.07321024,0.02979403,30.88362,5.225244,-22.25997,1008.358
92.314412594,6.870183,-0.5364445,-7.385474,-1.036248,-0.05947444,-0.1275637,30.50952,4.859082,-22.68557,1008.358
92.349172115,10.89847,-1.299581,-9.57934,-1.032968,0.009492243,-0.05659655,30.15873,4.868705,-22.24433,1008.356
92.381449222,10.89847,-5.584884,-7.629237,-1.017036,0.02311898,-0.04736808,30.15873,4.868705,-22.24433,1008.356
92.416209221,13.06755,-8.989644,-3.911854,-1.010332,0.05462809,-0.03705115,30.1341,5.221951,-23.12039,1008.352
92.515519619,-19.03481,11.84984,-12.26073,-1.10487,-0.05168055,-0.05437222,29.77132,5.225941,-23.11488,1008.35
92.547796726,-4.223102,7.858053,-12.32167,-0.9414257,-0.02724362,0.02131434,29.77132,5.225941,-23.11488,1008.352
92.582556248,-30.19007,12.43687,-15.064,-0.9942923,0.01396802,-0.05375383,29.77132,5.225941,-23.11488,1008.352
92.614833832,-48.41032,17.3679,-23.71758,-0.9275283,-0.010131,-0.08159076,30.15685,5.9015,-22.2574,1008.352
92.649594307,-66.44466,24.17742,-31.15235,-0.9649983,-0.1538633,-0.1949685,30.90335,6.633018,-21.46846,1008.352
92.681867123,-51.38506,28.58013,-25.66769,-0.9569172,-0.1353581,-0.3104225,30.90335,6.633018,-21.46846,1008.348
92.714143753,-16.67981,22.47504,-14.14989,-0.9953368,-0.02642615,-0.2633102,30.92335,8.831383,-20.6247,1008.348
92.748904228,-13.45718,29.63678,0.1711733,-0.9973243,0.006577019,-0.2331451,30.95494,10.30554,-19.39823,1008.348
92.781181335,-10.66836,28.63884,-1.900811,-1.10226,0.2529813,-0.1183932,30.95494,10.30554,-19.39823,1008.349
92.815941334,-95.07649,45.42783,-20.24396,-1.070672,-0.08047745,-0.2987462,30.6268,11.05547,-18.09477,1008.351
92.848218441,-78.5915,46.48448,-24.44887,-1.035685,-0.3865039,-0.3837131,31.41057,11.07486,-15.98941,1008.351
92.882974148,-8.561259,27.22997,-8.848051,-0.9939257,-0.1731396,-0.1466719,31.41057,11.07486,-15.98941,1008.351
92.915251732,33.20899,11.14541,13.27343,-0.8820225,-0.1705085,0.1069072,31.46548,12.9248,-13.8961,1008.351
92.947528839,62.21267,-8.0504,30.70247,-0.9572461,0.1867782,0.2154574,31.4768,13.29495,-13.46499,1008.355
93.014565468,-32.2352,-4.23472,24.97404,-0.8635669,-0.08611695,-0.138723,31.82891,12.5563,-13.897,1008.357
93.049325466,-50.88927,12.02595,22.17077,-0.9024789,-0.07593422,-0.3856184,32.54446,11.44914,-14.32991,1008.355
93.081598759,-35.82967,22.29893,11.26238,-0.9095384,-0.1640906,-0.4039916,32.54446,11.44914,-14.32991,1008.355
93.116358280,32.21741,-1.06477,16.01575,-1.044414,0.09998856,-0.189003,32.55711,11.09026,-13.88957,1008.355
93.148635864,-15.87415,5.803455,17.90492,-1.207912,-0.09370517,-0.2303608,32.95414,11.10237,-12.65015,1008.353
93.180912971,57.00688,-13.80327,16.44234,-1.281463,-0.1283374,-0.3918677,32.95414,11.10237,-12.65015,1008.351
93.215672493,56.0153,-29.88783,8.276287,-1.198474,-0.0008189357,-0.2462899,33.31889,10.00484,-12.64182,1008.349
93.247950077,24.7186,-15.68176,-12.44355,-1.042871,-0.09895644,-0.06299311,33.28465,9.988737,-13.88675,1008.349
93.282706261,36.43162,-27.0701,-32.7368,-1.130361,-0.1401253,-0.1423226,33.26333,8.519405,-14.73974,1008.349
93.314982891,51.98701,-38.34103,-38.09959,-1.170611,0.1030824,-0.1688924,33.26333,8.519405,-14.73974,1008.349
93.349743366,65.12543,-46.97034,-21.82842,-0.9522814,0.0485455,-0.02464144,32.86565,8.871811,-15.98378,1008.349
93.382020473,90.96844,-35.22979,0.04929184,-0.9229563,0.5110849,-0.07621982,31.7291,9.955589,-17.66174,1008.349
93.414297581,41.57544,-30.29875,9.982627,-0.9721823,0.2670523,-0.07460064,31.7291,9.955589,-17.66174,1008.351
93.449057579,21.43399,-40.21952,15.65011,-1.087982,0.2511482,0.1856485,30.94996,7.384588,-19.73478,1008.351
93.481330871,-2.611787,-50.49251,24.24275,-1.030659,-0.04661152,0.2365268,30.55057,7.736189,-21.04107,1008.351
93.516090393,-15.68823,-59.70885,31.86034,-1.0756,0.1238768,0.1752294,30.55057,7.736189,-21.04107,1008.353
93.548367500,-37.81282,-61.0003,26.68038,-0.9910737,-0.1015008,-0.0007556155,29.75746,6.2531,-23.56368,1008.353
93.580645084,-23.12507,-71.86031,22.53641,-0.9974191,-0.2532051,0.07767942,28.6229,6.243333,-25.2278,1008.355
93.615404606,26.26794,-61.64603,43.19531,-0.8697913,-0.3658397,-0.2809807,28.6229,6.243333,-25.2278,1008.355
93.647681713,71.13687,-76.43913,48.8628,-0.9062486,-0.02276042,-0.1136154,27.47569,6.592445,-27.33225,1008.356
93.682437897,72.37634,-61.0003,54.7131,-0.9423241,0.2182561,-0.362105,26.68126,5.838388,-29.86411,1008.356
93.714715004,-120.9195,-95.10661,17.11269,-0.9366002,0.111558,0.9928381,26.68126,5.838388,-29.86411,1008.355
93.749474525,-51.7569,11.96725,17.35645,-1.580546,-0.1126417,-0.6483232,24.43892,3.33846,-32.35159,1008.351
93.781752109,4.577157,-31.06189,19.00185,-0.9897366,-0.172289,0.2439424,24.0519,4.42553,-33.16912,1008.345
93.814029217,-52.19071,-18.32339,6.569947,-1.104846,0.2200743,0.1695547,24.0519,4.42553,-33.16912,1008.345
93.848788738,-46.55111,-11.80738,9.799805,-0.920079,0.003896037,0.1959668,23.02403,4.436831,-33.1535,1008.345
93.881062031,-3.355471,-21.96296,10.89674,-0.8642852,0.1719036,0.317178,23.03349,5.839777,-32.73547,1008.344
93.915822029,-29.26046,-21.02371,10.22639,-0.8661108,0.1571992,0.4065345,23.03349,5.839777,-32.73547,1008.342
93.948099136,-38.12269,-18.96912,3.949497,-0.8272641,0.06220597,0.3309777,22.64541,6.561527,-33.61063,1008.34
93.982859612,-22.93915,-16.5036,-2.083633,-0.8939294,0.02953957,0.3154655,22.29462,6.571151,-33.16939,1008.34
94.015136719,2.40808,-14.62511,-11.95603,-0.9243786,0.01485108,0.2907923,22.29462,6.571151,-33.16939,1008.34
94.047413349,43.3107,-10.45721,-21.40184,-0.8949055,0.03976155,0.3338965,21.19365,6.941998,-33.59319,1008.34
94.082169533,59.36188,-4.763045,-31.09141,-0.9115056,0.1108881,0.3449723,20.80795,7.300038,-34.4015,1008.34
94.114447117,49.44609,-0.1842279,-32.06646,-0.8591588,0.05242142,0.3266398,20.80795,7.300038,-34.4015,1008.34
94.149206638,48.08267,3.631453,-24.02229,-0.8883718,0.1516863,0.3693264,20.79663,6.929888,-34.83261,1008.34
94.181483745,25.6482,7.79935,-25.30204,-0.9263477,0.03278203,0.3000838,20.06041,6.203198,-35.24807,1008.34
94.216243744,30.42017,16.83958,-24.75358,-0.9569865,-0.1443941,0.1652299,21.15006,5.462201,-35.25539,1008.344
94.248520851,58.86609,22.70985,-24.63169,-1.002477,-0.1441892,0.1213362,21.15006,5.462201,-35.25539,1008.344
94.280794144,68.90582,24.58834,-24.08323,-1.103349,0.001390518,0.1828112,20.79982,5.168061,-34.8103,1008.343
94.315554142,69.52555,20.83137,-15.61247,-1.11407,0.2575218,0.2321511,22.24093,4.052926,-35.25424,1008.339
94.347831249,21.61992,17.54401,-8.482407,-1.091797,0.2508678,0.2489856,22.24093,4.052926,-35.25424,1008.339
94.382590771,-7.941522,15.95904,-2.510218,-1.037791,0.09504554,0.2035069,22.24357,2.594863,-35.23577,1008.339
94.414868355,-12.03178,14.25666,3.279149,-1.005367,0.0761896,0.1810916,23.28277,2.953712,-34.82029,1008.34
94.449627876,-20.95599,11.96725,6.87465,-1.08028,0.06635407,0.1981175,23.28277,2.953712,-34.82029,1008.34
94.481901169,-13.20928,9.032108,8.154406,-1.081599,0.007766732,0.1895687,24.03058,2.956199,-34.02212,1008.34
94.514178276,6.560315,10.32357,6.630888,-1.066609,-0.0210223,0.1067047,24.02163,2.222338,-34.38636,1008.34
94.548938274,16.2282,17.66142,-0.8648187,-1.113385,-0.07975598,0.09341874,24.02163,2.222338,-34.38636,1008.339
94.581215382,35.87386,18.89417,-5.618194,-1.070311,-0.05748105,0.20416,24.01925,2.586049,-34.45322,1008.339
94.615975857,45.54175,21.41839,-11.89509,-1.176497,-0.1327237,0.2247489,24.78143,2.230459,-33.15246,1008.337
94.648252487,106.09,5.451239,1.511869,-1.18376,0.07289711,0.2172318,24.78143,2.230459,-33.15246,1008.335
94.683008671,110.2422,-2.943259,4.19326,-1.154635,0.2703319,0.3338335,24.78275,1.501428,-33.14323,1008.335
94.715285778,90.5966,-4.117314,9.495101,-1.109771,0.1435003,0.4258359,24.42593,-1.775225,-33.09617,1008.333
94.747563362,121.2116,3.924966,21.19571,-1.061695,0.1674082,0.1570763,24.42593,-1.775225,-33.09617,1008.331
94.782322884,150.1533,8.21027,38.50288,-1.10461,0.4882593,0.05360348,23.34289,-4.679386,-33.04269,1008.333
94.814599991,124.0004,26.87775,38.32006,-1.077908,0.4399098,0.04360224,22.7096,-8.97424,-32.10651,1008.333
94.849359989,153.8717,36.2702,50.38631,-1.110285,0.3832179,-0.09346348,22.7096,-8.97424,-32.10651,1008.333
94.881633282,208.0987,50.59367,61.35564,-1.009426,0.6269593,-0.2247571,21.71166,-14.39218,-29.09513,1008.333
94.913910389,187.5234,62.80386,66.96218,-1.085753,0.8864795,0.0234367,20.04743,-19.40945,-23.8987,1008.333
94.948670387,107.7633,78.59491,73.30002,-1.039107,0.752184,-0.08958521,20.04743,-19.40945,-23.8987,1008.332
94.980947495,107.5774,89.39622,71.83744,-1.044297,0.6539927,-0.2148595,20.23454,-26.19239,-17.46261,1008.332
95.015707016,109.0648,109.0616,71.04521,-1.032804,0.4483686,-0.3548004,18.21913,-31.92988,-11.87795,1008.33
95.047984123,167.9397,107.1832,80.9176,-1.081564,0.3869804,-0.4357786,18.21913,-31.92988,-11.87795,1008.33
95.082740307,183.4951,103.661,80.12537,-1.018086,0.5865555,-0.2878153,18.00855,-38.36042,-6.685893,1008.328
95.115017414,268.2751,133.1298,40.02639,-1.051813,0.8117008,-0.08051753,17.75975,-44.5049,-2.867106,1008.327
95.147294521,1364.031,135.1844,216.8763,-1.26684,-0.7513082,-1.452722,17.75975,-44.5049,-2.867106,1008.327
95.182054519,497.7635,-68.22074,45.63294,-1.151674,1.506006,-1.318792,15.41025,-46.21182,3.97947,1008.319
95.214331627,-120.2998,85.58054,-208.1851,0.09093499,1.055393,0.1780118,12.77238,-38.58456,27.21705,1008.319
95.249091148,-1070.604,168.7624,44.2313,-0.6799769,1.303203,-0.4435205,14.83487,-26.6837,23.67109,1008.322
95.281364441,-399.6151,126.379,-19.93926,-0.6557428,-2.305193,-3.116235,14.83487,-26.6837,23.67109,1008.32
95.316124916,675.0082,-71.6842,73.05625,-0.6714485,0.6283727,0.3353114,11.28409,-35.65173,-0.3264942,1008.316
95.348402023,-60.99097,8.679892,64.15891,-0.1570502,1.1991,0.09669535,12.28553,-33.76668,9.786375,1008.315
95.380679607,-107.5952,14.78498,23.75522,-0.5906329,0.15637,-0.3574136,12.28553,-33.76668,9.786375,1008.315
95.415439129,-45.43559,-36.99087,35.63866,-0.3494371,-0.2825475,-0.5615396,10.2,-30.81038,11.0888,1008.313
95.447716236,1.292554,-54.30819,51.78795,-0.3574798,0.1080285,-0.3968661,8.676046,-29.36937,8.540286,1008.313
95.482472420,-54.79361,-58.29998,42.34214,-0.3707184,-0.08232278,-0.5787259,8.676046,-29.36937,8.540286,1008.311
95.514749527,-27.15336,-77.55448,26.31474,-0.409361,-0.3167773,-0.6157502,7.209645,-27.53647,8.103542,1008.31
95.549509048,-107.7811,25.11667,-37.42924,-0.1809646,-1.267867,-3.149551,6.060455,-26.09381,5.985238,1008.31
95.581786156,381.1291,9.325623,3.279149,-0.573961,0.0629683,-1.5163,6.060455,-26.09381,5.985238,1008.31
95.614063740,250.7365,-24.48718,-3.668091,-1.067068,1.172082,-0.5381857,4.93325,-23.54633,4.72454,1008.306
95.648823261,-120.7956,0.05058321,-51.68937,-1.173374,0.7172248,-0.5821186,4.671609,-21.67066,8.504023,1008.304
95.681096554,-110.9417,14.37406,-32.00552,-1.028566,-0.09442129,-0.8795261,4.671609,-21.67066,8.504023,1008.307
95.715856552,26.08202,-30.24005,14.37036,-0.7407272,0.4682759,-0.8682451,4.61141,-20.60448,6.373788,1008.303
95.748133659,-65.32913,-14.50771,-8.055822,-0.4306358,0.316341,-0.5540918,5.338287,-21.34149,6.371989,1008.303
95.782893181,-46.98492,-1.534392,1.329047,-0.3618446,-0.09727816,-1.001356,5.338287,-21.34149,6.371989,1008.302
95.815170765,14.18307,-7.169858,10.22639,-0.5154447,0.130649,-0.7285194,5.324979,-20.61809,5.927031,1008.298
95.847447872,7.799788,-8.109102,11.32332,-0.6196832,0.2753199,-0.6467379,5.326302,-21.34712,5.936263,1008.298
95.882203579,16.35215,-4.821747,8.459109,-0.6996957,0.3371877,-0.7438682,5.326302,-21.34712,5.936263,1008.302
95.914480686,7.427946,-7.874291,0.1711733,-0.8082294,0.4141559,-0.7876731,4.950878,-20.98425,5.501435,1008.302
95.949285984,-19.2827,-8.109102,-9.762162,-0.7256479,0.285485,-0.6991466,5.655497,-21.73173,4.690429,1008.301
95.981563091,-9.42889,-6.758939,-6.349483,-0.7009384,0.27745,-0.663471,5.655497,-21.73173,4.690429,1008.299
96.016323090,-9.304943,-7.287264,-6.349483,-0.6481751,0.2802792,-0.5871853,4.938231,-20.62537,5.061092,1008.297
96.048600197,-5.152707,-20.43669,-2.266455,-0.5489984,0.2812578,-0.5250299,6.017612,-21.3712,4.680298,1008.299
96.080873489,4.329263,-6.817642,-17.25787,-0.4048686,0.1928691,-0.7400064,6.017612,-21.3712,4.680298,1008.299
96.115633011,-6.516128,0.637611,-13.90613,-0.8488602,0.2273616,-0.7533566,6.379727,-21.01067,4.670166,1008.301
96.147910118,-2.487839,-13.33365,-44.37648,-0.9677292,0.2342077,-0.6317184,5.653512,-20.63818,4.676581,1008.299
96.182670593,35.81189,-1.358284,-24.99734,-0.7954052,0.2823176,-0.8609661,5.991106,-19.98516,3.79115,1008.301
96.214948177,16.10426,15.37201,-22.9863,-0.8376138,0.3505197,-0.8343817,5.991106,-19.98516,3.79115,1008.301
96.249707699,40.21202,4.6294,-17.07505,-0.7398387,0.158231,-0.6819522,7.103407,-19.98586,4.646057,1008.299
96.281980991,47.33899,1.870369,-8.72617,-0.520468,0.2872087,-0.5066869,7.136989,-19.60524,5.886375,1008.299
96.314258098,6.746236,25.93851,-12.38261,-0.5080054,0.04641209,-0.7449679,7.136989,-19.60524,5.886375,1008.297
96.349018097,43.93044,15.3133,0.7196397,-0.5796411,0.01610471,-0.91709,7.533348,-19.22861,7.121177,1008.295
96.381295204,85.57673,13.43482,-3.119625,-0.5790997,0.0828049,-0.655655,7.90745,-18.86245,7.546773,1008.297
96.416054726,0.4868963,25.29278,9.799805,-0.7405217,0.05043174,-0.6472727,7.90745,-18.86245,7.546773,1008.297
96.448332310,44.36425,17.19179,7.484058,-0.6230237,0.1220512,-1.032903,7.943405,-18.84555,8.853953,1008.297
96.480605125,2.222159,23.7665,-2.75398,-0.723211,0.03590867,-0.8064439,7.953016,-18.4762,9.222816,1008.295
96.515365124,-8.74718,20.24434,-2.327396,-0.6215851,0.01161363,-0.7787616,7.953016,-18.4762,9.222816,1008.294
96.547642231,-9.24297,17.48531,-0.7429373,-0.6376576,0.05116006,-0.8050913,7.589578,-18.1077,9.223717,1008.294
96.582402229,21.92978,12.78909,14.12659,-0.577008,0.1347263,-0.9014346,7.61421,-18.46095,10.09979,1008.292
96.614679336,37.48518,12.20206,26.01003,-0.5743225,0.2183805,-0.9227194,7.61421,-18.46095,10.09979,1008.292
96.649439335,55.27161,24.76445,34.41985,-0.4695234,0.2147197,-1.09217,7.262756,-18.08681,10.53641,1008.292
96.681712150,17.4057,13.96314,48.43621,-0.381044,0.2667327,-0.9552515,7.660439,-18.43921,11.78045,1008.29
96.713989258,-49.03006,36.4463,49.53315,-0.2052919,0.2036622,-0.8655858,7.660439,-18.43921,11.78045,1008.289
96.748749256,-200.8655,101.6064,84.51311,0.04263701,0.1720692,-1.116238,7.659778,-18.0747,11.77583,1008.289
96.781026363,-31.61546,74.60312,115.2272,-0.330529,0.6840186,-1.241117,7.274741,-18.08117,10.97214,1008.289
96.815786362,-99.41465,75.71847,105.4767,0.009633006,0.4572906,-1.031877,7.274741,-18.08117,10.97214,1008.287
96.848063469,-74.56321,112.349,96.21372,-0.2819921,0.2955367,-0.9644865,6.552496,-19.89577,11.00625,1008.287
96.882820129,-48.03848,113.7579,95.23867,-0.4313759,0.3206522,-0.8523474,6.213852,-20.91412,11.83405,1008.287
96.915097237,-64.95729,119.1585,79.39409,-0.4805679,0.2702268,-0.8394753,6.213852,-20.91412,11.83405,1008.287
96.947373867,-55.84716,113.6405,71.41086,-0.4892597,0.2854003,-0.7813576,4.426584,-22.34097,12.75155,1008.287
96.982134342,-19.71652,93.62282,65.43867,-0.3980086,0.375001,-0.6935424,2.616007,-24.1436,12.8022,1008.287
97.014411449,23.72702,79.12323,62.08693,-0.3539149,0.3344555,-0.7001526,2.616007,-24.1436,12.8022,1008.285
97.049170971,42.69096,49.53703,54.34746,-0.3956781,0.4777556,-0.5044221,-0.2613034,-25.5593,13.674,1008.285
97.081444263,27.38346,36.2702,39.47793,-0.2671404,0.5139307,-0.5054603,-1.699764,-25.90222,14.1364,1008.285
97.116204262,-13.02336,26.40813,20.34255,-0.09480134,0.4082198,-0.5721805,-1.699764,-25.90222,14.1364,1008.284
97.148481369,-19.03481,5.627347,21.50042,-0.06190063,0.415725,-0.5272489,-3.4312,-24.77813,15.02067,1008.284
97.180758476,-28.7027,-3.236773,10.95768,-0.00189914,0.3549861,-0.6514839,-4.545485,-23.68389,14.15191,1008.284
97.215518474,-15.06849,-22.13907,-0.194471,-0.01999151,0.245664,-0.6230602,-4.557081,-22.95968,13.7692,1008.284
97.247795582,471.6726,-250.9038,-88.43661,0.2095108,2.619071,-5.745629,-4.557081,-22.95968,13.7692,1008.285
97.282551288,-125.8154,-45.91369,-11.1638,0.234664,0.221148,-2.076482,-3.052779,-21.1265,15.7782,1008.285
97.314828396,13.06755,7.79935,4.315141,0.05810325,0.2942038,-1.360197,-0.8415604,-14.96384,19.52762,1008.285
97.349588394,-20.83204,-0.3603362,4.741726,0.09230097,0.2815771,-0.973591,-0.8415604,-14.96384,19.52762,1008.285
97.381865501,54.65188,-9.752781,23.99899,0.1341725,0.2545405,-0.7045597,-0.4901073,-15.33798,19.09099,1008.287
97.414142609,131.1893,-16.15138,-4.155617,0.02873766,0.1012419,-0.5843443,-1.213677,-16.42355,19.11587,1008.287
97.448902607,4.639132,-3.8238,-2.997743,0.1169757,-0.01091388,-0.6252976,-1.213677,-16.42355,19.11587,1008.287
97.481175899,-75.61676,-4.88045,-7.629237,-0.09038845,0.29751,-1.401433,-0.4445398,-14.95173,20.76704,1008.287
97.515936375,-4.842839,2.339991,-0.3163524,0.06173599,0.2673863,-1.137008,-0.1299765,-13.8839,19.06701,1008.287
97.548212528,12.26189,5.509942,1.816572,0.05369223,0.2421945,-0.9954866,-0.1299765,-13.8839,19.06701,1008.285
97.582973003,9.349129,1.518153,0.1102325,0.02037966,0.2364509,-0.9485537,-0.4698336,-14.23397,19.88635,1008.285
97.615250587,6.188473,-0.947364,0.04929184,0.03154984,0.2181147,-0.9423974,-0.105072,-15.3315,19.89468,1008.284
97.647527695,13.37742,-1.886609,0.9024618,0.04377831,0.1615542,-0.9354938,-0.105072,-15.3315,19.89468,1008.282
97.682283401,9.101234,-1.240878,0.5977582,0.04572108,0.1371618,-0.9950997,-0.8206251,-14.22434,20.32759,1008.282
97.714560509,3.647553,0.5789082,-0.07258957,0.0330772,0.1539324,-1.033652,-1.193675,-14.22519,19.95963,1008.282
97.749320507,-6.578101,1.342044,-0.6819966,0.01655603,0.2048617,-0.984983,-1.193675,-14.22519,19.95963,1008.282
97.781597614,-21.51375,0.4027999,-1.474226,0.04069062,0.2326081,-0.9573213,-0.4698336,-14.23397,19.88635,1008.284
97.813874721,-28.95059,-0.008119571,-1.535167,0.05372529,0.2359788,-0.9732837,-0.4687829,-13.86865,19.94398,1008.282
97.848634720,-23.37296,-0.1255251,-1.169522,0.04070924,0.2146044,-0.98643,-0.4687829,-13.86865,19.94398,1008.282
97.880907536,-20.58415,0.9311249,-0.803878,0.0335004,0.2015733,-0.9700516,-0.4787836,-14.96783,19.5221,1008.282
97.915667534,-28.7027,1.45945,-2.144573,0.03539134,0.2229012,-0.9612326,-0.8415604,-14.96384,19.52762,1008.282
97.947944641,-40.04388,2.398694,-3.729032,0.04205494,0.2679275,-0.9605075,-0.8415604,-14.96384,19.52762,1008.282
97.982704639,-41.1594,3.57275,-4.521261,0.04824297,0.3090761,-0.9612538,-1.216323,-14.96549,19.09741,1008.282
98.014981747,-34.52822,2.927019,-4.277498,0.04672746,0.3361687,-0.9620633,-0.8522227,-15.69851,19.10112,1008.282
98.047258854,-30.19007,2.633505,-3.60715,0.04724421,0.327023,-0.9480966,-0.8522227,-15.69851,19.10112,1008.282
98.082014561,-14.44876,0.4027999,-1.83987,0.04534095,0.3188382,-0.9341194,-0.8748704,-16.43881,18.2389,1008.282
98.114292145,-2.859681,-0.5364445,-0.803878,0.04000201,0.3260704,-0.9374508,-0.8951443,-17.54282,17.44354,1008.284
98.149051666,0.4868963,-0.3016334,-0.2554117,0.04672416,0.3483718,-0.9310539,-0.8951443,-17.54282,17.44354,1008.285
98.181328773,4.949,-0.6538501,-0.07258957,0.04620771,0.3565415,-0.9474432,-0.9077911,-17.18394,17.0032,1008.285
98.216089248,4.577157,-0.3016334,0.4758768,0.04527106,0.3473801,-0.9368576,-1.257921,-17.53883,17.44906,1008.285
98.248365879,11.7661,-0.8299584,0.414936,0.04286505,0.341069,-0.9407558,-1.257921,-17.53883,17.44906,1008.285
98.280639171,20.81426,-1.240878,0.414936,0.04388143,0.3212405,-0.9379701,-1.257921,-17.53883,17.44906,1008.287
98.315399647,20.69031,-1.299581,0.5368175,0.04195946,0.3115122,-0.9510741,-0.5217052,-16.81214,17.86452,1008.287
98.347676754,15.11268,-0.8299584,0.3539954,0.04196414,0.3061562,-0.9607733,-0.8971288,-16.44927,17.4297,1008.289
98.382436752,8.109656,-0.5364445,0.2930546,0.04487051,0.305697,-0.9559479,-0.8971288,-16.44927,17.4297,1008.289
98.414713859,5.940578,-1.06477,-0.1335303,0.03763233,0.3008517,-0.9516088,-0.8742089,-16.80332,18.24352,1008.287
98.449473858,2.717948,-1.123472,-0.4991745,0.04199618,0.2926062,-0.9608505,-0.1493168,-16.44678,18.22787,1008.285
98.481746673,-1.186393,-0.8886613,-0.4991745,0.04103142,0.2921245,-0.9594009,-0.1493168,-16.44678,18.22787,1008.287
98.514023781,-1.062445,-0.6538501,-0.4991745,0.03619574,0.2940644,-0.9540615,-0.5007696,-16.07264,18.6645,1008.287
98.548783779,-2.301919,-0.2429307,-0.3772931,0.03909354,0.2950356,-0.9555125,-0.8635466,-16.06866,18.67001,1008.287
98.581060886,-3.293497,-0.1842279,-0.4382338,0.03713295,0.3051827,-0.9583513,-0.8635466,-16.06866,18.67001,1008.287
98.615820885,-1.806129,-0.1842279,-0.3163524,0.03909239,0.2955196,-0.9555098,-0.8748704,-16.43881,18.2389,1008.287
98.648097992,-2.611787,-0.3016334,-0.2554117,0.03715384,0.2998939,-0.9482291,-0.1589284,-16.81613,17.859,1008.287
98.682853699,0.7967646,-0.2429307,-0.194471,0.03571998,0.2926292,-0.9487509,-0.1589284,-16.81613,17.859,1008.287
98.715130806,1.850317,-0.3603362,-0.2554117,0.03810769,0.3022852,-0.9574029,-0.1486552,-16.8113,18.23249,1008.287
98.747408390,0.05308066,-0.419039,-0.3163524,0.03859661,0.3003542,-0.9564481,-0.8635466,-16.06866,18.67001,1008.287
98.782167911,0.05308066,-0.1842279,-0.194471,0.03906981,0.3042221,-0.9578775,-0.8635466,-16.06866,18.67001,1008.285
98.814445019,0.2390016,-0.419039,0.04929184,0.0390942,0.2935724,-0.9589049,-0.8628851,-16.43317,18.67463,1008.285
98.849205017,-0.4427086,-0.419039,-0.2554117,0.04490079,0.294583,-0.9511767,0.2254453,-16.44514,18.65808,1008.285
98.881478310,-0.4427086,-0.008119571,-0.2554117,0.03617541,0.3013102,-0.9578878,0.2254453,-16.44514,18.65808,1008.287
98.916238785,-2.054024,0.1679888,-0.1335303,0.0410194,0.2994047,-0.9530747,-0.8628851,-16.43317,18.67463,1008.287
98.948514938,-2.983629,-0.1255251,-0.2554117,0.03957074,0.2994087,-0.9506544,-0.4994469,-16.80168,18.67373,1008.287
98.980792522,-2.301919,-0.2429307,-0.194471,0.03426397,0.2945575,-0.9497036,-0.4994469,-16.80168,18.67373,1008.289
99.015552998,-3.355471,-0.1255251,-0.07258957,0.03761219,0.305655,-0.9622172,-1.236324,-17.16385,18.25365,1008.285
99.047830105,-4.34705,-0.5364445,-0.4382338,0.0400321,0.3081143,-0.9525396,-0.5120935,-16.44279,18.23339,1008.286
99.082585812,-5.214681,-0.3603362,-0.4382338,0.04002884,0.3115214,-0.946719,-0.5120935,-16.44279,18.23339,1008.286
99.114862919,-3.479418,-0.5364445,-0.3163524,0.03373425,0.3139116,-0.9500759,-0.1595898,-16.45161,17.85439,1008.289
99.149622917,-2.054024,-0.3603362,-0.3163524,0.02794733,0.3071184,-0.9505855,-0.5120935,-16.44279,18.23339,1008.289
99.181900024,-1.372313,-0.06682235,-0.1335303,0.02939537,0.3090664,-0.9481603,-0.5120935,-16.44279,18.23339,1008.289
99.214177131,-0.6286296,0.5202054,-0.01164887,0.03615419,0.311973,-0.9529928,-0.885805,-16.07912,17.86081,1008.29
99.248937130,-0.6286296,0.8724221,-0.01164887,0.03807578,0.3173017,-0.9529666,-0.1479936,-17.17582,18.2371,1008.29
99.281210422,-1.124419,0.8137193,-0.07258957,0.04195157,0.3163662,-0.9466956,-0.1479936,-17.17582,18.2371,1008.288
99.315969944,0.177028,0.109286,-0.07258957,0.03712219,0.3134456,-0.9476687,-0.5234175,-16.81295,17.80227,1008.288
99.348247051,0.7967646,-0.1255251,-0.07258957,0.04194028,0.3182741,-0.9549032,-1.247259,-16.80416,17.87555,1008.286
99.380524158,1.354528,-0.5364445,-0.07258957,0.04048748,0.3207043,-0.9505353,-0.8748704,-16.43881,18.2389,1008.29
99.415284157,1.106633,-0.419039,-0.194471,0.03277451,0.3119846,-0.9467007,-0.8748704,-16.43881,18.2389,1008.29
99.447561264,2.222159,-0.4777418,-0.1335303,0.03422498,0.3100334,-0.9525161,-0.1486552,-16.8113,18.23249,1008.29
99.482316971,2.098212,-0.3016334,0.1711733,0.03951939,0.3182541,-0.9587655,-0.5217052,-16.81214,17.86452,1008.292
99.514594555,1.292554,-0.008119571,0.04929184,0.03084067,0.3114919,-0.9476663,-0.5217052,-16.81214,17.86452,1008.292
99.549354076,2.098212,-0.06682235,-0.01164887,0.03228965,0.3105118,-0.9525092,-0.8742089,-16.80332,18.24352,1008.292
99.581631184,1.664396,0.4027999,0.04929184,0.03616744,0.3051865,-0.9564154,-0.5120935,-16.44279,18.23339,1008.288
99.613908768,0.54887,0.3440971,0.2930546,0.04632178,0.3037491,-0.9607964,-0.5120935,-16.44279,18.23339,1008.288
99.648668289,-1.434287,-0.7125529,-0.1335303,0.04099928,0.3090947,-0.9496354,-0.5114322,-16.80731,18.238,1008.286
99.680941582,-0.5046823,-0.6538501,-0.3163524,0.03182616,0.3047295,-0.9448062,-0.1506395,-15.71775,18.21864,1008.286
99.715702057,-0.7525769,-0.419039,-0.01164887,0.03518125,0.3129234,-0.9573361,-0.1506395,-15.71775,18.21864,1008.286
99.747979164,-1.744156,0.05058321,-0.01164887,0.03566673,0.3124441,-0.9563731,-0.8748704,-16.43881,18.2389,1008.286
99.782739162,-3.541392,0.2266915,0.04929184,0.04147346,0.3105233,-0.95688,-0.5001082,-16.43716,18.66911,1008.286
99.815016270,-3.479418,0.4615027,-0.194471,0.03808294,0.3178201,-0.9428115,-0.5001082,-16.43716,18.66911,1008.286
99.847293377,-3.045602,0.05058321,-0.194471,0.04195315,0.3163728,-0.9447618,-0.5114322,-16.80731,18.238,1008.286
99.882049084,-2.054024,-0.3603362,-0.3163524,0.03566848,0.314406,-0.9486269,-0.1366699,-16.80566,18.66821,1008.288
99.914326191,-1.434287,-0.1842279,-0.194471,0.04047582,0.3230994,-0.9577732,-0.1366699,-16.80566,18.66821,1008.288
99.949256897,-2.425866,-0.4777418,-0.3772931,0.03612139,0.3260086,-0.9524294,-0.5240788,-16.44843,17.79766,1008.288
99.981534004,-1.868103,-0.5951474,-0.3163524,0.03710164,0.3226451,-0.946166,-0.1715751,-16.45725,17.41866,1008.288
100.016294003,1.788343,-0.7712557,-0.01164887,0.0327551,0.3207003,-0.9452007,-0.1715751,-16.45725,17.41866,1008.286
100.048571110,4.081368,-0.06682235,0.2930546,0.0342285,0.3095593,-0.9496182,-0.1493168,-16.44678,18.22787,1008.284
100.080844402,4.577157,-0.06682235,0.2321139,0.03858075,0.3090845,-0.9505973,-0.8851435,-16.44364,17.86542,1008.284
100.115603924,3.151764,-0.008119571,0.2321139,0.03854058,0.3245555,-0.9548602,-0.8851435,-16.44364,17.86542,1008.286
100.147881508,-0.6906033,-0.1255251,-0.1335303,0.04145777,0.3212091,-0.9452167,0.1925247,-17.19027,17.42238,1008.286
100.182641029,-1.868103,-0.3016334,-0.2554117,0.03421516,0.3153681,-0.9491018,-0.8755319,-16.07429,18.23429,1008.287
100.214918136,-0.9384979,-0.1255251,-0.2554117,0.02649744,0.3066287,-0.9510686,-0.8755319,-16.07429,18.23429,1008.289
100.249678612,-0.5046823,0.5202054,-0.2554117,0.03034623,0.3134,-0.9553893,-0.1499782,-16.08227,18.22326,1008.289
100.281951427,-0.2567877,0.7550166,-0.01164887,0.03709531,0.3226189,-0.9539011,-0.5247402,-16.08391,17.79304,1008.293
100.314229011,-0.380735,0.9898276,0.1102325,0.04097448,0.3241408,-0.936497,-0.5247402,-16.08391,17.79304,1008.293
100.348989010,-0.008893002,0.2853943,0.04929184,0.04098682,0.3158845,-0.9452459,-0.1479936,-17.17582,18.2371,1008.289
100.381266117,1.974264,-0.2429307,-0.07258957,0.03760249,0.3124562,-0.9544434,-0.5217052,-16.81214,17.86452,1008.289
100.416026115,2.098212,-0.3016334,0.1102325,0.0395291,0.3163396,-0.9524917,-0.5217052,-16.81214,17.86452,1008.291
100.448303223,2.470053,-0.7125529,0.04929184,0.03712448,0.3124777,-0.9476742,-0.5217052,-16.81214,17.86452,1008.291
100.483058929,0.7967646,-0.5364445,-0.07258957,0.04003416,0.3091002,-0.9472162,-0.5120935,-16.44279,18.23339,1008.291
100.515336037,-0.6906033,-0.1255251,0.04929184,0.04388355,0.3183173,-0.943788,0.2141218,-16.81529,18.22697,1008.292
100.547613144,-4.904812,-0.4777418,-0.5601152,0.02836363,0.3342067,-0.9542998,0.2141218,-16.81529,18.22697,1008.291
100.582373142,-4.037181,0.3440971,-0.3163524,0.0288797,0.3216374,-0.9509884,-0.1582668,-17.18064,17.86362,1008.291
100.614650249,-2.239945,0.8137193,-0.1335303,0.03471225,0.3120049,-0.9423538,-0.1589284,-16.81613,17.859,1008.289
100.649410248,-1.248366,0.3440971,-0.07258957,0.03276117,0.3177934,-0.9461843,-0.1589284,-16.81613,17.859,1008.289
100.681683540,1.23058,0.1679888,0.1711733,0.03323983,0.3207065,-0.9437515,-0.1582668,-17.18064,17.86362,1008.292
100.716443062,4.205316,0.6963138,0.2930546,0.0409602,0.323593,-0.9553542,-0.5120935,-16.44279,18.23339,1008.292
100.748720169,1.602422,0.5789082,0.2930546,0.03662954,0.3178045,-0.9461925,-0.5120935,-16.44279,18.23339,1008.291
100.780997276,0.9207119,0.9311249,0.414936,0.03613931,0.3182641,-0.952957,-0.1479936,-17.17582,18.2371,1008.291
100.815757275,-3.293497,1.107233,0.2930546,0.03709566,0.3221317,-0.9548708,-0.5223665,-16.44762,17.85991,1008.291
100.848034382,-7.693627,1.518153,-0.01164887,0.03661757,0.3211756,-0.9510077,-0.5223665,-16.44762,17.85991,1008.291
100.882790089,-10.79231,2.692208,0.2321139,0.03950788,0.3270025,-0.9475968,-0.5210438,-17.17666,17.86914,1008.289
100.915067673,-17.54744,3.514047,-2.205514,0.03221171,0.3512372,-0.9300394,-0.5107706,-17.17183,18.24262,1008.289
100.947344780,-21.20389,3.396641,-3.180565,0.04721798,0.339131,-0.9451271,-0.5107706,-17.17183,18.24262,1008.289
100.982104301,-19.59257,3.16183,-2.571158,0.03508421,0.3613883,-0.9357891,-0.8838205,-17.17267,17.87465,1008.289
101.014381886,-18.04323,2.339991,-2.69304,0.04569707,0.372554,-0.9342982,0.1805394,-17.1959,16.98665,1008.289
101.049142361,-15.87415,2.5161,-2.388336,0.04714366,0.375962,-0.9294476,0.1805394,-17.1959,16.98665,1008.293
101.081414700,-18.3531,3.044425,-2.022692,0.04131452,0.3885407,-0.925496,-0.5443528,-17.55244,17.0023,1008.291
101.116175175,-10.73034,2.222586,-2.388336,0.03549624,0.3987209,-0.9152732,-0.5670004,-18.29274,16.14008,1008.291
101.148452282,-7.693627,2.281289,-1.352344,0.05531678,0.3977803,-0.9240233,-0.5670004,-18.29274,16.14008,1008.29
101.180728912,-4.470997,0.7550166,-2.022692,0.05292444,0.3895712,-0.9168132,-0.5556767,-17.92259,16.57119,1008.29
101.215489387,2.655974,-0.8299584,-1.717989,0.05628701,0.3929094,-0.9342052,-0.5550151,-18.28711,16.5758,1008.29
101.247766495,2.594001,-3.119367,-2.144573,0.03985308,0.3963105,-0.9162633,-0.5550151,-18.28711,16.5758,1008.29
101.282522201,4.887026,-2.708447,-0.6210559,0.04901071,0.404521,-0.9288057,0.1705387,-18.29508,16.56477,1008.291
101.314799309,5.196894,-5.819695,-0.9867001,0.04954457,0.3827406,-0.930381,-0.5670004,-18.29274,16.14008,1008.293
101.349559307,1.168607,-3.647692,-0.3163524,0.07322901,0.3896112,-0.9221746,-0.5670004,-18.29274,16.14008,1008.293
101.381836414,-1.682182,-5.232667,-1.474226,0.03551236,0.3885257,-0.9250001,-0.5670004,-18.29274,16.14008,1008.293
101.414113521,-3.417444,-3.999909,-2.022692,0.06796956,0.3742053,-0.8942114,0.182524,-18.28945,17.0005,1008.295
101.448873520,3.337685,-5.350072,-1.961751,0.053873,0.3992705,-0.9114423,-0.203562,-18.66125,16.13918,1008.295
101.481146812,-7.755601,-8.226508,-4.39938,0.018605,0.3900126,-0.9002998,-0.203562,-18.66125,16.13918,1008.295
101.515906334,-8.313364,-9.517969,-4.39938,0.0161093,0.4072748,-0.9451562,0.159215,-18.66523,16.13366,1008.295
101.548183918,-15.37836,-11.39646,-6.654186,0.0335595,0.4104329,-0.8847459,-0.1915767,-18.65561,16.57491,1008.295
101.582943439,-14.8206,-10.2224,-5.25255,0.006929359,0.4155867,-0.9122152,-0.1915767,-18.65561,16.57491,1008.295
101.615220547,-15.68823,-11.16165,-6.410423,-0.0003465929,0.4174264,-0.9344273,1.234899,-18.31832,15.67677,1008.295
101.647498131,-33.84651,-8.872239,-5.374431,-0.02355331,0.4256818,-0.9062909,-0.2029006,-19.02576,16.1438,1008.297
101.682253838,-16.49389,-9.224456,-5.069727,-0.01493117,0.4595751,-0.9080505,-0.2029006,-19.02576,16.1438,1008.297
101.714530945,-11.04021,-3.999909,-6.410423,-0.02215007,0.4538324,-0.8829287,0.1376178,-19.04021,15.32907,1008.297
101.749290943,0.8587383,-2.004014,-6.288542,-0.02169613,0.4634845,-0.8910933,0.8638332,-19.41271,15.32266,1008.297
101.781568050,-20.33625,2.10518,-7.385474,-0.02456184,0.4494521,-0.8882663,0.8638332,-19.41271,15.32266,1008.295
101.816328526,-33.66059,2.750911,-7.385474,-0.01976798,0.4761705,-0.862019,0.5017178,-19.77324,15.33279,1008.292
101.848604679,-30.37599,0.2853943,-4.825965,-0.03189201,0.4921154,-0.8590016,1.22661,-19.41669,15.31714,1008.292
101.880877972,12.63373,-1.182175,-2.936803,-0.03631575,0.5211256,-0.8626946,1.22661,-19.41669,15.31714,1008.292
101.915638447,13.12952,3.631453,-11.1638,-0.04739043,0.4914791,-0.8908787,1.203963,-20.157,14.45492,1008.292
101.947915077,7.613867,-5.995803,-10.31063,-0.05750175,0.4828327,-0.8633502,0.4784088,-20.14902,14.46595,1008.292
101.982675552,5.506763,-8.989644,-9.640281,-0.06579138,0.5084214,-0.8738225,0.4784088,-20.14902,14.46595,1008.292
102.014952660,-10.42047,-9.870186,-11.10286,-0.03715916,0.4698362,-0.8600838,0.8531709,-20.14737,14.89616,1008.291
102.049712658,-4.966786,-12.39441,-7.141712,-0.07733328,0.4847052,-0.8652305,1.942715,-20.82762,14.88808,1008.292
102.081985950,-8.003496,-17.14933,-8.421466,-0.06089621,0.4764304,-0.8933524,1.942715,-20.82762,14.88808,1008.292
102.114263058,-9.490864,-20.08447,-7.324533,-0.02414045,0.4760729,-0.887149,1.56729,-20.46475,14.45325,1008.294
102.149022579,-6.082312,-13.80327,-10.00592,-0.04486979,0.4792069,-0.8015178,2.292293,-20.16896,14.43837,1008.294
102.181300163,-0.1328403,-13.80327,-8.177704,-0.04945578,0.5383311,-0.9152633,2.292293,-20.16896,14.43837,1008.294
102.216059685,-12.58955,-16.32749,-7.751119,-0.07781266,0.4964492,-0.8264876,2.280859,-20.47836,14.00649,1008.29
102.248336792,-6.330207,-12.15959,-7.629237,-0.1068015,0.4803393,-0.8434371,2.63165,-20.48798,13.56525,1008.29
102.283092975,1.044659,-13.68587,-5.31349,-0.08995637,0.5088919,-0.8573307,3.346931,-20.50079,13.18074,1008.29
102.315370083,-11.59797,-8.109102,-5.069727,-0.1005348,0.480277,-0.8671395,3.346931,-20.50079,13.18074,1008.292
102.347647190,-6.330207,-9.048347,-1.83987,-0.1479453,0.4922626,-0.860201,3.720643,-20.86446,13.55332,1008.288
102.382406711,-13.33323,-6.641534,-1.230463,-0.1193836,0.4890583,-0.8303075,3.720643,-20.86446,13.55332,1008.288
102.414684296,-23.12507,-1.534392,-0.2554117,-0.1537912,0.5218754,-0.8276296,3.720643,-20.86446,13.55332,1008.288
102.449443817,-27.2773,-3.765098,3.888556,-0.1277145,0.5359774,-0.8295394,3.348916,-21.59434,13.19459,1008.288
102.481717110,-36.57335,0.9311249,2.304098,-0.1320751,0.5452137,-0.8135239,3.686399,-20.88056,12.30839,1008.288
102.513994217,-60.37123,1.811666,4.2542,-0.1418034,0.5713362,-0.8080366,3.686399,-20.88056,12.30839,1008.287
102.548754215,-49.03006,-1.240878,5.351133,-0.09255823,0.6112314,-0.7866446,3.311637,-20.88221,11.87817,1008.287
102.581031322,-73.81953,5.744752,6.448066,-0.09843489,0.6412054,-0.790329,4.004931,-21.99983,10.63606,1008.287
102.615791321,-75.30689,3.455344,6.87465,-0.115392,0.6757157,-0.7311167,4.004931,-21.99983,10.63606,1008.288
102.648068428,-80.63663,3.514047,2.425979,-0.1971904,0.7108269,-0.725423,3.631492,-22.73051,10.21508,1008.288
102.682824135,-64.08966,3.690155,-0.194471,-0.1895069,0.7502109,-0.6768718,2.848385,-23.11441,8.114338,1008.29
102.715101242,-85.78044,14.66757,2.121276,-0.1396809,0.7665654,-0.6053372,2.848385,-23.11441,8.114338,1008.292
102.747378349,-152.3401,49.24351,-17.07505,-0.2743971,0.8675981,-0.6658691,2.816126,-24.22406,6.883251,1008.292
102.782138348,-129.3479,-8.930942,-24.26605,-0.3788732,0.7919195,-0.9184293,2.395796,-24.61196,4.776996,1008.292
102.814415455,153.128,-47.32256,-32.55399,-0.1678184,0.7832082,-0.6685125,2.395796,-24.61196,4.776996,1008.29
102.849175453,132.119,20.89007,-60.76953,-0.3584006,0.4604072,-1.086178,4.139481,-24.6649,2.197304,1008.288
102.881448269,182.5655,-12.74662,-55.95522,-0.4635439,0.5804114,-0.9997003,3.810287,-24.2803,3.443137,1008.283
102.916209221,97.16581,29.69549,-70.52005,-0.4331675,0.6162994,-1.002462,3.810287,-24.2803,3.443137,1008.281
102.948485374,67.60437,38.85312,-93.7994,-0.4906491,0.1698353,-1.038718,4.593393,-23.89639,5.543878,1008.281
102.980762482,107.6394,22.65115,-98.67465,-0.5504165,0.1220826,-0.9421726,5.295366,-23.1858,4.714408,1008.279
103.015522957,79.25542,15.1372,-105.2562,-0.4788873,0.191042,-0.7882012,5.295366,-23.1858,4.714408,1008.279
103.047799587,44.79807,14.60887,-108.6689,-0.5228552,0.1900827,-0.7484699,6.373695,-24.29695,4.275982,1008.278
103.082556248,25.33833,1.107233,-120.7961,-0.572577,0.1810011,-0.672998,8.553664,-26.14346,4.265968,1008.276
103.114833355,22.98334,-3.999909,-139.9924,-0.6185863,0.03254972,-0.6007436,8.553664,-26.14346,4.265968,1008.276
103.149593353,30.73004,-19.84966,-142.0644,-0.6708502,0.09429178,-0.4726521,11.01131,-27.64005,3.375289,1008.276
103.181870460,14.86479,-39.16287,-137.4939,-0.7338517,0.3627397,-0.4574537,13.93015,-30.21793,3.799203,1008.274
103.214147568,-20.52217,-48.61402,-138.2252,-0.6663153,0.4292183,-0.4610887,13.93015,-30.21793,3.799203,1008.274
103.248907566,-41.90308,-55.77576,-129.8154,-0.6619239,0.4137565,-0.457802,17.22043,-30.97159,4.630249,1008.272
103.281180382,-50.82729,-66.04874,-112.1425,-0.623844,0.4465976,-0.5094253,21.2239,-32.4687,4.961522,1008.272
103.315940380,-61.54874,-76.43913,-87.82721,-0.5349873,0.4986601,-0.5011023,23.42839,-34.6077,5.826809,1008.272
103.348217487,-62.47834,-79.66779,-67.53395,-0.5162636,0.5660816,-0.4707861,23.42839,-34.6077,5.826809,1008.272
103.382977486,-67.00242,-87.59266,-47.72822,-0.5701296,0.6496708,-0.4634266,25.22671,-33.87621,7.47158,1008.272
103.415254593,-79.769,-90.82131,-37.55112,-0.6623961,0.6053135,-0.479917,26.70179,-33.8809,8.320971,1008.274
103.447531700,-66.38268,-102.7967,-29.38507,-0.7624138,0.5726025,-0.4803708,26.70179,-33.8809,8.320971,1008.276
103.482287407,-43.70032,-110.7215,-28.41002,-0.842173,0.7532423,-0.5154297,27.44839,-33.21013,9.110684,1008.276
103.514564514,-49.21598,-108.6083,-50.71431,-0.9023896,0.8213972,-0.6304542,27.08231,-31.38356,9.093121,1008.277
103.549324512,-114.4742,-95.22402,-50.34867,-0.7782282,0.64298,-0.6911992,27.08231,-31.38356,9.093121,1008.28
103.581601620,-37.37901,-85.00974,-21.9503,-0.7702446,0.3200845,-0.7331778,25.94312,-28.84172,7.396695,1008.28
103.616361618,36.2457,-78.96335,16.56422,-0.5086041,0.4075016,-0.4339961,24.7577,-26.32161,4.019609,1008.282
103.648638725,83.03581,-46.0311,25.27874,-0.7426581,0.4336353,-0.3782311,24.7577,-26.32161,4.019609,1008.282
103.680912018,69.58752,-63.23101,1.085284,-0.8661984,0.4611834,0.001691194,22.54336,-24.15552,0.6005206,1008.284
103.715671539,14.18307,-39.51509,-15.00306,-0.8798931,0.3281186,0.01740103,21.67951,-23.48291,-4.377416,1008.285
103.747949123,17.46768,-35.4646,-26.39898,-1.042128,0.4136146,-0.03494145,21.67951,-23.48291,-4.377416,1008.289
103.782708645,-45.31164,-42.68504,-52.84724,-1.13925,0.440016,0.1268865,22.29891,-23.54079,-8.247742,1008.287
103.814985752,-51.26111,-36.34514,-63.2681,-1.192561,0.1931226,-0.1412606,22.54526,-23.59952,-12.48603,1008.287
103.847262859,-34.65217,-38.04752,-71.7998,-1.396982,0.1524701,-0.1120448,22.54526,-23.59952,-12.48603,1008.287
103.882019043,1.478475,-36.93217,-65.34009,-1.5473,0.07314248,-0.2601041,24.18159,-23.30901,-16.75008,1008.288
103.914296150,30.17228,-65.63782,-47.36258,-1.550883,-0.06348877,-0.3058331,25.18547,-21.17172,-19.71992,1008.288
103.949201107,88.86134,-66.28355,-16.16094,-1.224059,-0.03785259,-0.300107,25.18547,-21.17172,-19.71992,1008.288
103.981478214,50.06583,-43.33077,-9.884044,-1.168814,0.151873,-0.1956914,25.13803,-20.52517,-21.40904,1008.288
104.016238213,-4.470997,-11.57257,-0.07258957,-0.9837816,0.02226688,-0.1842577,24.41369,-21.18547,-21.38955,1008.29
104.048515320,2.841895,-16.03398,20.58631,-0.9136409,0.05238665,-0.06627861,24.41369,-21.18547,-21.38955,1008.293
104.080788612,-13.6431,-8.813536,21.01289,-0.7990481,0.07613943,-0.008377883,23.30404,-22.64284,-22.22599,1008.295
104.115548611,-26.78152,6.214375,8.580991,-0.8388918,-0.04445059,-0.002209534,21.55128,-22.98808,-22.19472,1008.297
104.147825718,-10.60639,0.7550166,2.365039,-0.9233434,-0.1075197,0.02226925,21.55128,-22.98808,-22.19472,1008.3
104.182585239,12.50979,-2.825853,-7.385474,-0.950578,-0.03787536,0.03335958,21.88047,-23.37268,-23.44055,1008.3
104.214862823,10.34071,-5.350072,-14.21083,-1.021896,0.08164015,0.0897883,21.16321,-22.26633,-23.06989,1008.3
104.249622345,-25.91388,-10.33981,-13.47954,-1.085129,0.02768238,0.07173055,22.22928,-22.28876,-23.89564,1008.3
104.281895637,-15.06849,-10.04629,-6.897949,-1.094932,0.04714198,-0.03256044,22.22928,-22.28876,-23.89564,1008.3
104.314172745,-26.90546,-18.26468,3.218209,-1.075378,0.1765501,0.01019239,22.20465,-21.93551,-24.77171,1008.302
104.348932743,-50.70335,-12.62922,11.93273,-1.000425,0.183618,0.0332761,21.80762,-21.94762,-26.01113,1008.302
104.381209850,-63.34597,-16.97322,22.963,-0.9775768,0.1353196,0.04165413,21.80762,-21.94762,-26.01113,1008.304
104.415969848,-66.32071,-17.79506,32.28693,-0.9814856,0.162018,0.06937035,21.41901,-20.92211,-26.89014,1008.304
104.448246956,-69.23347,-17.56025,36.43089,-0.9944547,0.1164045,0.04351671,20.64524,-19.84232,-28.57362,1008.301
104.483002663,-55.47532,-21.25853,33.62762,-0.9774283,0.08218083,0.06890766,20.64524,-19.84232,-28.57362,1008.307
104.515279770,-34.46624,-22.13907,32.83539,-0.9939544,0.127226,0.09482166,19.47274,-18.77544,-31.55876,1008.307
104.547556877,-24.67441,-19.73225,28.63048,-1.016691,0.1261407,0.07939445,18.71294,-18.78356,-32.79266,1008.303
104.582316875,0.362949,-20.31928,26.68038,-0.9832943,0.09851625,0.03904,18.71294,-18.78356,-32.79266,1008.305
104.614593983,-1.682182,-11.68997,24.05993,-0.9916135,0.1581896,0.09064173,17.92719,-17.7094,-34.91187,1008.308
104.649353981,-9.304943,-3.354178,19.79408,-1.032201,0.1391397,0.07273365,17.54309,-19.17475,-35.75935,1008.312
104.681626797,-4.966786,-2.76715,16.56422,-1.048655,0.1321981,0.03743862,17.54309,-19.17475,-35.75935,1008.312
104.716387272,-11.72192,6.7427,12.72496,-0.9843861,0.1566373,0.05484286,16.44448,-19.16761,-36.11628,1008.312
104.748663902,-20.39823,11.79114,10.53109,-0.9854149,0.18912,0.07340045,17.16937,-18.81108,-36.13192,1008.313
104.780941009,-38.37059,14.08055,6.204303,-0.9805165,0.1674046,0.08728614,17.16937,-18.81108,-36.13192,1008.315
104.815701008,-38.37059,14.72628,-2.632099,-0.9377602,0.06868358,0.0508582,17.16871,-18.44656,-36.13654,1008.317
104.847978115,-25.04625,16.36996,-8.908992,-0.9271193,0.0931594,0.1244571,17.53016,-17.72152,-36.15129,1008.317
104.882734776,-35.08598,15.90033,-15.49059,-0.943116,0.105655,0.1124767,17.53016,-17.72152,-36.15129,1008.317
104.915010929,-27.40125,14.43276,-16.83129,-0.8570414,0.08587978,0.05900047,18.61414,-16.27622,-36.24854,1008.317
104.949771881,-35.14796,19.95082,-17.98916,-0.8174332,0.115137,0.09098841,19.72445,-15.18337,-35.40749,1008.32
104.982048035,-57.21058,29.63678,-21.15808,-0.9764461,0.06123379,0.02721073,19.72445,-15.18337,-35.40749,1008.322
105.014325142,-27.83507,23.94261,-30.11636,-1.122815,-0.009439901,0.001985523,20.08459,-13.7293,-35.43147,1008.323
105.049085617,2.779922,23.47299,-43.82801,-1.174703,0.06114273,0.0252203,21.88252,-11.56778,-35.92246,1008.323
105.081358433,-7.693627,33.51117,-53.51759,-1.198893,0.04587199,-0.03379392,21.88252,-11.56778,-35.92246,1008.323
105.116118908,-3.85126,46.60189,-58.88037,-1.323202,-0.002040263,-0.2155714,23.66925,-10.11209,-34.6604,1008.325
105.148396015,-6.330207,41.43604,-56.44274,-1.181539,0.001717889,-0.2260075,25.17659,-9.00713,-32.57993,1008.325
105.180672645,-18.97283,73.54647,-58.81943,-1.190268,0.006963803,-0.2414289,25.17659,-9.00713,-32.57993,1008.327
105.215433121,-79.39716,66.56084,-58.27096,-1.29391,-0.124921,-0.2298695,26.68403,-7.962922,-30.49868,1008.327
105.247709751,-124.1421,58.16633,-46.32658,-1.209935,-0.2582249,-0.2245237,28.21231,-6.118464,-27.61823,1008.327
105.282465935,-77.59991,58.16633,-24.75358,-1.287477,-0.3622316,-0.1480812,29.76428,-3.168386,-23.81792,1008.327
105.314742565,-63.34597,41.08382,0.9024618,-1.206978,-0.1905482,0.03739505,29.76428,-3.168386,-23.81792,1008.327
105.349503040,-85.47057,27.58219,20.58631,-1.058746,-0.3424621,-0.07691286,30.22687,-0.5716634,-20.0587,1008.332
105.381780147,-90.61439,11.96725,33.68856,-0.9647682,-0.1944469,-0.03276431,29.56953,0.5628633,-17.5094,1008.33
105.414056778,-42.95664,12.20206,44.77977,-0.7285398,0.07059544,-0.1332885,29.56953,0.5628633,-17.5094,1008.33
105.448817253,-63.65584,16.19385,23.32864,-0.5819386,0.1295256,0.13939,30.36291,0.9515991,-15.03518,1008.33
105.481089592,-117.9448,21.94672,20.64725,-0.5203478,0.02245325,0.05017916,30.42311,-0.1145797,-12.90495,1008.33
105.515850067,-112.9249,14.25666,16.3814,-0.4639373,0.2711083,-0.02152782,30.42311,-0.1145797,-12.90495,1008.33
105.548127174,-181.1579,24.17742,1.268106,-0.5722236,0.2508789,-0.04461452,30.82184,-0.101665,-11.60328,1008.329
105.582887173,-112.4291,12.14336,4.19326,-0.7230313,0.002493012,-0.0993635,31.1966,-0.1000185,-11.17307,1008.329
105.615164280,2.222159,11.32152,-5.496313,-0.8451051,0.09310191,-0.1048699,31.1966,-0.1000185,-11.17307,1008.323
105.647440910,69.95937,8.738595,-17.56257,-0.9170445,0.004409791,-0.2265623,31.91951,1.350068,-11.20256,1008.327
105.682197571,168.6214,-6.289317,-9.091814,-0.9322234,-0.1204913,-0.2282066,31.90487,2.802497,-11.65676,1008.327
105.714474678,232.9501,-32.94038,12.72496,-0.9372759,0.1927635,-0.1775873,31.90487,2.802497,-11.65676,1008.323
105.749234199,179.9626,-32.52946,1.207165,-1.092065,0.3982664,-0.2379653,32.23104,3.146119,-12.97407,1008.323
105.781511784,84.7091,-34.64276,1.938454,-1.215656,0.3586546,-0.1127136,32.2254,0.5896797,-13.31524,1008.324
105.816271305,26.76373,-24.19366,6.81371,-1.178432,0.1163941,-0.2326138,32.2254,0.5896797,-13.31524,1008.326
105.848548412,-31.18164,-23.37183,11.20144,-1.190882,0.313262,-0.1052901,31.40898,-1.269194,-16.70469,1008.329
105.880821705,-124.39,-7.522075,11.50614,-1.173204,0.1365541,-0.2856887,31.37539,-1.649808,-17.94501,1008.329
105.915581703,-121.6632,-21.02371,21.37854,-1.211026,-0.03057763,-0.3063785,31.37539,-1.649808,-17.94501,1008.328
105.947858810,-91.79189,-23.90015,30.70247,-1.07756,-0.01501739,-0.2543662,31.72354,-0.2013683,-18.40472,1008.328
105.982618809,-62.29242,-20.43669,31.73846,-1.056723,-0.05142459,-0.3053792,32.0597,1.241437,-19.30015,1008.331
106.014895916,-27.83507,-20.49539,28.02107,-0.9559852,-0.111556,-0.284667,32.0597,1.241437,-19.30015,1008.335
106.049655437,22.67347,-3.354178,30.09306,-0.9074557,-0.0003012166,-0.3397344,30.94845,1.607453,-20.09743,1008.336
106.081928730,42.3811,2.985722,21.6223,-0.8828575,0.0581503,-0.2480851,32.03678,1.595488,-20.11397,1008.338
106.114205837,41.76136,16.36996,11.99367,-0.99908,0.149955,-0.1912338,32.03678,1.595488,-20.11397,1008.338
106.148965836,11.33229,13.61093,5.777718,-1.03781,0.1828809,-0.1527714,32.03876,0.5019417,-20.10012,1008.34
106.181242943,-6.268233,13.55222,2.425979,-1.013622,0.1771314,-0.1562403,31.33745,-0.5731645,-19.26604,1008.34
106.216002941,-19.15875,6.33178,-1.900811,-1.01937,0.1704987,-0.1093721,31.33745,-0.5731645,-19.26604,1008.34
106.248280048,-40.10585,-5.232667,-1.596107,-0.9669117,0.06411658,-0.129911,32.05406,-1.315003,-19.64132,1008.341
106.283035755,-7.445733,-8.930942,1.877513,-0.8882193,0.1029153,-0.1714357,32.78922,-0.9536343,-19.28349,1008.341
106.315312862,4.763079,-4.528234,9.251338,-0.8207097,0.1653735,-0.2190865,32.42446,0.1439009,-19.29182,1008.341
106.347589969,8.17163,-9.048347,7.362176,-0.733184,0.1832319,-0.1640616,32.42446,0.1439009,-19.29182,1008.343
106.382349968,11.39426,4.511994,7.484058,-0.8493697,0.2385388,-0.1673643,32.41419,0.139071,-19.6653,1008.343
106.414627075,-21.82362,10.20616,-3.729032,-0.9981178,0.01071361,-0.01122148,32.05273,-0.5859714,-19.65055,1008.345
106.449387073,74.29752,23.5904,14.18754,-1.341918,0.05122431,-0.4758016,32.05273,-0.5859714,-19.65055,1008.345
106.481659889,-99.78649,-23.43053,-32.31022,-2.325357,0.5665976,-1.216698,33.17464,-0.2173223,-18.42678,1008.341
106.516419887,11.89005,-23.25442,-13.47954,-0.1131391,0.1289428,0.4279561,33.54073,-2.04389,-18.40921,1008.344
106.548696995,61.71688,-13.92068,-10.43251,-0.8908039,0.2312258,-0.005364563,33.54073,-2.04389,-18.40921,1008.346
106.580974102,-24.48849,5.333833,-3.485269,-1.040314,0.2142818,-0.1666072,32.05273,-0.5859714,-19.65055,1008.344
106.615734100,-45.31164,-3.8238,-17.68445,-1.262751,0.003540932,-0.1905311,32.40353,-0.5955944,-20.09179,1008.344
106.648011207,14.92676,-22.25647,-13.54049,-0.9655756,0.1081156,-0.1422331,32.40353,-0.5955944,-20.09179,1008.344
106.682766914,36.86544,-17.14933,-19.45173,-0.8852701,0.07184736,-0.2025588,32.40154,0.4979529,-20.10564,1008.344
106.715044498,30.85399,-17.73636,-23.35194,-1.014539,0.2266918,0.04660428,32.38824,1.22135,-20.5506,1008.344
106.747320652,-2.054024,-6.054506,-24.9364,-1.081573,0.08455037,-0.1435674,32.38824,1.22135,-20.5506,1008.348
106.782081127,6.560315,-7.052453,-28.34908,-0.9659429,0.07878626,-0.08583678,32.01347,1.219704,-20.98081,1008.344
106.814357758,5.444789,-3.354178,-29.68977,-0.9933907,0.0391105,-0.0608644,32.01281,1.584219,-20.98543,1008.344
106.849118233,1.912291,-1.945311,-23.5957,-1.031525,-0.002265318,-0.100176,32.01281,1.584219,-20.98543,1008.344
106.881391525,7.303999,-3.999909,-15.61247,-0.9860984,0.02072394,-0.06630248,31.26368,2.310763,-21.79283,1008.344
106.916151524,6.870183,0.1679888,-13.47954,-0.9981757,0.009496771,-0.08471096,30.89958,3.043783,-21.79655,1008.345
106.948428631,-2.921655,2.809614,-12.87014,-1.027645,0.01440898,-0.0382094,30.89958,3.043783,-21.79655,1008.345
106.980704784,-5.524549,6.683997,-10.00592,-1.001037,0.0008596638,-0.06058197,30.89958,3.043783,-21.79655,1008.345
107.015465736,-11.22613,11.84984,-7.446415,-0.98953,0.02296354,-0.11656,30.92051,3.783279,-20.99657,1008.345
107.047741890,-10.66836,12.78909,-7.933941,-0.9913684,0.005762634,-0.04993927,30.92051,3.783279,-20.99657,1008.343
107.082498550,-8.74718,13.20001,-3.911854,-1.007785,-0.02643823,-0.1134175,30.93051,4.882462,-20.5747,1008.341
107.114775181,-13.51915,18.71807,-2.205514,-1.007775,-0.03128407,-0.1153788,31.29262,5.242989,-20.58483,1008.343
107.149535656,-0.8145506,14.13925,-0.4991745,-1.00743,0.01701188,-0.1441112,31.29262,5.242989,-20.58483,1008.343
107.181811809,-4.780865,15.43071,-2.75398,-0.9947965,0.003619042,-0.1084402,31.68004,4.885755,-19.71427,1008.347
107.214089393,1.106633,14.02184,-1.108582,-0.9827906,0.0243233,-0.1494406,31.67937,5.25027,-19.71889,1008.345
107.248849869,-14.8206,20.65526,-5.496313,-0.9996473,-0.005254556,-0.1524731,31.67937,5.25027,-19.71889,1008.343
107.281122207,4.081368,13.25871,-4.825965,-1.018028,-0.004353974,-0.1567793,32.42719,5.252756,-18.92071,1008.346
107.315882683,0.734791,15.1372,-4.643143,-0.9924164,-0.0209636,-0.2246103,32.80195,5.254402,-18.4905,1008.346
107.348159313,3.957421,11.73244,-5.983838,-0.994883,0.02280747,-0.158125,32.81393,5.260037,-18.05478,1008.346
107.382919788,5.444789,11.38022,-8.177704,-0.9905555,0.02369604,-0.1852019,32.81393,5.260037,-18.05478,1008.348
107.415196419,-8.06547,15.01979,-9.701221,-1.00937,-0.001587684,-0.2046427,33.55093,5.561458,-17.63393,1008.35
107.447526932,-5.71047,11.38022,-12.32167,-1.011816,0.01539368,-0.1895542,32.82537,5.569435,-17.62289,1008.35
107.482282638,-5.524549,7.094916,-15.00306,-1.017133,0.007076341,-0.2118283,32.82537,5.569435,-17.62289,1008.35
107.514559746,-10.85428,2.868316,-17.62351,-1.024469,0.03114556,-0.2430991,33.19775,5.934792,-17.25954,1008.35
107.549319744,-14.75863,-4.293423,-17.37975,-1.034491,-0.0167105,-0.2191777,33.5712,6.665468,-16.83857,1008.348
107.581596851,-19.46862,-0.3603362,-8.665229,-1.044115,-0.03120522,-0.2042527,33.5712,6.665468,-16.83857,1008.348
107.616357326,16.724,-18.79301,-11.83415,-1.13587,-0.06762657,-0.1641367,32.84432,7.402477,-16.83677,1008.35
107.648633957,31.59767,-40.45433,-7.933941,-0.998628,0.1977155,-0.09234168,33.17219,7.746907,-18.09183,1008.351
107.680906773,-36.6973,-31.17929,-20.54867,-1.065707,-0.04962958,-0.05347808,33.17219,7.746907,-18.09183,1008.351
107.715666771,20.25649,-39.6912,-20.79243,-1.061956,-0.2406399,-0.1585115,32.78478,8.104141,-18.96239,1008.351
107.747943878,30.91596,-45.50277,-7.933941,-0.9247232,0.03932318,-0.05617679,31.67221,9.199188,-19.76889,1008.354
107.782703876,3.895448,-40.04342,11.99367,-0.6860266,0.1296852,-0.01121764,31.67221,9.199188,-19.76889,1008.356
107.814980984,-41.34532,-10.33981,23.08488,-0.6175295,-0.04374957,-0.1254761,31.26083,9.545156,-21.5109,1008.359
107.849740505,-57.3965,10.38227,31.12905,-0.8567283,-0.121485,-0.1568261,30.16289,9.187777,-21.86322,1008.363
107.882013798,-185.9919,56.11174,-6.593245,-1.054125,-0.8123664,-0.514206,30.16289,9.187777,-21.86322,1008.363
107.914290905,132.6147,-38.75195,25.82721,-1.601976,-0.5740132,-0.401446,31.27281,9.550791,-21.07518,1008.364
107.949050903,164.3453,-45.91369,29.48365,-0.9648312,0.2718772,0.05787315,31.67719,12.12014,-19.43234,1008.366
107.981328011,46.28543,-18.6169,22.53641,-0.7888875,0.07277276,-0.01083612,31.67719,12.12014,-19.43234,1008.368
108.016088009,-8.995074,-5.995803,11.93273,-1.054274,0.2799825,0.09775398,30.86646,8.074983,-22.73186,1008.37
108.048365116,-66.75452,-5.584884,12.84684,-1.151462,-0.2195995,-0.1572322,30.495,6.250758,-23.13899,1008.37
108.083120823,49.26017,-26.83529,16.50328,-0.9830251,-0.04843516,-0.05655012,30.495,6.250758,-23.13899,1008.367
108.115397930,28.49899,-18.02987,8.946634,-0.9642371,0.2273784,0.06390356,30.50699,6.256392,-22.70326,1008.367
108.147675037,-14.8206,-4.058611,6.448066,-1.007707,-0.0182957,0.004587718,30.84712,5.512103,-23.571,1008.367
108.182435036,5.444789,-3.882503,13.02966,-1.007159,-0.04930014,-0.005741965,30.84712,5.512103,-23.571,1008.367
108.281745434,-13.6431,12.90649,23.08488,-0.9991966,0.05471722,-0.02015429,30.46329,4.837349,-24.36623,1008.369
108.314022541,-17.91928,15.2546,19.85502,-0.9964165,0.09771489,-0.0436043,30.13476,4.857436,-23.11578,1008.369
108.348782062,-15.93612,17.3679,14.67506,-1.002743,0.1239191,-0.01685254,30.86032,4.84946,-23.12681,1008.369
108.381059646,-23.86875,22.88596,9.190397,-0.9993707,0.1175231,-0.05073688,30.86164,4.120428,-23.11758,1008.369
108.415819168,-3.727313,16.83958,1.329047,-1.022587,0.08615607,-0.1480364,30.86164,4.120428,-23.11758,1008.369
108.448096275,41.14162,2.750911,-11.10286,-1.003065,0.2330249,-0.09358167,31.61116,4.12372,-22.25716,1008.371
108.482852459,-1.620208,4.335886,-22.55971,-1.032905,0.1734127,-0.0948232,31.63408,3.769669,-21.44333,1008.367
108.515129566,-33.78453,5.920861,-25.2411,-1.007933,0.04087698,-0.09853122,31.63408,3.769669,-21.44333,1008.365
108.547406673,-2.054024,0.5202054,-24.14417,-1.011649,-0.01470069,-0.07370042,32.34804,4.485892,-21.83707,1008.365
108.582166672,2.965843,1.576855,-18.17198,-1.000975,-0.02673737,-0.06460653,31.99421,5.223742,-21.46731,1008.372
108.614443779,3.275711,-0.06682235,-16.52658,-1.010789,0.02297151,-0.09620969,31.99421,5.223742,-21.46731,1008.37
108.649203300,4.763079,-4.88045,-21.58466,-1.01371,0.01799781,-0.1334565,31.98339,5.522676,-21.84464,1008.372
108.681476593,10.65058,-11.10294,-25.66769,-1.030167,0.04475852,-0.0767065,31.6289,6.625042,-21.47949,1008.375
108.716236591,4.949,-11.27905,-32.06646,-1.022442,0.05206086,-0.07039692,31.6289,6.625042,-21.47949,1008.373
108.748513699,-16.9277,-11.39646,-36.63701,-0.969174,0.02908101,-0.0421195,30.89175,7.35722,-21.85117,1008.373
108.780790806,-16.06007,-14.3316,-46.38752,-1.001524,-0.03678424,-0.1729527,30.51632,7.72009,-22.286,1008.375
108.815550804,6.932157,-31.88373,-56.80838,-1.047958,-0.01107381,-0.1151773,30.51632,7.72009,-22.286,1008.375
108.847827911,23.85097,-46.85294,-65.46197,-1.101126,-0.006736205,-0.07539605,30.51368,9.178154,-22.30446,1008.377
108.882583618,15.85636,-69.33609,-68.56995,-1.03127,-0.09209912,-0.04847596,29.02331,10.99978,-23.61266,1008.371
108.914860725,6.746236,-73.79751,-70.33723,-1.020023,-0.1262428,0.005450799,29.02331,10.99978,-23.61266,1008.371
108.949620724,-20.08836,-82.54422,-64.97444,-0.9314814,-0.2351868,0.3411138,27.1479,12.81494,-25.72455,1008.373
108.981897831,-19.09678,-68.33815,-62.71964,-1.074876,-0.1946694,0.1376422,25.2858,13.90669,-27.39148,1008.373
109.014174461,-53.55413,-85.94898,-69.97158,-1.0567,-0.3507905,0.03422628,25.2858,13.90669,-27.39148,1008.373
109.048934937,-22.19547,-82.192,-76.18753,-1.030204,-0.4795955,0.130608,22.064,16.85242,-27.81541,1008.375
109.081207275,-16.98968,-91.23223,-82.09879,-1.009888,-0.5234874,0.01332246,19.48767,18.3223,-29.0402,1008.375
109.115967751,9.039261,-89.11893,-79.23457,-0.6443073,-0.6650051,0.2128404,19.48767,18.3223,-29.0402,1008.375
109.148244381,33.95267,-75.44118,-76.37035,-0.8781954,-0.5072677,0.2616183,15.44505,21.56433,-30.70097,1008.375
109.183004856,15.60847,-93.58034,-81.12373,-1.004505,-0.4909547,0.1841497,11.78,22.31634,-31.96222,1008.37
109.215281486,21.00018,-96.75029,-83.74418,-0.9512747,-0.450078,0.34912,11.78,22.31634,-31.96222,1008.369
109.247558594,1.168607,-101.3291,-89.89919,-0.9154233,-0.4936702,0.3072191,8.190439,22.3451,-32.71719,1008.369
109.282314300,13.00558,-110.6628,-93.00717,-0.7402371,-0.5531735,0.3074701,3.790226,22.73574,-34.33628,1008.369
109.314591408,20.75228,-113.7741,-93.00717,-0.5849079,-0.371021,0.3773028,3.790226,22.73574,-34.33628,1008.367
109.349351406,-0.8145506,-116.8266,-102.0264,-0.6802753,-0.3170131,0.4015039,-0.56442,23.51264,-34.27933,1008.365
109.381628513,41.32754,-142.3624,-139.2002,-0.5956626,-0.5635344,0.2693914,-5.596804,24.65572,-34.65261,1008.364
109.416388512,25.95807,-145.5323,-128.6575,-0.241473,-0.3832357,0.4809159,-11.40057,24.35502,-34.55975,1008.362
109.448665619,-28.95059,-139.3098,-120.4305,0.3658356,-0.9619999,0.5406136,-11.40057,24.35502,-34.55975,1008.362
109.480938911,76.96239,-123.9297,-76.06565,0.5991554,-0.1194829,0.917149,-17.83122,21.89064,-33.18414,1008.36
109.515698433,-124.0182,-107.082,-65.03539,0.3826626,-0.7908779,0.3283538,-23.97181,20.51165,-32.20045,1008.362
109.547975540,48.82635,-120.2314,-51.20184,0.3902554,-0.7855409,0.7547607,-23.97181,20.51165,-32.20045,1008.362
109.582735538,26.51583,-94.10867,5.473014,0.7340063,-0.5653527,1.322345,-28.57214,20.98275,-27.9006,1008.364
109.615012646,-91.85386,11.08671,21.13478,1.437951,-0.9776019,0.5991275,-31.73912,19.2115,-26.58386,1008.364
109.649772644,116.8115,79.59286,49.65503,0.02259768,-1.262206,-0.2208027,-31.73912,19.2115,-26.58386,1008.364
109.682045937,231.7106,58.81207,21.50042,-0.07565757,-0.7986466,0.994509,-33.53102,20.33626,-25.69868,1008.36
109.714323044,62.27464,41.72955,-23.83947,-0.2897674,-0.3620647,1.200497,-30.39246,19.14645,-30.40297,1008.359
109.749082565,-44.75387,-24.13496,-60.22107,-0.3682507,-0.1220385,1.124197,-30.39246,19.14645,-30.40297,1008.359
109.781359672,-81.75215,-27.36362,-34.01656,-0.1330187,-0.508864,0.8744539,-29.40431,15.52901,-32.05387,1008.359
109.816119671,-123.0886,-22.31518,-11.89509,0.02901198,-0.3597147,0.7671458,-29.67106,14.8194,-30.79511,1008.359
109.848396778,-137.0327,-28.59637,-9.396518,0.2572984,-0.6368494,0.6190796,-29.67106,14.8194,-30.79511,1008.36
109.880670071,-112.739,-21.37593,-2.266455,0.2813542,-0.5351511,0.7636707,-30.33105,17.41199,-28.26427,1008.358
109.915430069,-175.5183,-11.98349,-11.71226,-0.06513785,-0.6994647,0.5502868,-30.99158,20.30834,-25.73729,1008.36
109.947707176,-131.455,-33.3513,-27.98343,0.001189133,-1.169922,0.4691517,-30.99158,20.30834,-25.73729,1008.358
109.982466698,31.28781,-56.42149,-7.933941,0.1501156,-1.000975,0.3600508,-31.60534,22.92267,-21.52579,1008.358
110.014744282,44.92202,-46.97034,24.73028,0.3377753,-1.063784,0.231178,-33.01418,25.14745,-19.85077,1008.354
110.049503803,146.7447,-44.44613,16.01575,0.4793192,-0.5646119,0.3274983,-33.01418,25.14745,-19.85077,1008.35
110.081777096,4.143342,-10.04629,2.547861,0.3538106,-0.4028743,0.4655016,-32.61915,26.25311,-18.6252,1008.35
110.114054203,-95.20044,12.49557,-0.3772931,0.174744,-1.00055,0.3218085,-34.07986,25.89971,-18.972,1008.358
110.148814201,9.163208,1.283342,12.05461,0.08554718,-1.114082,0.3107195,-34.07986,25.89971,-18.972,1008.358
110.181090832,27.75531,-7.228561,18.69715,0.05786692,-0.7965732,0.4933906,-34.05761,25.91018,-18.16279,1008.358
110.215851307,-20.89402,0.05058321,9.860745,0.1798155,-0.8124458,0.5616859,-33.69483,25.90619,-18.16831,1008.358
110.248127460,-42.21295,10.20616,-3.058684,0.1298952,-1.001155,0.4669333,-33.69483,25.90619,-18.16831,1008.354
110.282884121,-23.31099,-4.939153,-9.57934,0.1323473,-1.01078,0.480893,-32.9706,26.62725,-18.18857,1008.352
110.315160751,-6.887969,-11.45516,-15.61247,0.1423476,-0.9503055,0.467679,-33.31139,27.73605,-17.32545,1008.352
110.347437858,-0.5046823,-15.09473,-21.3409,0.0933565,-0.91394,0.3872572,-33.31139,27.73605,-17.32545,1008.352
110.382197380,8.729393,-18.08858,-18.90327,0.1256909,-0.903847,0.3393844,-32.93663,27.7377,-16.89524,1008.35
110.414474964,14.67886,-17.44284,-12.62638,0.248297,-0.8002979,0.3754834,-34.01336,27.02546,-16.49598,1008.352
110.449234485,6.932157,-7.874291,-5.983838,0.3284151,-0.7244593,0.4100661,-34.00005,26.30206,-16.05102,1008.352
110.481507778,-13.3952,1.635558,-2.144573,0.3380842,-0.7185754,0.4245819,-34.00005,26.30206,-16.05102,1008.354
110.516267776,-24.92231,11.49763,1.755632,0.2961956,-0.8200824,0.3515792,-34.71296,25.95116,-15.59965,1008.354
110.548544884,-21.14191,16.01774,7.179354,0.228689,-0.8883919,0.3861438,-33.98741,25.94318,-15.61068,1008.356
110.580821991,-5.400602,9.208217,14.67506,0.1952788,-0.874993,0.3698551,-33.98741,25.94318,-15.61068,1008.356
110.615581989,-3.417444,5.216427,16.0767,0.1942432,-0.8449824,0.3729286,-34.72626,26.67456,-16.04461,1008.358
110.647859096,6.374394,2.5161,13.45625,0.1667442,-0.873631,0.3675072,-34.00138,27.03109,-16.06025,1008.358
110.682614803,9.720971,5.099022,11.32332,0.1281838,-0.911836,0.4074984,-34.00138,27.03109,-16.06025,1008.358
110.714891910,3.399658,3.57275,11.32332,0.1190194,-0.9117672,0.435558,-34.3768,27.39396,-16.49508,1008.358
110.749651909,-4.409023,2.633505,7.971583,0.149562,-0.9504452,0.4202857,-32.92503,27.01349,-16.51252,1008.358
110.781929016,6.188473,0.109286,2.060335,0.1724257,-1.007475,0.4223294,-32.92503,27.01349,-16.51252,1008.36
110.814206123,16.53807,0.2266915,1.999394,0.1811158,-0.9967567,0.4363913,-32.92569,27.37801,-16.51714,1008.357
110.848966122,36.05978,2.046478,4.863607,0.1610507,-0.9166877,0.3759765,-32.93663,27.7377,-16.89524,1008.357
110.881238937,31.84557,3.337939,4.924548,0.1729293,-0.8114818,0.4234427,-32.93663,27.7377,-16.89524,1008.359
110.915998936,17.83952,8.092864,5.655837,0.1617613,-0.7633278,0.5054417,-32.58517,27.36356,-17.33186,1008.359
110.983036041,4.143342,14.13925,8.093465,0.1498172,-0.8385073,0.4649145,-32.60782,26.62326,-18.19408,1008.361
111.015313149,5.940578,8.738595,8.337228,0.1094081,-0.9354926,0.4397948,-31.89254,26.61045,-18.5786,1008.361
111.047590256,33.8907,8.738595,7.910643,0.1297898,-0.9493047,0.4880162,-32.63074,26.97731,-19.00791,1008.359
111.082345963,29.73846,6.566591,8.763813,0.09289848,-0.8742535,0.532032,-32.63074,26.97731,-19.00791,1008.359
111.114623547,15.60847,4.159778,6.021481,0.103058,-0.8561225,0.5901258,-31.91718,26.9637,-19.45467,1008.357
111.149383068,12.81965,9.032108,8.459109,0.1318858,-0.8142915,0.4858788,-31.95313,26.94679,-20.76185,1008.357
111.181659698,26.45386,9.560433,9.860745,0.1100619,-0.7950736,0.4633134,-31.95313,26.94679,-20.76185,1008.356
111.213936806,27.19754,10.26487,10.53109,0.1140535,-0.8004159,0.597187,-30.86414,26.57031,-20.77378,1008.356
111.248696804,28.31307,14.49147,12.96872,0.06277972,-0.8304458,0.4898033,-30.89838,26.55421,-22.01871,1008.354
111.280970096,18.76912,4.746805,5.594896,0.03684259,-0.8718238,0.5824443,-30.89838,26.55421,-22.01871,1008.352
111.315729618,23.66504,6.625294,5.168311,0.0647652,-0.8082376,0.6156194,-30.54759,26.54459,-22.45995,1008.354
111.348006725,29.80044,8.034162,5.229252,0.0462811,-0.783821,0.5534346,-30.20641,26.16562,-23.27006,1008.352
111.382766723,44.36425,6.038266,5.351133,0.08698748,-0.8067943,0.5943084,-30.21707,25.43095,-23.69655,1008.352
111.415043831,35.62597,7.329728,9.068516,0.07024983,-0.6433904,0.7035639,-30.21707,25.43095,-23.69655,1008.352
111.447320938,0.3009753,5.920861,6.935591,0.03211391,-0.6925894,0.6405194,-29.88761,23.952,-24.99079,1008.352
111.482076645,7.242025,6.860106,8.032524,0.06999132,-0.7851511,0.5693294,-29.8992,24.6762,-25.3735,1008.352
111.514354229,28.43702,13.0239,10.22639,0.06298324,-0.9048578,0.5227371,-29.8992,24.6762,-25.3735,1008.35
111.549113750,71.26082,13.66963,14.4313,0.03131004,-0.7759671,0.5989547,-29.24543,24.29874,-25.81472,1008.35
111.581390858,38.29083,8.386378,8.885694,-0.04462292,-0.6247641,1.013802,-28.55584,24.27386,-27.13293,1008.352
111.616150856,58.43227,2.398694,8.824753,0.02228602,-0.6238763,0.6476994,-28.55584,24.27386,-27.13293,1008.352
111.648427963,24.78057,5.920861,7.971583,0.04040264,-0.7240458,0.633071,-27.8499,22.79735,-27.93471,1008.354
111.680701256,31.5357,9.971353,7.544999,0.006113783,-0.7264096,0.6785747,-27.8732,22.42157,-28.80155,1008.352
111.715461254,35.62597,8.621189,6.81371,-0.01019659,-0.5554188,0.7414622,-27.8732,22.42157,-28.80155,1008.352
111.747738361,19.01702,4.864211,3.827616,-0.02111901,-0.6303694,0.7676488,-27.18057,21.66846,-30.04828,1008.352
111.782497883,16.53807,1.400747,5.655837,-0.02130572,-0.530477,0.8281636,-27.19057,20.56928,-30.47016,1008.346
111.814775467,7.613867,1.45945,6.81371,-0.03941089,-0.6598876,0.7834738,-27.19057,20.56928,-30.47016,1008.352
111.849534988,7.242025,4.864211,3.827616,-0.0387946,-0.7345914,0.7298695,-27.19057,20.56928,-30.47016,1008.346
111.881808281,21.86781,2.046478,2.730683,-0.02870737,-0.6796212,0.8060601,-26.83912,20.19514,-30.90678,1008.346
111.914085388,16.90992,5.099022,2.243157,-0.002706916,-0.6326056,0.8062714,-26.83912,20.19514,-30.90678,1008.346
111.948845386,11.82808,7.740647,1.389987,-0.0322795,-0.6281191,0.7270768,-26.85044,19.82499,-31.3379,1008.346
111.981121540,1.23058,-1.886609,0.1711733,-0.00193324,-0.5278513,0.8726131,-26.8727,19.81453,-32.1471,1008.352
112.015882015,-7.817575,-2.76715,-5.31349,-0.04033264,-0.6797379,0.7814292,-26.8727,19.81453,-32.1471,1008.348
112.048158646,1.602422,-2.591042,-2.327396,-0.05983318,-0.6037296,0.8075256,-26.13329,18.77939,-31.70933,1008.356
112.082915306,-1.744156,-8.696131,-0.01164887,-0.05461455,-0.557218,0.8193814,-26.84857,18.7922,-31.32482,1008.356
112.115191937,-5.02876,-8.637427,0.1102325,-0.03649998,-0.6720561,0.7601933,-26.84857,18.7922,-31.32482,1008.357
112.147469044,4.081368,-9.459267,-0.07258957,-0.02012863,-0.6400436,0.768075,-26.85939,19.09113,-31.70214,1008.357
112.182228565,6.684262,-8.696131,1.085284,0.01519752,-0.6486256,0.7761685,-27.21256,19.46446,-31.32776,1008.353
112.214506149,-4.037181,-8.109102,1.389987,0.02534198,-0.6408193,0.7863433,-27.21256,19.46446,-31.32776,1008.355
112.249265671,-13.82902,1.576855,0.414936,0.0368732,-0.626432,0.7380564,-27.55136,19.47972,-30.45079,1008.355
112.281538963,-19.2827,8.797297,-2.327396,0.06254844,-0.6461982,0.7383721,-27.57467,19.10394,-31.31763,1008.355
112.316298961,-4.718892,14.72628,-1.047641,0.00259079,-0.6458726,0.7423707,-27.90216,19.48934,-30.00955,1008.355
112.348576069,13.68729,16.83958,4.2542,-0.01778213,-0.6085683,0.7721164,-27.90216,19.48934,-30.00955,1008.357
112.380853176,3.08979,20.06823,5.10737,-0.005137856,-0.6253371,0.8111524,-27.21256,19.46446,-31.32776,1008.357
112.415613174,-16.61783,24.58834,5.473014,-0.02154727,-0.6540866,0.7665479,-26.84912,19.09596,-31.32866,1008.357
112.447890282,-9.676785,22.35764,5.10737,-0.01576734,-0.6458563,0.7627147,-26.84912,19.09596,-31.32866,1008.357
112.482645988,-14.51073,24.58834,4.558904,-0.06741699,-0.6827713,0.7660003,-25.76211,19.81303,-31.35444,1008.355
112.514923096,-15.9981,22.59245,1.146224,-0.1210948,-0.6819652,0.7637033,-25.4,20.17355,-31.36457,1008.355
112.549683094,3.833474,16.72217,-2.388336,-0.1539998,-0.6743392,0.7570495,-25.4,20.17355,-31.36457,1008.355
112.581960201,31.28781,9.619136,-2.75398,-0.1564585,-0.6588784,0.7518249,-25.04815,20.52925,-31.74818,1008.353
112.614237308,50.80951,3.631453,-1.413285,-0.1381478,-0.6263503,0.7674404,-24.33326,19.78661,-32.18571,1008.353
112.648997307,68.65792,-2.297528,5.594896,-0.1044144,-0.5822602,0.7545656,-24.33326,19.78661,-32.18571,1008.353
112.681270122,73.36792,-3.765098,11.38426,-0.01843572,-0.5032328,0.8684376,-24.73133,19.40918,-33.48276,1008.355
112.716030121,27.69333,10.85189,10.95768,-0.04905881,-0.6314771,0.8929133,-24.03617,17.25876,-34.7118,1008.355
112.748307228,31.5357,17.83752,16.3814,-0.02491927,-0.6105516,0.9069999,-24.03617,17.25876,-34.7118,1008.355
112.780583858,-13.95297,20.65526,13.51719,0.02994496,-0.4844169,0.9535255,-24.40828,15.79905,-35.12354,1008.355
112.815344334,-72.14623,68.43932,12.23743,0.09635084,-0.5529552,0.9500921,-23.69405,15.42092,-35.56569,1008.355
112.847620964,-193.6146,102.3695,11.56709,-0.001965265,-0.5186993,0.8600958,-23.69405,15.42092,-35.56569,1008.355
112.882376671,24.03689,58.04893,15.46729,-0.1094002,-1.057301,0.3805943,-21.87017,16.50016,-35.17139,1008.357
112.914653778,10.96044,65.62159,2.182217,-0.1643368,-0.369753,0.8245512,-18.57771,21.15912,-33.97308,1008.355
112.949413776,-34.90006,73.78128,-3.119625,-0.3601252,-0.8875226,0.5696743,-18.57771,21.15912,-33.97308,1008.355
112.981690884,17.21978,81.76485,0.841521,-0.3849193,-0.8295053,0.5748919,-16.47416,21.49474,-34.4456,1008.355
113.013967991,52.91662,79.24064,6.143362,-0.3368558,-0.6966771,0.6030996,-14.31014,21.82969,-34.91904,1008.353
113.048727989,51.11938,74.1922,13.33437,-0.3606114,-0.4229046,0.7284678,-14.31014,21.82969,-34.91904,1008.353
113.081000805,31.28781,62.15813,24.60839,-0.3863537,-0.341844,0.8227713,-11.81363,19.95745,-36.61523,1008.352
113.115760803,-9.180996,56.34655,33.68856,-0.4268529,-0.4240536,0.7310212,-8.582053,18.50734,-37.95435,1008.352
113.148037910,-23.9927,57.10968,35.63866,-0.3988774,-0.6558463,0.5662407,-8.582053,18.50734,-37.95435,1008.352
113.182797909,3.957421,59.22298,31.98222,-0.4226966,-0.8684691,0.3900782,-6.404731,18.1189,-37.98283,1008.35
113.215075016,32.65123,63.03867,26.8632,-0.4504987,-0.7493294,0.4415766,-4.940315,17.37955,-37.55993,1008.35
113.247352123,60.10556,66.38473,26.92414,-0.6272716,-0.6122068,0.4992996,-4.940315,17.37955,-37.55993,1008.348
113.282107830,54.8378,64.38883,33.87138,-0.6441308,-0.3994618,0.6030346,-2.484259,17.70634,-38.41145,1008.35
113.314385414,33.70478,67.32397,41.61086,-0.6684535,-0.3434477,0.5879355,-0.3046796,15.13,-38.47447,1008.35
113.349144935,33.64281,63.8018,49.77691,-0.702977,-0.2622441,0.588955,2.59057,13.27068,-38.869,1008.348
113.381422043,2.036238,63.62569,53.31147,-0.7619181,-0.2968946,0.5526272,2.59057,13.27068,-38.869,1008.35
113.416182041,6.622289,60.16223,58.43049,-0.7101296,-0.3424784,0.4807074,6.256552,11.0598,-37.65152,1008.353
113.448459148,-5.152707,65.03457,56.90697,-0.8389983,-0.4762456,0.3864375,8.07242,9.94631,-37.66525,1008.353
113.480731487,24.4707,59.6339,57.6992,-0.8298885,-0.4540619,0.3560873,8.07242,9.94631,-37.66525,1008.353
113.515492439,34.01465,62.97997,51.36137,-1.061879,-0.2759463,0.4189968,10.57537,9.930325,-36.83149,1008.353
113.547768593,15.60847,56.05303,49.83785,-1.011249,-0.2030907,0.4550764,13.51513,8.091936,-35.6076,1008.357
113.582529068,5.320842,51.76773,43.07343,-0.9759952,-0.2080633,0.3858404,13.51513,8.091936,-35.6076,1008.357
113.614805698,-8.871127,60.57315,33.68856,-0.8976145,-0.2384333,0.3540753,14.99484,5.535641,-34.7259,1008.354
113.649566173,-8.437311,60.27964,28.44766,-0.9280732,-0.2531611,0.3177992,17.1847,4.849066,-34.3148,1008.356
113.681838512,-5.772444,58.92947,27.04602,-0.9179066,-0.2638326,0.3017632,17.1847,4.849066,-34.3148,1008.356
113.714116096,-1.744156,64.09532,24.48651,-0.8655851,-0.3409736,0.1992062,19.39561,4.841233,-33.10296,1008.357
113.748875618,1.912291,68.49803,19.79408,-0.9404014,-0.4281075,0.1113696,20.85936,4.466398,-32.68468,1008.359
113.781152725,40.45991,70.08301,16.19858,-1.06961,-0.4201017,0.0125887,20.85936,4.466398,-32.68468,1008.361
113.815912723,65.4353,62.39294,10.28733,-1.12653,-0.2814464,-0.007288098,22.36934,4.113297,-30.58574,1008.363
113.848189831,83.09779,50.88719,6.752769,-1.063522,-0.1067382,0.08590627,24.17164,2.657688,-28.91327,1008.363
113.882945538,91.40226,46.8367,-0.2554117,-0.9784367,-0.1256302,0.008265287,24.17164,2.657688,-28.91327,1008.363
113.915223122,95.9883,40.6142,2.730683,-0.9419242,0.006411431,0.09982384,26.02374,0.4667497,-27.66822,1008.369
113.947500229,98.65318,20.42045,8.276287,-0.8434724,0.1290448,0.2187514,26.06499,-2.432473,-26.32411,1008.364
113.982259750,78.75963,13.0826,19.06279,-0.8389841,0.2668914,0.1939033,26.06499,-2.432473,-26.32411,1008.366
114.014536858,21.12412,29.04976,18.75809,-1.162698,0.3359052,0.1268285,27.17954,-4.621068,-25.50376,1008.366
114.081570148,18.64518,5.509942,14.00471,-0.9252359,-0.3223204,0.04183985,27.57092,-7.165398,-24.60551,1008.369
114.113847256,45.29386,-10.33981,22.47547,-1.07698,-0.1748545,-0.01113976,28.29515,-6.444344,-24.62577,1008.369
